1 12.60 2.29891415
2 21.90 2.29349976
3 28.60 2.28783119
4 32.40 2.28173921
5 36.10 2.27496929
6 38.90 2.26728916
7 42.10 2.25837989
8 45.50 2.24781685
9 48.90 2.23507099
10 51.00 2.21949235
11 52.40 2.20014296
12 54.40 2.17576885
13 55.80 2.14476200
14 56.50 2.10508764
15 58.60 2.05430775
16 60.60 1.98960454
17 64.30 1.90853429
18 66.70 1.80927438
19 67.90 1.69074236
20 70.50 1.55794961
21 72.00 1.41594704
22 76.20 1.27888996
23 75.30 1.14983448
24 78.40 1.03723118
25 80.10 0.95022904
26 79.90 0.86612684
27 81.60 0.79758665
28 80.80 0.74464253
29 81.30 0.69912622
30 84.10 0.65548328
31 84.40 0.61788833
32 84.20 0.58764586
33 85.60 0.55707690
34 85.70 0.53120075
35 86.20 0.50628174
36 86.20 0.49116407
37 86.80 0.47145465
38 85.90 0.45951250
39 87.90 0.43155406
40 88.60 0.41376700
41 87.60 0.41242180
61 95.40 0.19533361
81 98.60 0.10543940
101 99.60 0.05934295
121 100.00 0.03297869
141 100.00 0.02046343
161 100.00 0.01407303
181 100.00 0.01034688
201 100.00 0.00805481
221 100.00 0.00652383
241 100.00 0.00538684
261 100.00 0.00456255
281 100.00 0.00393138
301 100.00 0.00343755
321 100.00 0.00304436
341 100.00 0.00272294
361 100.00 0.00245624
381 100.00 0.00223236
401 100.00 0.00204228
421 100.00 0.00187829
441 100.00 0.00173662
461 100.00 0.00161222
481 100.00 0.00150313
501 100.00 0.00140623
521 100.00 0.00131980
541 100.00 0.00124254
561 100.00 0.00117272
581 100.00 0.00110979
600 100.00 0.00105524
