1 10.00 2.29854676
2 10.00 2.29289917
3 34.93 2.28122457
4 33.84 2.24651935
5 22.27 2.06227507
6 44.65 1.38701725
7 54.16 1.08083822
8 64.71 0.92078673
9 62.47 0.91607026
10 63.82 0.86793911
11 67.74 0.87376602
12 70.86 0.78665154
13 65.92 1.04481885
14 71.88 0.73731329
15 72.55 0.77552484
16 76.27 0.66461531
17 75.94 0.67123099
18 74.22 0.67502442
19 76.94 0.64464263
20 77.39 0.61980886
21 78.59 0.60243552
22 79.11 0.58532772
23 80.20 0.55255508
24 80.76 0.54511023
25 79.40 0.58132515
26 82.23 0.50887785
27 79.32 0.58088541
28 82.27 0.50299935
29 82.27 0.49031266
30 83.29 0.47854010
31 76.91 0.60724748
32 82.75 0.47949680
33 81.35 0.51942862
34 84.29 0.44477054
35 84.79 0.42932436
36 83.91 0.45306545
37 82.64 0.47354848
38 85.11 0.42058565
39 85.13 0.42251497
40 84.17 0.43245147
