1 49.60 6.11413348
2 49.50 5.79600303
3 43.90 5.52218306
4 36.10 5.29180329
5 44.40 5.09782782
6 41.10 5.10163870
7 51.50 4.62125993
8 41.20 4.77390578
9 43.80 4.59213964
10 44.40 4.41393315
11 53.70 4.34271022
12 45.80 4.75142293
13 56.30 3.88196485
14 60.80 3.71625847
15 58.80 3.78184819
16 63.30 3.55352732
17 67.60 3.29922422
18 63.00 3.37962503
19 58.80 3.36002073
20 79.80 2.86495838
21 65.50 2.96387647
22 69.90 2.76363816
23 85.30 2.36850830
24 79.60 2.47861148
25 89.30 2.16204627
26 87.90 2.09543316
27 77.40 2.52764154
28 85.50 2.06657070
29 82.80 2.08457526
30 78.60 2.15549164
401 100.00 0.38931892
801 100.00 0.33834889
1201 99.90 0.35540645
1601 100.00 0.32906951
2001 100.00 0.31820723
2401 99.60 0.36739334
2801 100.00 0.31565110
3201 95.40 0.45516826
3601 94.20 0.58289618
4001 98.70 0.35072115
4401 100.00 0.31988428
4801 100.00 0.30995981
5201 100.00 0.32351580
5601 100.00 0.31070719
6001 100.00 0.31125557
6401 100.00 0.31581597
6801 100.00 0.30593602
7200 100.00 0.30543262
