1 47.40 3.02679105
2 36.00 2.77854323
3 37.60 2.77197351
4 46.40 2.44187737
5 45.20 2.08520012
6 54.40 2.17862577
7 53.40 2.03724854
8 48.60 2.31970077
9 77.20 1.59895351
10 68.80 1.76934803
11 79.80 1.31066544
12 70.00 1.50747206
13 87.00 1.18459604
14 76.40 1.42353394
15 94.60 0.99975996
16 85.00 1.17143579
17 96.40 0.90317003
18 97.20 0.87291170
19 95.00 0.90755800
20 96.80 0.85751662
201 100.00 0.28365605
401 100.00 0.19165459
601 100.00 0.18638963
801 100.00 0.11337829
1001 99.20 0.23455899
1201 28.20 2.53161969
1401 96.20 0.21122897
1601 100.00 0.13294673
1801 99.80 0.13421979
2001 100.00 0.10156292
2201 100.00 0.09305808
2401 100.00 0.11611382
2601 100.00 0.10639355
2801 100.00 0.09221270
3001 100.00 0.09287324
3201 100.00 0.10574110
3401 100.00 0.09206594
3600 100.00 0.09124626
