1 10.00 2.30127690
81 100.00 0.00087512
161 100.00 0.00026929
241 100.00 0.00015006
321 100.00 0.00010160
401 100.00 0.00007575
481 100.00 0.00005988
561 100.00 0.00004925
641 100.00 0.00004166
721 100.00 0.00003599
801 100.00 0.00003159
881 100.00 0.00002810
961 100.00 0.00002527
1041 100.00 0.00002292
1121 100.00 0.00002095
1201 100.00 0.00001927
1281 100.00 0.00001782
1361 100.00 0.00001656
1441 100.00 0.00001546
1521 100.00 0.00001448
1601 100.00 0.00001362
1681 100.00 0.00001285
1761 100.00 0.00001215
1841 100.00 0.00001153
1921 100.00 0.00001095
2001 100.00 0.00001043
2081 100.00 0.00000996
2161 100.00 0.00000952
2241 100.00 0.00000912
2321 100.00 0.00000875
2400 100.00 0.00000841
