1 19.80 2.29815939
2 26.77 2.28872431
3 37.33 2.24991681
4 33.25 1.87001775
5 43.60 1.44938214
6 59.72 1.05081230
7 68.67 0.89224309
8 72.22 0.74258006
9 85.15 0.50055823
10 85.55 0.43242143
11 90.75 0.30580626
12 94.40 0.19070797
13 96.33 0.14319815
14 97.70 0.09607153
15 98.35 0.07833376
16 96.00 0.15831238
17 98.58 0.04849687
18 98.50 0.05116250
19 99.95 0.00994289
20 100.00 0.00405085
21 100.00 0.00288954
22 100.00 0.00225268
23 100.00 0.00188808
24 100.00 0.00161019
25 100.00 0.00141229
26 100.00 0.00124899
27 100.00 0.00113182
28 100.00 0.00102570
29 100.00 0.00094092
30 100.00 0.00086649
31 100.00 0.00080500
32 100.00 0.00075108
33 100.00 0.00070157
34 100.00 0.00065840
35 100.00 0.00062052
36 100.00 0.00058694
37 100.00 0.00055603
38 100.00 0.00052887
39 100.00 0.00050388
40 100.00 0.00048030
41 100.00 0.00045915
61 100.00 0.00023881
81 100.00 0.00015763
101 100.00 0.00011615
121 100.00 0.00009119
141 100.00 0.00007464
161 100.00 0.00006291
181 100.00 0.00005420
201 100.00 0.00004749
221 100.00 0.00004217
241 100.00 0.00003786
261 100.00 0.00003430
281 100.00 0.00003132
301 100.00 0.00002879
321 100.00 0.00002661
341 100.00 0.00002472
361 100.00 0.00002306
381 100.00 0.00002160
401 100.00 0.00002030
421 100.00 0.00001914
441 100.00 0.00001810
461 100.00 0.00001716
481 100.00 0.00001630
501 100.00 0.00001552
521 100.00 0.00001481
541 100.00 0.00001416
561 100.00 0.00001355
581 100.00 0.00001300
600 100.00 0.00001251
