1 26.00 29.68271751
2 47.00 19.96106949
3 26.40 12.86761456
4 27.40 7.99017324
5 10.00 4.96627560
6 10.00 3.22508349
7 10.00 2.51133161
8 10.00 2.37150822
9 10.00 2.37005334
10 10.00 2.36954231
11 10.00 2.36934977
12 10.00 2.36931467
13 10.00 2.36939578
14 10.00 2.36920853
15 10.00 2.36932430
16 10.00 2.36933255
17 10.00 2.36925058
18 10.00 2.36925759
19 10.00 2.36932602
20 10.00 2.36933184
201 10.00 2.36924877
401 10.00 2.36937256
601 10.00 2.36922665
801 10.00 2.36931801
1001 10.00 2.36931810
1201 10.00 2.36939535
1401 10.00 2.36935062
1601 10.00 2.36933713
1801 10.00 2.36927652
2001 10.00 2.36936841
2201 10.00 2.36928787
2401 10.00 2.36939645
2601 10.00 2.36930990
2801 10.00 2.36935520
3001 10.00 2.36922159
3201 10.00 2.36937199
3401 10.00 2.36926265
3600 10.00 2.36929383
