1 47.08 1.18721812
2 58.08 1.03217228
3 68.59 0.81972060
5 77.82 0.59949495
7 80.37 0.54492375
9 82.19 0.50798252
11 77.16 0.62239286
13 77.37 0.63309004
15 82.07 0.49443899
17 81.89 0.47522420
19 87.37 0.35885631
21 85.92 0.35997896
23 89.07 0.29109626
25 87.62 0.32309789
27 89.02 0.30096146
29 73.09 0.69353114
31 83.14 0.45593222
33 90.42 0.26355179
35 82.21 0.58916019
37 80.04 0.54414806
39 85.31 0.40111794
41 84.26 0.64440361
43 90.97 0.23654671
45 83.13 0.52264326
47 91.74 0.22260042
49 90.88 0.27665689
51 87.30 0.34552711
53 88.14 0.31601943
55 91.83 0.21886716
57 92.94 0.19068223
59 91.18 0.22955167
61 93.16 0.18418169
63 92.98 0.19360149
65 79.93 0.69791324
67 89.88 0.32084431
69 92.07 0.21923640
71 90.85 0.25213149
73 91.70 0.23553708
75 90.02 0.29785661
77 87.60 0.51647589
79 89.15 0.31430083
81 79.37 0.88836628
83 90.32 0.25927242
85 92.12 0.23814580
87 92.23 0.19165207
89 93.61 0.17790832
91 93.91 0.17279303
93 93.70 0.16144638
95 93.99 0.16645322
97 92.31 0.19708507
99 92.17 0.22261239
101 85.13 0.59446649
103 92.28 0.21493710
105 90.29 0.28574150
107 91.08 0.24802497
109 93.34 0.20305831
111 94.40 0.22183445
113 93.04 0.20867932
115 96.04 0.10776319
117 93.23 0.19068795
119 94.15 0.15567496
121 86.13 0.72945308
123 96.22 0.10242863
125 95.90 0.11732401
127 97.15 0.07623376
129 86.38 0.52945518
131 95.28 0.13558334
133 96.00 0.12554554
135 95.28 0.12126853
137 92.91 0.24586892
139 96.15 0.11396629
141 98.62 0.03977272
143 90.11 0.50692847
145 90.96 0.32379758
147 98.40 0.04392273
149 97.40 0.06758433
151 86.11 0.57518183
153 97.88 0.05952049
155 97.28 0.10494225
157 95.25 0.15544280
159 98.97 0.02914841
161 96.48 0.11016173
163 98.51 0.04203790
165 97.10 0.08849414
167 96.30 0.12414757
169 98.38 0.04310633
171 98.26 0.04900380
173 99.13 0.02727460
175 98.96 0.02842723
177 92.02 0.39106256
179 93.76 0.50340929
181 97.76 0.06834888
183 99.64 0.01230935
185 92.17 0.30272514
187 95.34 0.13669904
189 97.40 0.07388877
191 99.61 0.01598058
193 97.27 0.08777026
195 91.00 0.36043198
197 98.90 0.03639512
199 97.77 0.05832648
200 86.17 0.57306251
