1 46.00 29.66010208
2 16.40 19.94374809
3 29.40 12.83590927
4 16.40 8.01420727
5 10.00 4.90018444
6 10.00 3.20735402
7 10.00 2.50419555
8 10.00 2.36963658
9 10.00 2.36943455
10 10.00 2.36929212
11 10.00 2.36935797
12 10.00 2.36935496
13 10.00 2.36937442
14 10.00 2.36930757
15 10.00 2.36932158
16 10.00 2.36926727
17 10.00 2.36932793
18 10.00 2.36930761
19 10.00 2.36932325
20 10.00 2.36933780
201 10.00 2.36925416
401 10.00 2.36933155
601 10.00 2.36938024
801 10.00 2.36930380
1001 10.00 2.36937723
1201 10.00 2.36929836
1401 10.00 2.36930485
1601 10.00 2.36923919
1801 10.00 2.36927176
2001 10.00 2.36936250
2201 10.00 2.36926098
2401 10.00 2.36935148
2601 10.00 2.36927495
2801 10.00 2.36931486
3001 10.00 2.36930885
3201 10.00 2.36936097
3401 10.00 2.36932888
3600 10.00 2.36931229
