1 88.41 0.38967243
5 96.12 0.13393518
9 97.38 0.09010852
13 98.21 0.06011076
17 98.72 0.04352257
21 99.37 0.02475253
25 99.64 0.01747840
29 99.88 0.00963474
33 99.96 0.00598698
37 99.98 0.00418877
41 99.99 0.00349155
45 100.00 0.00251071
49 100.00 0.00199172
53 100.00 0.00169742
57 100.00 0.00147271
61 100.00 0.00122636
65 100.00 0.00108082
69 100.00 0.00097381
73 100.00 0.00087522
77 100.00 0.00078953
81 100.00 0.00072065
85 100.00 0.00066310
89 100.00 0.00061380
93 100.00 0.00056917
97 100.00 0.00054014
101 100.00 0.00050753
105 100.00 0.00046961
109 100.00 0.00044045
113 100.00 0.00041547
117 100.00 0.00039595
120 100.00 0.00037864
