1 13.00 2.30256116
2 13.00 2.30251586
3 13.00 2.30247056
4 13.00 2.30242532
5 13.00 2.30238044
6 13.00 2.30233526
7 13.00 2.30229032
8 13.00 2.30224568
9 13.00 2.30220211
10 13.00 2.30215859
11 13.00 2.30211538
12 13.00 2.30207235
13 13.00 2.30202955
14 13.00 2.30198640
15 13.00 2.30194300
16 14.00 2.30189997
17 14.00 2.30185682
18 14.00 2.30181408
19 14.00 2.30177212
20 16.00 2.30173057
21 18.00 2.30168951
41 26.00 2.30089587
61 28.00 2.30011469
81 29.00 2.29933983
101 30.00 2.29855144
121 32.00 2.29771757
141 32.00 2.29681885
161 38.00 2.29583919
181 43.00 2.29474765
201 47.00 2.29352492
221 50.00 2.29215282
241 53.00 2.29057038
261 57.00 2.28868186
281 62.00 2.28643167
301 65.00 2.28377122
321 68.00 2.28054434
341 76.00 2.27654213
361 74.00 2.27145207
381 70.00 2.26481390
401 68.00 2.25587195
421 66.00 2.24332666
441 61.00 2.22488940
461 54.00 2.19583994
481 50.00 2.14689744
501 41.00 2.06568873
521 44.00 1.95132595
541 48.00 1.79080626
561 49.00 1.54496613
581 74.00 1.24149817
601 82.00 0.91537103
621 87.00 0.61504750
641 93.00 0.39706808
661 97.00 0.25569062
681 99.00 0.15751045
701 100.00 0.10155318
721 100.00 0.06637852
741 100.00 0.04569432
761 100.00 0.03341034
781 100.00 0.02550749
801 100.00 0.02014880
821 100.00 0.01640374
841 100.00 0.01366281
861 100.00 0.01159752
881 100.00 0.01000842
901 100.00 0.00875181
921 100.00 0.00773863
941 100.00 0.00690983
961 100.00 0.00622074
981 100.00 0.00564186
1001 100.00 0.00514957
1021 100.00 0.00472716
1041 100.00 0.00436111
1061 100.00 0.00404132
1081 100.00 0.00376008
1101 100.00 0.00351116
1121 100.00 0.00328958
1141 100.00 0.00309124
1161 100.00 0.00291300
1181 100.00 0.00275193
1201 100.00 0.00260580
1221 100.00 0.00247270
1241 100.00 0.00235118
1261 100.00 0.00223984
1281 100.00 0.00213732
1301 100.00 0.00204284
1321 100.00 0.00195557
1341 100.00 0.00187458
1361 100.00 0.00179936
1381 100.00 0.00172932
1401 100.00 0.00166395
1421 100.00 0.00160286
1441 100.00 0.00154562
1461 100.00 0.00149187
1481 100.00 0.00144139
1501 100.00 0.00139385
1521 100.00 0.00134898
1541 100.00 0.00130664
1561 100.00 0.00126662
1581 100.00 0.00122870
1601 100.00 0.00119278
1621 100.00 0.00115868
1641 100.00 0.00112627
1661 100.00 0.00109544
1681 100.00 0.00106607
1701 100.00 0.00103809
1721 100.00 0.00101139
1741 100.00 0.00098590
1761 100.00 0.00096152
1781 100.00 0.00093820
1801 100.00 0.00091588
1821 100.00 0.00089448
1841 100.00 0.00087395
1861 100.00 0.00085427
1881 100.00 0.00083535
1901 100.00 0.00081716
1921 100.00 0.00079967
1941 100.00 0.00078286
1961 100.00 0.00076666
1981 100.00 0.00075105
2001 100.00 0.00073601
2021 100.00 0.00072148
2041 100.00 0.00070746
2061 100.00 0.00069393
2081 100.00 0.00068085
2101 100.00 0.00066820
2121 100.00 0.00065598
2141 100.00 0.00064414
2161 100.00 0.00063269
2181 100.00 0.00062160
2201 100.00 0.00061084
2221 100.00 0.00060043
2241 100.00 0.00059032
2261 100.00 0.00058053
2281 100.00 0.00057102
2301 100.00 0.00056177
2321 100.00 0.00055280
2341 100.00 0.00054409
2361 100.00 0.00053562
2381 100.00 0.00052738
2401 100.00 0.00051936
2421 100.00 0.00051155
2441 100.00 0.00050397
2461 100.00 0.00049658
2481 100.00 0.00048939
2501 100.00 0.00048237
2521 100.00 0.00047554
2541 100.00 0.00046888
2561 100.00 0.00046239
2581 100.00 0.00045606
2601 100.00 0.00044988
2621 100.00 0.00044385
2641 100.00 0.00043796
2661 100.00 0.00043222
2681 100.00 0.00042661
2701 100.00 0.00042112
2721 100.00 0.00041577
2741 100.00 0.00041053
2761 100.00 0.00040541
2781 100.00 0.00040042
2801 100.00 0.00039552
2821 100.00 0.00039074
2841 100.00 0.00038606
2861 100.00 0.00038148
2881 100.00 0.00037700
2901 100.00 0.00037260
2921 100.00 0.00036830
2941 100.00 0.00036409
2961 100.00 0.00035998
2981 100.00 0.00035593
3001 100.00 0.00035197
3021 100.00 0.00034809
3041 100.00 0.00034430
3061 100.00 0.00034057
3081 100.00 0.00033691
3101 100.00 0.00033332
3121 100.00 0.00032981
3141 100.00 0.00032637
3161 100.00 0.00032297
3181 100.00 0.00031964
3201 100.00 0.00031638
3221 100.00 0.00031317
3241 100.00 0.00031004
3261 100.00 0.00030696
3281 100.00 0.00030392
3301 100.00 0.00030094
3321 100.00 0.00029802
3341 100.00 0.00029514
3361 100.00 0.00029232
3381 100.00 0.00028954
3401 100.00 0.00028682
3421 100.00 0.00028412
3441 100.00 0.00028149
3461 100.00 0.00027890
3481 100.00 0.00027635
3501 100.00 0.00027383
3521 100.00 0.00027136
3541 100.00 0.00026893
3561 100.00 0.00026654
3581 100.00 0.00026419
3601 100.00 0.00026188
3621 100.00 0.00025960
3641 100.00 0.00025735
3661 100.00 0.00025514
3681 100.00 0.00025298
3701 100.00 0.00025084
3721 100.00 0.00024874
3741 100.00 0.00024666
3761 100.00 0.00024462
3781 100.00 0.00024261
3801 100.00 0.00024063
3821 100.00 0.00023867
3841 100.00 0.00023674
3861 100.00 0.00023485
3881 100.00 0.00023298
3901 100.00 0.00023113
3921 100.00 0.00022932
3941 100.00 0.00022752
3961 100.00 0.00022575
3981 100.00 0.00022402
4001 100.00 0.00022231
4021 100.00 0.00022061
4041 100.00 0.00021894
4061 100.00 0.00021730
4081 100.00 0.00021567
4101 100.00 0.00021406
4121 100.00 0.00021249
4141 100.00 0.00021093
4161 100.00 0.00020939
4181 100.00 0.00020787
4201 100.00 0.00020637
4221 100.00 0.00020489
4241 100.00 0.00020343
4261 100.00 0.00020199
4281 100.00 0.00020056
4301 100.00 0.00019916
4321 100.00 0.00019777
4341 100.00 0.00019641
4361 100.00 0.00019504
4381 100.00 0.00019371
4401 100.00 0.00019239
4421 100.00 0.00019110
4441 100.00 0.00018981
4461 100.00 0.00018853
4481 100.00 0.00018728
4501 100.00 0.00018603
4521 100.00 0.00018482
4541 100.00 0.00018360
4561 100.00 0.00018241
4581 100.00 0.00018121
4601 100.00 0.00018006
4621 100.00 0.00017890
4641 100.00 0.00017775
4661 100.00 0.00017663
4681 100.00 0.00017552
4701 100.00 0.00017441
4721 100.00 0.00017332
4741 100.00 0.00017224
4761 100.00 0.00017118
4781 100.00 0.00017012
4801 100.00 0.00016907
4821 100.00 0.00016805
4841 100.00 0.00016702
4861 100.00 0.00016602
4881 100.00 0.00016502
4901 100.00 0.00016404
4921 100.00 0.00016307
4941 100.00 0.00016210
4961 100.00 0.00016114
4981 100.00 0.00016020
5001 100.00 0.00015927
5021 100.00 0.00015834
5041 100.00 0.00015742
5061 100.00 0.00015653
5081 100.00 0.00015562
5101 100.00 0.00015475
5121 100.00 0.00015386
5141 100.00 0.00015299
5161 100.00 0.00015213
5181 100.00 0.00015128
5201 100.00 0.00015044
5221 100.00 0.00014960
5241 100.00 0.00014879
5261 100.00 0.00014797
5281 100.00 0.00014716
5301 100.00 0.00014635
5321 100.00 0.00014557
5341 100.00 0.00014478
5361 100.00 0.00014400
5381 100.00 0.00014323
5401 100.00 0.00014247
5421 100.00 0.00014172
5441 100.00 0.00014097
5461 100.00 0.00014023
5481 100.00 0.00013950
5501 100.00 0.00013877
5521 100.00 0.00013806
5541 100.00 0.00013734
5561 100.00 0.00013664
5581 100.00 0.00013593
5601 100.00 0.00013524
5621 100.00 0.00013455
5641 100.00 0.00013387
5661 100.00 0.00013320
5681 100.00 0.00013253
5701 100.00 0.00013186
5721 100.00 0.00013121
5741 100.00 0.00013056
5761 100.00 0.00012992
5781 100.00 0.00012928
5801 100.00 0.00012865
5821 100.00 0.00012802
5841 100.00 0.00012741
5861 100.00 0.00012678
5881 100.00 0.00012618
5901 100.00 0.00012557
5921 100.00 0.00012497
5941 100.00 0.00012438
5961 100.00 0.00012378
5981 100.00 0.00012320
6000 100.00 0.00012265
