41 100.00 0.00000307
42 100.00 0.00000299
43 100.00 0.00000293
44 100.00 0.00000289
45 100.00 0.00000283
46 100.00 0.00000279
47 100.00 0.00000275
48 100.00 0.00000271
49 100.00 0.00000267
50 100.00 0.00000264
51 100.00 0.00000261
52 100.00 0.00000258
53 100.00 0.00000255
54 100.00 0.00000253
55 100.00 0.00000250
56 100.00 0.00000248
57 100.00 0.00000246
58 100.00 0.00000244
59 100.00 0.00000242
60 100.00 0.00000239
61 100.00 0.00000237
62 100.00 0.00000235
63 100.00 0.00000233
64 100.00 0.00000231
65 100.00 0.00000229
66 100.00 0.00000227
91 100.00 0.00000196
116 100.00 0.00000173
141 100.00 0.00000157
166 100.00 0.00000144
191 100.00 0.00000134
216 100.00 0.00000125
241 100.00 0.00000118
266 100.00 0.00000111
291 100.00 0.00000105
316 100.00 0.00000100
341 100.00 0.00000096
366 100.00 0.00000092
391 100.00 0.00000088
416 100.00 0.00000085
441 100.00 0.00000082
466 100.00 0.00000079
491 100.00 0.00000076
516 100.00 0.00000074
541 100.00 0.00000072
566 100.00 0.00000069
591 100.00 0.00000068
616 100.00 0.00000066
641 100.00 0.00000064
666 100.00 0.00000063
691 100.00 0.00000061
716 100.00 0.00000060
741 100.00 0.00000059
766 100.00 0.00000057
791 100.00 0.00000056
816 100.00 0.00000055
841 100.00 0.00000054
866 100.00 0.00000053
891 100.00 0.00000052
916 100.00 0.00000051
941 100.00 0.00000049
966 100.00 0.00000048
991 100.00 0.00000047
1016 100.00 0.00000046
1040 100.00 0.00000046
