36.6 2.28331047
52.2 2.25574671
60.5 2.20005645
64.5 2.05893798
68.9 1.69195527
69.8 1.16631886
71.6 0.89405996
76.3 0.71875581
79.1 0.60548729
82.2 0.54142483
84.8 0.45819714
87.4 0.40168579
87.2 0.37990177
89.2 0.33477095
90.5 0.30559374
91.8 0.26597554
93.0 0.22928425
93.9 0.21235495
94.3 0.19406926
94.6 0.18181563
95.8 0.15094786
96.9 0.12413872
96.7 0.11829031
97.3 0.10747760
97.3 0.09818643
97.3 0.09278909
97.5 0.08566284
97.7 0.07809786
98.3 0.07172582
98.5 0.06496440
98.9 0.05853041
99.0 0.05199984
99.3 0.04587174
99.6 0.03987367
99.8 0.03451260
99.9 0.02996535
99.9 0.02634123
99.9 0.02317192
99.9 0.02064745
100.0 0.01846803
100.0 0.01671894
100.0 0.01522970
100.0 0.01400285
100.0 0.01294384
100.0 0.01205236
100.0 0.01126690
100.0 0.01056555
100.0 0.00994964
100.0 0.00939324
100.0 0.00887847
100.0 0.00842218
100.0 0.00799322
100.0 0.00760142
100.0 0.00723603
100.0 0.00689720
100.0 0.00658338
100.0 0.00629281
100.0 0.00602407
100.0 0.00576613
100.0 0.00553223
100.0 0.00531124
100.0 0.00510112
100.0 0.00490553
100.0 0.00472647
100.0 0.00455260
100.0 0.00439270
100.0 0.00424358
100.0 0.00410057
100.0 0.00396606
100.0 0.00384053
100.0 0.00372088
100.0 0.00360810
100.0 0.00350132
100.0 0.00340139
100.0 0.00330406
100.0 0.00321355
100.0 0.00312687
100.0 0.00304435
100.0 0.00296619
100.0 0.00289067
100.0 0.00281964
100.0 0.00275106
100.0 0.00268541
100.0 0.00262338
100.0 0.00256306
100.0 0.00250596
100.0 0.00245026
100.0 0.00239776
100.0 0.00234689
100.0 0.00229774
100.0 0.00225075
100.0 0.00220522
100.0 0.00216181
100.0 0.00211944
100.0 0.00207898
100.0 0.00203959
100.0 0.00200158
100.0 0.00196505
100.0 0.00192954
100.0 0.00189538
100.0 0.00186207
100.0 0.00182996
100.0 0.00179885
100.0 0.00176877
100.0 0.00173944
100.0 0.00171102
100.0 0.00168331
100.0 0.00165643
100.0 0.00163058
100.0 0.00160526
100.0 0.00158065
100.0 0.00155675
100.0 0.00153350
100.0 0.00151082
100.0 0.00148886
100.0 0.00146734
100.0 0.00144654
100.0 0.00142608
100.0 0.00140631
100.0 0.00138683
100.0 0.00136795
100.0 0.00134963
100.0 0.00133166
100.0 0.00131403
100.0 0.00129695
100.0 0.00128022
100.0 0.00126390
100.0 0.00124787
100.0 0.00123230
100.0 0.00121701
100.0 0.00120207
100.0 0.00118754
100.0 0.00117326
100.0 0.00115930
100.0 0.00114568
100.0 0.00113224
100.0 0.00111920
100.0 0.00110636
100.0 0.00109381
100.0 0.00108154
100.0 0.00106952
100.0 0.00105766
100.0 0.00104607
100.0 0.00103475
100.0 0.00102364
100.0 0.00101270
100.0 0.00100200
100.0 0.00099151
100.0 0.00098120
100.0 0.00097107
100.0 0.00096116
100.0 0.00095142
100.0 0.00094188
100.0 0.00093247
100.0 0.00092324
100.0 0.00091417
100.0 0.00090529
100.0 0.00089654
100.0 0.00088794
100.0 0.00087950
100.0 0.00087122
100.0 0.00086305
100.0 0.00085504
100.0 0.00084713
100.0 0.00083937
100.0 0.00083178
100.0 0.00082426
100.0 0.00081686
100.0 0.00080961
100.0 0.00080244
100.0 0.00079544
100.0 0.00078849
100.0 0.00078170
100.0 0.00077496
100.0 0.00076835
100.0 0.00076186
100.0 0.00075545
100.0 0.00074911
100.0 0.00074291
100.0 0.00073678
100.0 0.00073075
100.0 0.00072482
100.0 0.00071894
100.0 0.00071319
100.0 0.00070748
100.0 0.00070189
100.0 0.00069635
100.0 0.00069090
100.0 0.00068553
100.0 0.00068024
100.0 0.00067500
100.0 0.00066987
100.0 0.00066477
100.0 0.00065976
100.0 0.00065482
100.0 0.00064995
100.0 0.00064514
100.0 0.00064039
100.0 0.00063570
100.0 0.00063107
100.0 0.00062651
100.0 0.00062201
100.0 0.00061757
100.0 0.00061319
100.0 0.00060884
100.0 0.00060458
100.0 0.00060034
100.0 0.00059617
100.0 0.00059206
100.0 0.00058799
100.0 0.00058398
100.0 0.00058001
100.0 0.00057609
100.0 0.00057221
100.0 0.00056840
100.0 0.00056461
100.0 0.00056088
100.0 0.00055720
100.0 0.00055355
100.0 0.00054995
100.0 0.00054640
100.0 0.00054287
100.0 0.00053940
100.0 0.00053596
100.0 0.00053256
100.0 0.00052921
100.0 0.00052589
100.0 0.00052260
100.0 0.00051935
100.0 0.00051614
100.0 0.00051297
100.0 0.00050983
100.0 0.00050672
100.0 0.00050366
100.0 0.00050062
100.0 0.00049762
100.0 0.00049464
100.0 0.00049170
100.0 0.00048880
100.0 0.00048593
100.0 0.00048307
100.0 0.00048026
100.0 0.00047747
100.0 0.00047471
100.0 0.00047198
100.0 0.00046929
100.0 0.00046661
100.0 0.00046396
100.0 0.00046134
100.0 0.00045876
100.0 0.00045618
100.0 0.00045365
100.0 0.00045114
100.0 0.00044864
100.0 0.00044618
100.0 0.00044374
100.0 0.00044133
100.0 0.00043893
100.0 0.00043657
100.0 0.00043422
100.0 0.00043189
100.0 0.00042959
100.0 0.00042733
100.0 0.00042506
100.0 0.00042283
100.0 0.00042061
100.0 0.00041842
100.0 0.00041624
100.0 0.00041409
100.0 0.00041196
100.0 0.00040985
100.0 0.00040775
100.0 0.00040568
100.0 0.00040363
100.0 0.00040159
100.0 0.00039958
100.0 0.00039758
100.0 0.00039560
100.0 0.00039363
100.0 0.00039169
100.0 0.00038976
100.0 0.00038785
100.0 0.00038596
100.0 0.00038408
100.0 0.00038222
100.0 0.00038038
100.0 0.00037855
100.0 0.00037674
100.0 0.00037494
100.0 0.00037316
100.0 0.00037140
100.0 0.00036965
100.0 0.00036791
100.0 0.00036619
100.0 0.00036449
100.0 0.00036279
100.0 0.00036111
100.0 0.00035945
100.0 0.00035781
100.0 0.00035617
100.0 0.00035455
100.0 0.00035294
100.0 0.00035134
100.0 0.00034976
100.0 0.00034819
100.0 0.00034664
100.0 0.00034509
100.0 0.00034356
100.0 0.00034204
100.0 0.00034053
100.0 0.00033903
100.0 0.00033756
100.0 0.00033608
100.0 0.00033462
100.0 0.00033317
100.0 0.00033174
100.0 0.00033031
100.0 0.00032890
100.0 0.00032749
100.0 0.00032610
100.0 0.00032472
100.0 0.00032335
100.0 0.00032198
100.0 0.00032063
100.0 0.00031929
100.0 0.00031796
100.0 0.00031664
100.0 0.00031533
100.0 0.00031403
100.0 0.00031274
100.0 0.00031146
100.0 0.00031018
100.0 0.00030892
100.0 0.00030767
100.0 0.00030642
100.0 0.00030519
100.0 0.00030397
100.0 0.00030275
100.0 0.00030154
100.0 0.00030034
100.0 0.00029915
100.0 0.00029797
100.0 0.00029679
100.0 0.00029563
100.0 0.00029447
100.0 0.00029332
100.0 0.00029218
100.0 0.00029105
100.0 0.00028992
100.0 0.00028881
100.0 0.00028770
100.0 0.00028660
100.0 0.00028550
100.0 0.00028442
100.0 0.00028334
100.0 0.00028227
100.0 0.00028120
100.0 0.00028014
100.0 0.00027910
100.0 0.00027805
100.0 0.00027702
100.0 0.00027599
100.0 0.00027497
100.0 0.00027395
100.0 0.00027295
100.0 0.00027195
100.0 0.00027096
100.0 0.00026997
100.0 0.00026898
100.0 0.00026801
100.0 0.00026704
100.0 0.00026608
100.0 0.00026513
100.0 0.00026417
100.0 0.00026323
100.0 0.00026229
100.0 0.00026136
100.0 0.00026044
100.0 0.00025952
100.0 0.00025861
100.0 0.00025770
100.0 0.00025680
100.0 0.00025590
100.0 0.00025501
100.0 0.00025413
100.0 0.00025325
100.0 0.00025238
100.0 0.00025151
100.0 0.00025065
100.0 0.00024979
100.0 0.00024894
100.0 0.00024809
100.0 0.00024725
100.0 0.00024641
100.0 0.00024558
100.0 0.00024475
100.0 0.00024393
100.0 0.00024312
100.0 0.00024231
100.0 0.00024150
100.0 0.00024070
100.0 0.00023991
100.0 0.00023912
100.0 0.00023833
100.0 0.00023755
100.0 0.00023677
100.0 0.00023599
100.0 0.00023523
100.0 0.00023446
100.0 0.00023371
100.0 0.00023295
100.0 0.00023220
100.0 0.00023145
100.0 0.00023071
100.0 0.00022998
100.0 0.00022924
100.0 0.00022852
100.0 0.00022779
100.0 0.00022707
100.0 0.00022635
100.0 0.00022564
100.0 0.00022493
100.0 0.00022423
100.0 0.00022353
100.0 0.00022283
100.0 0.00022214
100.0 0.00022145
100.0 0.00022077
100.0 0.00022009
100.0 0.00021941
100.0 0.00021874
100.0 0.00021807
100.0 0.00021740
100.0 0.00021674
100.0 0.00021608
100.0 0.00021543
100.0 0.00021478
100.0 0.00021413
100.0 0.00021349
100.0 0.00021285
100.0 0.00021221
100.0 0.00021158
100.0 0.00021095
100.0 0.00021032
100.0 0.00020970
100.0 0.00020908
100.0 0.00020846
100.0 0.00020785
100.0 0.00020724
100.0 0.00020664
100.0 0.00020603
100.0 0.00020543
100.0 0.00020484
100.0 0.00020424
100.0 0.00020365
100.0 0.00020307
100.0 0.00020248
100.0 0.00020190
100.0 0.00020132
100.0 0.00020074
100.0 0.00020017
100.0 0.00019960
100.0 0.00019904
100.0 0.00019847
100.0 0.00019791
100.0 0.00019736
100.0 0.00019680
100.0 0.00019625
100.0 0.00019570
100.0 0.00019515
100.0 0.00019461
100.0 0.00019407
100.0 0.00019353
100.0 0.00019299
100.0 0.00019246
100.0 0.00019193
100.0 0.00019140
100.0 0.00019088
100.0 0.00019036
100.0 0.00018984
100.0 0.00018932
100.0 0.00018881
100.0 0.00018830
100.0 0.00018778
100.0 0.00018728
100.0 0.00018677
100.0 0.00018627
100.0 0.00018577
100.0 0.00018528
100.0 0.00018478
100.0 0.00018429
100.0 0.00018380
100.0 0.00018331
100.0 0.00018283
100.0 0.00018234
100.0 0.00018186
100.0 0.00018139
100.0 0.00018091
100.0 0.00018043
100.0 0.00017996
100.0 0.00017949
100.0 0.00017903
100.0 0.00017856
100.0 0.00017810
100.0 0.00017764
100.0 0.00017718
100.0 0.00017672
100.0 0.00017627
100.0 0.00017582
100.0 0.00017537
100.0 0.00017492
100.0 0.00017447
100.0 0.00017403
100.0 0.00017359
100.0 0.00017315
100.0 0.00017272
100.0 0.00017228
100.0 0.00017185
100.0 0.00017142
100.0 0.00017099
100.0 0.00017056
100.0 0.00017013
100.0 0.00016971
100.0 0.00016929
100.0 0.00016887
100.0 0.00016845
100.0 0.00016803
100.0 0.00016762
100.0 0.00016721
100.0 0.00016680
100.0 0.00016639
100.0 0.00016598
100.0 0.00016558
100.0 0.00016517
100.0 0.00016477
100.0 0.00016437
100.0 0.00016398
100.0 0.00016358
100.0 0.00016319
100.0 0.00016279
100.0 0.00016240
100.0 0.00016201
100.0 0.00016162
100.0 0.00016124
100.0 0.00016086
100.0 0.00016047
100.0 0.00016009
100.0 0.00015971
100.0 0.00015934
100.0 0.00015896
100.0 0.00015859
100.0 0.00015821
100.0 0.00015784
100.0 0.00015747
100.0 0.00015710
100.0 0.00015674
100.0 0.00015637
100.0 0.00015601
100.0 0.00015565
100.0 0.00015529
100.0 0.00015493
100.0 0.00015457
100.0 0.00015422
100.0 0.00015387
100.0 0.00015351
100.0 0.00015316
100.0 0.00015281
100.0 0.00015246
100.0 0.00015211
100.0 0.00015177
100.0 0.00015143
100.0 0.00015108
100.0 0.00015074
100.0 0.00015041
100.0 0.00015007
100.0 0.00014973
100.0 0.00014939
100.0 0.00014906
100.0 0.00014873
100.0 0.00014839
100.0 0.00014806
100.0 0.00014774
100.0 0.00014741
100.0 0.00014708
100.0 0.00014676
100.0 0.00014644
100.0 0.00014611
100.0 0.00014579
100.0 0.00014547
100.0 0.00014516
100.0 0.00014484
100.0 0.00014452
100.0 0.00014421
100.0 0.00014390
100.0 0.00014358
100.0 0.00014327
100.0 0.00014296
100.0 0.00014265
100.0 0.00014235
100.0 0.00014204
100.0 0.00014174
100.0 0.00014143
100.0 0.00014113
100.0 0.00014083
100.0 0.00014053
100.0 0.00014023
100.0 0.00013993
100.0 0.00013964
100.0 0.00013934
100.0 0.00013905
100.0 0.00013876
100.0 0.00013846
100.0 0.00013817
100.0 0.00013788
100.0 0.00013759
100.0 0.00013730
100.0 0.00013702
100.0 0.00013674
100.0 0.00013645
100.0 0.00013617
100.0 0.00013589
100.0 0.00013561
100.0 0.00013532
100.0 0.00013505
100.0 0.00013477
100.0 0.00013449
100.0 0.00013422
100.0 0.00013394
100.0 0.00013367
100.0 0.00013339
100.0 0.00013312
100.0 0.00013285
100.0 0.00013258
100.0 0.00013232
100.0 0.00013205
100.0 0.00013178
100.0 0.00013152
100.0 0.00013125
100.0 0.00013099
100.0 0.00013072
100.0 0.00013046
100.0 0.00013020
100.0 0.00012994
100.0 0.00012968
100.0 0.00012942
100.0 0.00012917
100.0 0.00012891
100.0 0.00012866
100.0 0.00012840
100.0 0.00012815
100.0 0.00012790
100.0 0.00012764
100.0 0.00012739
100.0 0.00012715
100.0 0.00012689
100.0 0.00012665
100.0 0.00012640
100.0 0.00012615
100.0 0.00012591
100.0 0.00012567
100.0 0.00012542
100.0 0.00012518
100.0 0.00012494
100.0 0.00012469
100.0 0.00012445
100.0 0.00012421
100.0 0.00012398
100.0 0.00012374
100.0 0.00012350
100.0 0.00012327
100.0 0.00012303
100.0 0.00012280
100.0 0.00012257
100.0 0.00012233
100.0 0.00012210
100.0 0.00012187
100.0 0.00012164
100.0 0.00012141
100.0 0.00012118
100.0 0.00012095
100.0 0.00012073
100.0 0.00012050
100.0 0.00012027
100.0 0.00012005
100.0 0.00011982
100.0 0.00011960
100.0 0.00011938
100.0 0.00011916
100.0 0.00011894
100.0 0.00011872
100.0 0.00011850
100.0 0.00011828
100.0 0.00011806
100.0 0.00011784
100.0 0.00011763
100.0 0.00011741
100.0 0.00011720
100.0 0.00011698
100.0 0.00011677
100.0 0.00011656
100.0 0.00011634
100.0 0.00011613
100.0 0.00011592
100.0 0.00011571
100.0 0.00011550
100.0 0.00011529
100.0 0.00011508
100.0 0.00011488
100.0 0.00011467
100.0 0.00011446
100.0 0.00011426
100.0 0.00011406
100.0 0.00011385
100.0 0.00011365
100.0 0.00011344
100.0 0.00011324
100.0 0.00011304
100.0 0.00011284
100.0 0.00011264
100.0 0.00011244
100.0 0.00011224
100.0 0.00011205
100.0 0.00011185
100.0 0.00011165
100.0 0.00011145
100.0 0.00011126
100.0 0.00011107
100.0 0.00011087
100.0 0.00011068
100.0 0.00011049
100.0 0.00011029
100.0 0.00011010
100.0 0.00010991
100.0 0.00010972
100.0 0.00010953
100.0 0.00010934
100.0 0.00010915
100.0 0.00010896
100.0 0.00010877
100.0 0.00010859
100.0 0.00010840
100.0 0.00010821
100.0 0.00010803
100.0 0.00010784
100.0 0.00010766
100.0 0.00010748
100.0 0.00010729
100.0 0.00010711
100.0 0.00010693
100.0 0.00010675
100.0 0.00010657
100.0 0.00010639
100.0 0.00010621
100.0 0.00010603
100.0 0.00010585
100.0 0.00010568
100.0 0.00010549
100.0 0.00010532
100.0 0.00010514
100.0 0.00010497
100.0 0.00010479
100.0 0.00010462
100.0 0.00010445
100.0 0.00010427
100.0 0.00010410
100.0 0.00010392
100.0 0.00010375
100.0 0.00010358
100.0 0.00010341
100.0 0.00010324
100.0 0.00010307
100.0 0.00010290
100.0 0.00010273
100.0 0.00010256
100.0 0.00010239
100.0 0.00010223
100.0 0.00010206
100.0 0.00010189
100.0 0.00010173
100.0 0.00010156
100.0 0.00010140
100.0 0.00010123
100.0 0.00010107
100.0 0.00010091
100.0 0.00010074
100.0 0.00010058
100.0 0.00010042
100.0 0.00010026
100.0 0.00010010
100.0 0.00009994
100.0 0.00009978
100.0 0.00009962
100.0 0.00009946
100.0 0.00009930
100.0 0.00009914
100.0 0.00009898
100.0 0.00009882
100.0 0.00009867
100.0 0.00009851
100.0 0.00009836
100.0 0.00009820
100.0 0.00009804
100.0 0.00009789
100.0 0.00009774
100.0 0.00009758
100.0 0.00009743
100.0 0.00009728
100.0 0.00009712
100.0 0.00009697
100.0 0.00009682
100.0 0.00009667
100.0 0.00009652
100.0 0.00009637
100.0 0.00009622
100.0 0.00009607
100.0 0.00009592
100.0 0.00009577
100.0 0.00009562
100.0 0.00009548
100.0 0.00009533
100.0 0.00009518
100.0 0.00009504
100.0 0.00009489
100.0 0.00009475
100.0 0.00009460
100.0 0.00009446
100.0 0.00009431
100.0 0.00009417
100.0 0.00009402
100.0 0.00009388
100.0 0.00009374
100.0 0.00009360
100.0 0.00009345
100.0 0.00009331
100.0 0.00009317
100.0 0.00009303
100.0 0.00009289
100.0 0.00009275
100.0 0.00009261
100.0 0.00009247
100.0 0.00009233
100.0 0.00009219
100.0 0.00009206
100.0 0.00009192
100.0 0.00009178
100.0 0.00009164
100.0 0.00009151
100.0 0.00009137
100.0 0.00009124
100.0 0.00009110
100.0 0.00009096
100.0 0.00009083
100.0 0.00009070
100.0 0.00009056
100.0 0.00009043
100.0 0.00009030
100.0 0.00009016
100.0 0.00009003
100.0 0.00008990
100.0 0.00008976
100.0 0.00008963
100.0 0.00008950
100.0 0.00008937
100.0 0.00008924
100.0 0.00008911
100.0 0.00008898
100.0 0.00008885
100.0 0.00008872
100.0 0.00008859
100.0 0.00008846
100.0 0.00008834
100.0 0.00008821
100.0 0.00008808
100.0 0.00008795
100.0 0.00008783
100.0 0.00008770
100.0 0.00008758
100.0 0.00008745
100.0 0.00008733
100.0 0.00008720
100.0 0.00008707
100.0 0.00008695
100.0 0.00008683
100.0 0.00008670
100.0 0.00008658
100.0 0.00008646
100.0 0.00008633
100.0 0.00008621
100.0 0.00008609
100.0 0.00008597
100.0 0.00008585
100.0 0.00008572
100.0 0.00008560
100.0 0.00008548
100.0 0.00008536
100.0 0.00008524
100.0 0.00008512
100.0 0.00008500
100.0 0.00008489
100.0 0.00008477
100.0 0.00008465
100.0 0.00008453
100.0 0.00008441
100.0 0.00008430
100.0 0.00008418
100.0 0.00008406
100.0 0.00008394
100.0 0.00008383
100.0 0.00008371
100.0 0.00008360
100.0 0.00008348
100.0 0.00008337
100.0 0.00008325
100.0 0.00008313
100.0 0.00008302
100.0 0.00008291
100.0 0.00008279
100.0 0.00008268
100.0 0.00008257
100.0 0.00008245
100.0 0.00008234
100.0 0.00008223
100.0 0.00008212
100.0 0.00008201
100.0 0.00008190
100.0 0.00008178
100.0 0.00008167
100.0 0.00008156
100.0 0.00008145
100.0 0.00008134
100.0 0.00008123
100.0 0.00008112
100.0 0.00008101
100.0 0.00008090
100.0 0.00008080
100.0 0.00008069
100.0 0.00008058
100.0 0.00008047
100.0 0.00008036
100.0 0.00008026
100.0 0.00008015
100.0 0.00008004
100.0 0.00007994
100.0 0.00007983
100.0 0.00007972
100.0 0.00007962
100.0 0.00007951
100.0 0.00007941
100.0 0.00007930
100.0 0.00007920
100.0 0.00007909
100.0 0.00007899
100.0 0.00007888
100.0 0.00007878
100.0 0.00007868
100.0 0.00007857
100.0 0.00007847
100.0 0.00007837
100.0 0.00007827
100.0 0.00007817
100.0 0.00007806
100.0 0.00007796
100.0 0.00007786
100.0 0.00007776
100.0 0.00007766
100.0 0.00007756
100.0 0.00007745
100.0 0.00007735
100.0 0.00007725
100.0 0.00007715
100.0 0.00007705
100.0 0.00007696
100.0 0.00007686
100.0 0.00007676
100.0 0.00007666
100.0 0.00007656
100.0 0.00007646
100.0 0.00007636
100.0 0.00007627
100.0 0.00007617
100.0 0.00007607
100.0 0.00007597
100.0 0.00007588
100.0 0.00007578
100.0 0.00007568
100.0 0.00007559
100.0 0.00007549
100.0 0.00007540
100.0 0.00007530
100.0 0.00007521
100.0 0.00007511
100.0 0.00007501
100.0 0.00007492
100.0 0.00007482
100.0 0.00007473
100.0 0.00007464
100.0 0.00007454
100.0 0.00007445
100.0 0.00007436
100.0 0.00007426
100.0 0.00007417
100.0 0.00007408
100.0 0.00007399
100.0 0.00007389
100.0 0.00007380
100.0 0.00007371
100.0 0.00007362
100.0 0.00007353
100.0 0.00007343
100.0 0.00007334
100.0 0.00007325
100.0 0.00007316
100.0 0.00007307
100.0 0.00007298
100.0 0.00007289
100.0 0.00007280
100.0 0.00007271
100.0 0.00007262
100.0 0.00007253
100.0 0.00007245
100.0 0.00007236
100.0 0.00007227
100.0 0.00007218
100.0 0.00007209
100.0 0.00007200
100.0 0.00007192
100.0 0.00007183
100.0 0.00007174
100.0 0.00007166
100.0 0.00007157
100.0 0.00007148
100.0 0.00007139
100.0 0.00007131
100.0 0.00007122
100.0 0.00007113
100.0 0.00007105
100.0 0.00007096
100.0 0.00007088
100.0 0.00007079
100.0 0.00007071
100.0 0.00007062
100.0 0.00007054
100.0 0.00007045
100.0 0.00007037
100.0 0.00007029
100.0 0.00007020
100.0 0.00007012
100.0 0.00007003
100.0 0.00006995
100.0 0.00006986
100.0 0.00006979
100.0 0.00006970
100.0 0.00006962
100.0 0.00006954
100.0 0.00006945
100.0 0.00006937
100.0 0.00006929
100.0 0.00006921
100.0 0.00006913
100.0 0.00006905
100.0 0.00006896
100.0 0.00006888
100.0 0.00006880
100.0 0.00006872
100.0 0.00006864
100.0 0.00006856
100.0 0.00006848
100.0 0.00006840
100.0 0.00006832
100.0 0.00006824
100.0 0.00006816
100.0 0.00006808
100.0 0.00006800
100.0 0.00006792
100.0 0.00006784
100.0 0.00006777
100.0 0.00006769
100.0 0.00006761
100.0 0.00006753
100.0 0.00006745
100.0 0.00006737
100.0 0.00006730
100.0 0.00006722
100.0 0.00006714
100.0 0.00006706
100.0 0.00006699
100.0 0.00006691
100.0 0.00006684
100.0 0.00006676
100.0 0.00006668
100.0 0.00006661
100.0 0.00006653
100.0 0.00006645
100.0 0.00006638
100.0 0.00006630
100.0 0.00006623
100.0 0.00006615
100.0 0.00006608
100.0 0.00006600
100.0 0.00006593
100.0 0.00006585
100.0 0.00006578
100.0 0.00006570
100.0 0.00006563
100.0 0.00006556
100.0 0.00006548
100.0 0.00006541
100.0 0.00006534
100.0 0.00006526
100.0 0.00006519
100.0 0.00006512
100.0 0.00006504
100.0 0.00006497
100.0 0.00006490
100.0 0.00006482
100.0 0.00006475
100.0 0.00006468
100.0 0.00006461
100.0 0.00006454
100.0 0.00006447
100.0 0.00006439
100.0 0.00006432
100.0 0.00006425
100.0 0.00006418
100.0 0.00006411
100.0 0.00006404
100.0 0.00006397
100.0 0.00006390
100.0 0.00006383
100.0 0.00006375
100.0 0.00006368
100.0 0.00006362
100.0 0.00006354
100.0 0.00006347
100.0 0.00006341
100.0 0.00006334
100.0 0.00006327
100.0 0.00006320
100.0 0.00006313
100.0 0.00006306
100.0 0.00006299
100.0 0.00006292
100.0 0.00006285
100.0 0.00006278
100.0 0.00006272
100.0 0.00006265
100.0 0.00006258
100.0 0.00006251
100.0 0.00006245
100.0 0.00006238
100.0 0.00006231
100.0 0.00006224
100.0 0.00006218
100.0 0.00006211
100.0 0.00006204
100.0 0.00006198
100.0 0.00006191
100.0 0.00006185
100.0 0.00006178
100.0 0.00006171
100.0 0.00006164
100.0 0.00006158
100.0 0.00006151
100.0 0.00006145
100.0 0.00006138
100.0 0.00006132
100.0 0.00006125
100.0 0.00006119
100.0 0.00006112
100.0 0.00006106
100.0 0.00006099
100.0 0.00006093
100.0 0.00006086
100.0 0.00006080
100.0 0.00006073
100.0 0.00006067
100.0 0.00006061
100.0 0.00006054
100.0 0.00006048
100.0 0.00006041
100.0 0.00006035
100.0 0.00006029
100.0 0.00006022
100.0 0.00006016
100.0 0.00006010
100.0 0.00006003
100.0 0.00005997
100.0 0.00005991
100.0 0.00005984
100.0 0.00005978
100.0 0.00005972
100.0 0.00005966
100.0 0.00005960
100.0 0.00005954
100.0 0.00005948
100.0 0.00005941
100.0 0.00005935
100.0 0.00005929
100.0 0.00005923
100.0 0.00005917
