1 15.00 2.29890289
2 19.70 2.29416223
3 20.70 2.28922318
4 21.30 2.28393264
5 24.40 2.27812558
6 28.40 2.27158891
7 31.90 2.26409380
8 35.90 2.25530012
9 39.70 2.24478297
10 43.80 2.23208094
11 49.20 2.21653277
12 52.80 2.19720722
13 56.30 2.17292060
14 59.10 2.14209597
15 61.80 2.10253590
16 65.20 2.05156218
17 67.00 1.98594635
18 70.10 1.90263816
19 71.30 1.79934304
20 72.00 1.67519397
21 77.20 1.53473027
22 77.80 1.38967121
23 77.10 1.24930971
24 78.70 1.12789980
25 79.70 1.02415899
26 80.00 0.93730422
27 80.70 0.86855585
28 82.00 0.80502679
29 81.80 0.75698269
30 81.40 0.70939516
31 79.80 0.68390891
32 84.70 0.63334514
33 85.10 0.59833468
34 85.90 0.57011346
35 84.90 0.55723913
36 87.70 0.52236227
37 87.30 0.50322934
38 87.30 0.48273960
39 88.30 0.46044429
40 88.50 0.44754824
41 89.30 0.43278224
61 94.40 0.22774590
81 97.70 0.12505829
101 99.00 0.06660596
121 99.70 0.03997658
141 100.00 0.02300475
161 100.00 0.01556649
181 100.00 0.01129072
201 100.00 0.00870583
221 100.00 0.00696828
241 100.00 0.00573724
261 100.00 0.00483887
281 100.00 0.00415807
301 100.00 0.00362634
321 100.00 0.00320091
341 100.00 0.00285157
361 100.00 0.00256714
381 100.00 0.00232852
401 100.00 0.00212722
421 100.00 0.00195365
441 100.00 0.00180282
461 100.00 0.00167268
481 100.00 0.00155721
501 100.00 0.00145545
521 100.00 0.00136506
541 100.00 0.00128386
561 100.00 0.00121082
581 100.00 0.00114499
600 100.00 0.00108783
