1 87.81 0.43013053
2 93.89 0.19145567
3 97.39 0.08535494
4 96.10 0.12156273
5 98.29 0.05385613
6 98.01 0.06575626
7 99.23 0.02533628
8 98.90 0.04060839
9 99.45 0.01818233
10 99.20 0.02910473
13 99.97 0.00237678
17 100.00 0.00046500
21 100.00 0.00029358
25 100.00 0.00022183
29 100.00 0.00017741
33 100.00 0.00014776
37 100.00 0.00012619
41 100.00 0.00010998
45 100.00 0.00009800
49 100.00 0.00008783
53 100.00 0.00007916
57 100.00 0.00007234
61 100.00 0.00006652
65 100.00 0.00006153
69 100.00 0.00005715
73 100.00 0.00005335
77 100.00 0.00004992
80 100.00 0.00004768
