1 30.15 2.26710279
5 80.81 0.71067603
9 88.22 0.41757209
13 90.49 0.33847098
17 91.57 0.29689568
21 92.36 0.26560447
25 93.20 0.23736334
29 93.86 0.21550247
33 94.50 0.19502753
37 94.97 0.17702532
41 95.41 0.16078830
45 95.80 0.14723467
49 96.09 0.13720057
53 96.37 0.12625397
57 96.67 0.11638026
61 96.91 0.10867589
65 97.18 0.10050855
69 97.28 0.09521691
73 97.49 0.08896955
77 97.72 0.08232286
81 97.90 0.07675797
85 98.03 0.07211626
89 98.16 0.06741391
93 98.29 0.06278481
97 98.37 0.05952116
101 98.53 0.05600503
105 98.61 0.05318275
109 98.71 0.04991731
113 98.81 0.04694389
117 98.90 0.04324730
120 98.98 0.04160075
