1 10.00 2.30116028
201 84.00 1.12268406
401 100.00 0.05174553
601 100.00 0.01389490
801 100.00 0.00701168
1001 100.00 0.00446121
1201 100.00 0.00318920
1401 100.00 0.00244431
1601 100.00 0.00196171
1801 100.00 0.00162665
2001 100.00 0.00138207
2201 100.00 0.00119656
2401 100.00 0.00105165
2601 100.00 0.00093563
2801 100.00 0.00084089
3001 100.00 0.00076222
3201 100.00 0.00069597
3401 100.00 0.00063950
3601 100.00 0.00059085
3801 100.00 0.00054856
4001 100.00 0.00051147
4201 100.00 0.00047873
4401 100.00 0.00044960
4601 100.00 0.00042358
4801 100.00 0.00040017
5001 100.00 0.00037903
5201 100.00 0.00035985
5401 100.00 0.00034239
5601 100.00 0.00032640
5801 100.00 0.00031174
6000 100.00 0.00029831
