1 47.80 2.03176768
2 61.60 1.08378653
3 79.20 0.69629067
4 79.70 0.59360927
5 83.90 0.45128151
6 86.70 0.38078523
7 92.10 0.24673624
8 91.30 0.26496014
9 96.10 0.13540539
10 97.60 0.09970474
11 97.80 0.09270795
12 99.80 0.04317315
13 93.70 0.18017367
14 99.80 0.02841182
15 100.00 0.01721807
16 100.00 0.01439412
17 100.00 0.01229189
18 100.00 0.01007015
19 100.00 0.00898553
20 100.00 0.00779281
21 100.00 0.00727365
22 100.00 0.00636595
23 100.00 0.00668239
24 100.00 0.00515122
25 100.00 0.00521879
26 100.00 0.00444627
27 100.00 0.00414564
28 100.00 0.00385284
29 100.00 0.00365042
30 100.00 0.00351308
31 100.00 0.00342001
32 100.00 0.00309320
33 100.00 0.00296834
34 100.00 0.00280427
35 100.00 0.00265420
36 100.00 0.00258254
37 100.00 0.00244307
38 100.00 0.00234366
39 100.00 0.00225686
40 100.00 0.00215317
41 100.00 0.00209385
61 100.00 0.00115823
81 100.00 0.00078127
101 100.00 0.00058082
121 100.00 0.00045827
141 100.00 0.00037567
161 100.00 0.00031694
181 100.00 0.00027301
201 100.00 0.00023911
221 100.00 0.00021226
241 100.00 0.00019045
261 100.00 0.00017245
281 100.00 0.00015740
301 100.00 0.00014456
321 100.00 0.00013354
341 100.00 0.00012396
361 100.00 0.00011558
381 100.00 0.00010821
401 100.00 0.00010165
421 100.00 0.00009580
441 100.00 0.00009054
461 100.00 0.00008579
481 100.00 0.00008148
501 100.00 0.00007756
521 100.00 0.00007397
541 100.00 0.00007068
561 100.00 0.00006766
581 100.00 0.00006485
600 100.00 0.00006238
