1 38.00 9.73502617
2 39.00 9.06129570
3 34.00 8.20466413
4 17.00 8.34660244
5 33.00 7.60521564
6 36.00 7.02611523
7 28.00 7.31779222
8 19.00 6.83146811
9 28.00 6.27398520
10 26.00 6.28419781
11 27.00 5.70882750
12 28.00 5.18769026
13 33.00 4.82669153
14 37.00 4.40499744
15 55.00 3.93745689
16 34.00 4.10584478
17 42.00 3.92017322
18 35.00 3.55838366
19 51.00 3.17339129
20 21.00 3.67853737
21 59.00 2.68882713
22 66.00 2.41650605
23 44.00 2.73243876
24 66.00 2.23160310
25 58.00 2.04023271
26 69.00 1.78772213
27 57.00 2.01566377
28 73.00 1.61294775
29 67.00 1.66571419
30 64.00 1.52167048
31 64.00 1.39514582
32 61.00 1.63977773
33 85.00 1.27556386
34 66.00 1.54579523
35 60.00 1.56648600
36 69.00 1.28036447
37 86.00 1.03465900
38 54.00 2.20885799
39 49.00 1.98661783
40 63.00 1.60050063
801 76.00 1.26810665
1601 100.00 0.47512574
2401 100.00 0.47804849
3201 100.00 0.47280596
4001 100.00 0.49351119
4801 100.00 0.48019416
5601 100.00 0.46595421
6401 100.00 0.47120344
7201 100.00 0.46621355
8001 100.00 0.47061747
8801 100.00 0.46697105
9601 100.00 0.46855490
10401 100.00 0.46743917
11201 100.00 0.48318343
12001 100.00 0.46993294
12801 100.00 0.46210112
13601 100.00 0.48130506
14401 100.00 0.46254072
15201 100.00 0.48990855
16001 100.00 0.46515115
16801 100.00 0.46262923
17601 100.00 0.45910069
18000 100.00 0.45959073
