1 10.27 2.30246818
2 10.54 2.30218270
3 10.76 2.30182295
4 11.14 2.30151616
5 11.62 2.30122025
6 11.89 2.30092422
7 12.42 2.30063481
8 12.79 2.30032771
9 13.10 2.30000516
10 13.41 2.29969071
11 13.62 2.29934407
12 13.83 2.29902045
13 14.05 2.29867781
25 23.98 2.29347273
37 34.39 2.28307751
49 39.32 2.25278041
61 28.20 2.08914661
73 44.49 1.50933842
85 55.69 1.12003624
97 61.28 0.97011069
109 65.33 0.89798875
121 67.76 0.81674342
133 70.84 0.80518833
145 72.12 0.74840939
157 72.92 0.72512672
169 73.37 0.71361826
181 74.62 0.67370308
193 76.35 0.63565565
205 78.64 0.59601848
217 78.88 0.56958118
229 79.95 0.54836719
241 80.41 0.52574861
253 80.18 0.52451200
265 82.26 0.48509171
277 82.19 0.47050941
289 84.33 0.43233796
301 83.19 0.45941189
313 82.59 0.46098724
325 85.19 0.40565626
337 83.77 0.48107750
349 87.01 0.36182482
361 85.71 0.38717339
373 88.23 0.32471993
385 87.23 0.34863821
397 88.33 0.31987623
409 89.84 0.28539436
421 88.42 0.31928767
433 89.09 0.29635362
445 89.90 0.28170627
457 91.62 0.24341241
469 89.53 0.28016635
481 91.43 0.24872123
493 92.38 0.21758111
505 92.22 0.22465991
517 91.05 0.25419884
529 93.94 0.18319815
541 94.95 0.15378136
553 94.23 0.17239241
565 87.49 0.39535720
577 94.98 0.15175476
589 95.92 0.12537014
601 96.04 0.12758942
613 94.55 0.16825193
625 95.92 0.12086195
637 96.52 0.11012447
649 97.49 0.09157776
661 96.94 0.09767827
673 96.08 0.11666127
685 95.20 0.14172226
697 97.69 0.07584242
709 97.90 0.07322362
721 95.78 0.13183157
733 97.58 0.07849752
745 95.83 0.11550143
757 99.52 0.03244753
769 99.04 0.04568567
781 98.93 0.04118492
793 99.48 0.02497030
805 99.81 0.02093473
817 99.87 0.01947684
829 99.88 0.01555111
841 99.21 0.03115707
853 99.92 0.01247926
865 99.84 0.01295650
877 99.97 0.00830965
889 99.99 0.00677296
901 100.00 0.00595055
913 99.59 0.02248050
925 99.99 0.00664591
937 100.00 0.00542107
949 100.00 0.00466047
961 100.00 0.00406081
973 100.00 0.00361740
985 100.00 0.00339670
997 100.00 0.00303187
1009 100.00 0.00279152
1021 100.00 0.00261342
1033 100.00 0.00244140
1045 100.00 0.00228926
1057 100.00 0.00217443
1069 100.00 0.00201219
1081 100.00 0.00191202
1093 100.00 0.00191192
1105 100.00 0.00173556
1117 100.00 0.00164668
1129 100.00 0.00158548
1141 100.00 0.00152631
1153 100.00 0.00144761
1165 100.00 0.00137075
1177 100.00 0.00132275
1189 100.00 0.00125983
1200 100.00 0.00123222
