1 35.00 29.72935143
2 20.00 19.98363724
3 32.00 12.88750153
4 21.00 7.98880692
5 23.00 4.88563194
6 11.00 3.32313204
7 22.00 2.52884564
8 10.00 3.16854248
9 10.00 2.58803649
10 10.00 2.42206440
11 10.00 2.39328337
12 10.00 2.38410826
13 10.00 2.37907786
14 10.00 2.37582507
15 10.00 2.37320471
16 10.00 2.37171955
17 10.00 2.37040606
18 10.00 2.36967034
19 10.00 2.36956306
20 10.00 2.36961241
21 10.00 2.36942310
22 10.00 2.36956110
23 10.00 2.36969976
24 10.00 2.36949954
25 10.00 2.36938152
26 10.00 2.36964846
27 10.00 2.36949615
28 10.00 2.36998577
29 10.00 2.36940937
30 10.00 2.36955042
31 10.00 2.36953235
32 10.00 2.36950130
33 10.00 2.36951303
34 10.00 2.36963434
35 10.00 2.36941442
36 10.00 2.36955137
37 10.00 2.36947880
38 10.00 2.36981239
39 10.00 2.36952333
40 10.00 2.36974535
801 10.00 2.36966710
1601 10.00 2.36950040
2401 10.00 2.36953483
3201 10.00 2.36948247
4001 10.00 2.36945043
4801 10.00 2.36950803
5601 10.00 2.36943498
6401 10.00 2.36930480
7201 10.00 2.36938663
8001 10.00 2.36947775
8801 10.00 2.36958175
9601 10.00 2.36951680
10401 10.00 2.36965470
11201 10.00 2.36951265
12001 10.00 2.36946120
12801 10.00 2.36942410
13601 10.00 2.36941981
14401 10.00 2.36961093
15201 10.00 2.36960974
16001 10.00 2.36942835
16801 10.00 2.36961970
17601 10.00 2.36966348
18000 10.00 2.36949940
