1 52.00 2.22512093
2 42.20 2.01143250
3 29.40 2.16293902
4 46.20 1.73722942
5 42.40 1.78101342
6 69.40 0.88901446
7 53.20 1.49544437
8 63.40 1.05514785
9 85.40 0.68178878
10 78.60 0.63908391
11 72.80 0.73596857
12 87.80 0.35862010
13 74.80 0.67789062
14 87.80 0.35730507
15 91.40 0.30483285
16 95.00 0.20013272
17 76.20 0.93211429
18 94.80 0.26635184
19 91.20 0.21503541
20 96.60 0.11881387
201 100.00 0.00033189
401 100.00 0.00013776
601 100.00 0.00008410
801 100.00 0.00005961
1001 100.00 0.00004575
1201 100.00 0.00003691
1401 100.00 0.00003080
1601 100.00 0.00002636
1801 100.00 0.00002298
2001 100.00 0.00002033
2201 100.00 0.00001820
2401 100.00 0.00001644
2601 100.00 0.00001499
2801 100.00 0.00001376
3001 100.00 0.00001271
3201 100.00 0.00001180
3401 100.00 0.00001100
3600 100.00 0.00001030
