1 14.00 2.30131334
2 14.00 2.30059630
3 16.00 2.29988188
4 17.00 2.29917097
5 17.00 2.29846311
6 17.00 2.29775500
7 17.00 2.29704762
8 17.00 2.29634184
9 17.00 2.29563671
10 18.00 2.29493386
11 19.00 2.29422945
12 19.00 2.29352528
13 20.00 2.29282212
14 21.00 2.29211700
15 22.00 2.29141086
16 22.00 2.29070175
17 23.00 2.28999203
18 24.00 2.28928220
19 25.00 2.28856885
20 26.00 2.28785175
21 27.00 2.28712839
41 59.00 2.27162135
61 76.00 2.25248361
81 81.00 2.22640127
101 85.00 2.18698549
121 83.00 2.12311274
141 84.00 2.01414669
161 86.00 1.82500610
181 88.00 1.52551094
201 93.00 1.16030705
221 94.00 0.82207459
241 95.00 0.56250645
261 97.00 0.38630539
281 100.00 0.27027755
301 100.00 0.19414426
321 100.00 0.14346235
341 100.00 0.10899416
361 100.00 0.08523959
381 100.00 0.06833623
401 100.00 0.05600828
421 100.00 0.04681822
441 100.00 0.03977439
461 100.00 0.03428154
481 100.00 0.02991147
501 100.00 0.02638095
521 100.00 0.02348397
541 100.00 0.02107610
561 100.00 0.01904927
581 100.00 0.01732623
601 100.00 0.01584900
621 100.00 0.01457151
641 100.00 0.01345862
661 100.00 0.01248256
681 100.00 0.01162025
701 100.00 0.01085486
721 100.00 0.01017141
741 100.00 0.00955836
761 100.00 0.00900565
781 100.00 0.00850574
801 100.00 0.00805145
821 100.00 0.00763730
841 100.00 0.00725868
861 100.00 0.00691140
881 100.00 0.00659177
901 100.00 0.00629702
921 100.00 0.00602428
941 100.00 0.00577141
961 100.00 0.00553647
981 100.00 0.00531759
1001 100.00 0.00511328
1021 100.00 0.00492234
1041 100.00 0.00474344
1061 100.00 0.00457560
1081 100.00 0.00441787
1101 100.00 0.00426948
1121 100.00 0.00412967
1141 100.00 0.00399764
1161 100.00 0.00387290
1181 100.00 0.00375486
1201 100.00 0.00364298
1221 100.00 0.00353685
1241 100.00 0.00343603
1261 100.00 0.00334014
1281 100.00 0.00324881
1301 100.00 0.00316183
1321 100.00 0.00307888
1341 100.00 0.00299966
1361 100.00 0.00292400
1381 100.00 0.00285163
1401 100.00 0.00278239
1421 100.00 0.00271605
1441 100.00 0.00265244
1461 100.00 0.00259141
1481 100.00 0.00253285
1501 100.00 0.00247658
1521 100.00 0.00242247
1541 100.00 0.00237045
1561 100.00 0.00232035
1581 100.00 0.00227213
1601 100.00 0.00222565
1621 100.00 0.00218084
1641 100.00 0.00213761
1661 100.00 0.00209590
1681 100.00 0.00205559
1701 100.00 0.00201664
1721 100.00 0.00197899
1741 100.00 0.00194258
1761 100.00 0.00190734
1781 100.00 0.00187323
1801 100.00 0.00184017
1821 100.00 0.00180817
1841 100.00 0.00177712
1861 100.00 0.00174703
1881 100.00 0.00171782
1901 100.00 0.00168949
1921 100.00 0.00166198
1941 100.00 0.00163525
1961 100.00 0.00160926
1981 100.00 0.00158403
2001 100.00 0.00155950
2021 100.00 0.00153563
2041 100.00 0.00151240
2061 100.00 0.00148980
2081 100.00 0.00146779
2101 100.00 0.00144636
2121 100.00 0.00142546
2141 100.00 0.00140511
2161 100.00 0.00138529
2181 100.00 0.00136595
2201 100.00 0.00134710
2221 100.00 0.00132868
2241 100.00 0.00131074
2261 100.00 0.00129321
2281 100.00 0.00127611
2301 100.00 0.00125938
2321 100.00 0.00124307
2341 100.00 0.00122712
2361 100.00 0.00121153
2381 100.00 0.00119630
2401 100.00 0.00118142
2421 100.00 0.00116686
2441 100.00 0.00115261
2461 100.00 0.00113869
2481 100.00 0.00112505
2501 100.00 0.00111171
2521 100.00 0.00109863
2541 100.00 0.00108585
2561 100.00 0.00107332
2581 100.00 0.00106107
2601 100.00 0.00104904
2621 100.00 0.00103726
2641 100.00 0.00102573
2661 100.00 0.00101443
2681 100.00 0.00100334
2701 100.00 0.00099246
2721 100.00 0.00098180
2741 100.00 0.00097135
2761 100.00 0.00096109
2781 100.00 0.00095103
2801 100.00 0.00094115
2821 100.00 0.00093146
2841 100.00 0.00092193
2861 100.00 0.00091260
2881 100.00 0.00090343
2901 100.00 0.00089443
2921 100.00 0.00088558
2941 100.00 0.00087689
2961 100.00 0.00086835
2981 100.00 0.00085996
3001 100.00 0.00085171
3021 100.00 0.00084361
3041 100.00 0.00083563
3061 100.00 0.00082780
3081 100.00 0.00082010
3101 100.00 0.00081254
3121 100.00 0.00080508
3141 100.00 0.00079777
3161 100.00 0.00079055
3181 100.00 0.00078347
3201 100.00 0.00077650
3221 100.00 0.00076963
3241 100.00 0.00076288
3261 100.00 0.00075622
3281 100.00 0.00074969
3301 100.00 0.00074325
3321 100.00 0.00073690
3341 100.00 0.00073066
3361 100.00 0.00072451
3381 100.00 0.00071845
3401 100.00 0.00071247
3421 100.00 0.00070660
3441 100.00 0.00070082
3461 100.00 0.00069511
3481 100.00 0.00068949
3501 100.00 0.00068395
3521 100.00 0.00067849
3541 100.00 0.00067310
3561 100.00 0.00066780
3581 100.00 0.00066258
3601 100.00 0.00065741
3621 100.00 0.00065233
3641 100.00 0.00064731
3661 100.00 0.00064238
3681 100.00 0.00063749
3701 100.00 0.00063267
3721 100.00 0.00062793
3741 100.00 0.00062325
3761 100.00 0.00061864
3781 100.00 0.00061408
3801 100.00 0.00060958
3821 100.00 0.00060515
3841 100.00 0.00060077
3861 100.00 0.00059645
3881 100.00 0.00059220
3901 100.00 0.00058798
3921 100.00 0.00058383
3941 100.00 0.00057972
3961 100.00 0.00057567
3981 100.00 0.00057168
4001 100.00 0.00056772
4021 100.00 0.00056383
4041 100.00 0.00055997
4061 100.00 0.00055618
4081 100.00 0.00055241
4101 100.00 0.00054870
4121 100.00 0.00054504
4141 100.00 0.00054141
4161 100.00 0.00053783
4181 100.00 0.00053430
4201 100.00 0.00053080
4221 100.00 0.00052736
4241 100.00 0.00052394
4261 100.00 0.00052056
4281 100.00 0.00051723
4301 100.00 0.00051393
4321 100.00 0.00051068
4341 100.00 0.00050747
4361 100.00 0.00050427
4381 100.00 0.00050113
4401 100.00 0.00049802
4421 100.00 0.00049493
4441 100.00 0.00049189
4461 100.00 0.00048889
4481 100.00 0.00048590
4501 100.00 0.00048297
4521 100.00 0.00048005
4541 100.00 0.00047717
4561 100.00 0.00047433
4581 100.00 0.00047151
4601 100.00 0.00046872
4621 100.00 0.00046597
4641 100.00 0.00046324
4661 100.00 0.00046053
4681 100.00 0.00045786
4701 100.00 0.00045522
4721 100.00 0.00045261
4741 100.00 0.00045003
4761 100.00 0.00044747
4781 100.00 0.00044492
4801 100.00 0.00044242
4821 100.00 0.00043994
4841 100.00 0.00043747
4861 100.00 0.00043505
4881 100.00 0.00043263
4901 100.00 0.00043026
4921 100.00 0.00042789
4941 100.00 0.00042556
4961 100.00 0.00042325
4981 100.00 0.00042095
5001 100.00 0.00041869
5021 100.00 0.00041643
5041 100.00 0.00041422
5061 100.00 0.00041202
5081 100.00 0.00040984
5101 100.00 0.00040767
5121 100.00 0.00040553
5141 100.00 0.00040342
5161 100.00 0.00040132
5181 100.00 0.00039924
5201 100.00 0.00039718
5221 100.00 0.00039513
5241 100.00 0.00039312
5261 100.00 0.00039111
5281 100.00 0.00038912
5301 100.00 0.00038715
5321 100.00 0.00038521
5341 100.00 0.00038328
5361 100.00 0.00038138
5381 100.00 0.00037948
5401 100.00 0.00037760
5421 100.00 0.00037574
5441 100.00 0.00037389
5461 100.00 0.00037207
5481 100.00 0.00037025
5501 100.00 0.00036846
5521 100.00 0.00036669
5541 100.00 0.00036491
5561 100.00 0.00036316
5581 100.00 0.00036143
5601 100.00 0.00035971
5621 100.00 0.00035800
5641 100.00 0.00035631
5661 100.00 0.00035465
5681 100.00 0.00035298
5701 100.00 0.00035134
5721 100.00 0.00034970
5741 100.00 0.00034809
5761 100.00 0.00034649
5781 100.00 0.00034490
5801 100.00 0.00034332
5821 100.00 0.00034175
5841 100.00 0.00034019
5861 100.00 0.00033865
5881 100.00 0.00033713
5901 100.00 0.00033561
5921 100.00 0.00033412
5941 100.00 0.00033263
5961 100.00 0.00033114
5981 100.00 0.00032968
6000 100.00 0.00032830
