1 42.41 2.26826938
3 60.86 1.81959393
5 80.23 0.72886227
7 86.13 0.49069444
9 88.47 0.40731504
11 89.59 0.36514763
13 90.22 0.34077914
15 91.00 0.31410838
17 91.55 0.29702618
19 91.81 0.28406736
21 92.39 0.26584402
23 92.82 0.25130100
25 93.31 0.23669372
27 93.58 0.22439393
29 93.88 0.21413400
31 94.34 0.20151803
33 94.57 0.19276975
35 94.85 0.18237529
37 95.06 0.17455500
39 95.32 0.16551588
41 95.51 0.15841878
43 95.69 0.15195295
45 95.85 0.14621716
47 96.01 0.13923874
49 96.14 0.13501364
51 96.27 0.12981368
53 96.41 0.12564469
55 96.61 0.12012155
57 96.70 0.11556185
59 96.92 0.10977872
60 96.90 0.11024843
