1 9.60 2.30207639
81 78.80 1.21092719
161 97.20 0.19240079
241 100.00 0.04400691
321 100.00 0.01837886
401 100.00 0.01052865
481 100.00 0.00705052
561 100.00 0.00516824
641 100.00 0.00401515
721 100.00 0.00324744
801 100.00 0.00270511
881 100.00 0.00230433
961 100.00 0.00199790
1041 100.00 0.00175708
1121 100.00 0.00156347
1201 100.00 0.00140487
1281 100.00 0.00127290
1361 100.00 0.00116160
1441 100.00 0.00106657
1521 100.00 0.00098462
1601 100.00 0.00091333
1681 100.00 0.00085082
1761 100.00 0.00079563
1841 100.00 0.00074655
1921 100.00 0.00070268
2001 100.00 0.00066323
2081 100.00 0.00062763
2161 100.00 0.00059532
2241 100.00 0.00056590
2321 100.00 0.00053902
2400 100.00 0.00051465
