1 10.00 2.30056477
41 44.40 1.12962704
81 42.40 1.27318418
121 92.00 0.28570461
161 87.60 0.36813040
201 99.60 0.02801393
241 98.80 0.05561575
281 100.00 0.00326679
321 100.00 0.00126340
361 100.00 0.00076804
401 100.00 0.00054499
441 100.00 0.00041869
481 100.00 0.00033838
521 100.00 0.00028199
561 100.00 0.00024055
601 100.00 0.00020897
641 100.00 0.00018435
681 100.00 0.00016475
721 100.00 0.00014889
761 100.00 0.00013562
801 100.00 0.00012438
841 100.00 0.00011472
881 100.00 0.00010636
921 100.00 0.00009910
961 100.00 0.00009269
1001 100.00 0.00008700
1041 100.00 0.00008192
1081 100.00 0.00007735
1121 100.00 0.00007325
1161 100.00 0.00006952
1201 100.00 0.00006614
1241 100.00 0.00006307
1281 100.00 0.00006023
1321 100.00 0.00005763
1361 100.00 0.00005523
1401 100.00 0.00005302
1441 100.00 0.00005095
1481 100.00 0.00004904
1521 100.00 0.00004726
1561 100.00 0.00004560
1601 100.00 0.00004403
1641 100.00 0.00004257
1681 100.00 0.00004119
1721 100.00 0.00003989
1761 100.00 0.00003866
1801 100.00 0.00003750
1841 100.00 0.00003641
1881 100.00 0.00003538
1920 100.00 0.00003441
