1 12.80 2.29783244
21 59.20 1.04427556
41 70.60 0.70291961
61 76.20 0.60912956
81 88.60 0.30160835
101 81.80 0.38141167
121 96.40 0.13282620
141 93.40 0.21334377
161 94.40 0.19042160
181 97.80 0.05694207
201 98.40 0.06235946
221 99.60 0.01823216
241 99.60 0.01918665
261 91.40 0.21288937
281 95.80 0.12255562
301 98.20 0.05231317
321 100.00 0.00745404
341 97.40 0.07802924
361 99.60 0.01616137
381 100.00 0.00129517
401 100.00 0.00072505
421 100.00 0.00050189
441 100.00 0.00038344
461 100.00 0.00030819
481 100.00 0.00025792
501 100.00 0.00022154
521 100.00 0.00019390
541 100.00 0.00017255
561 100.00 0.00015523
581 100.00 0.00014097
601 100.00 0.00012904
621 100.00 0.00011890
641 100.00 0.00010993
661 100.00 0.00010215
681 100.00 0.00009546
701 100.00 0.00008962
721 100.00 0.00008445
741 100.00 0.00007982
761 100.00 0.00007566
781 100.00 0.00007191
801 100.00 0.00006850
821 100.00 0.00006539
841 100.00 0.00006251
861 100.00 0.00005986
881 100.00 0.00005741
901 100.00 0.00005512
921 100.00 0.00005302
941 100.00 0.00005105
960 100.00 0.00004932
