1 32.80 29.70875206
2 10.00 19.98951874
3 34.40 12.91546230
4 12.30 7.98093214
5 20.60 4.92714586
6 10.00 3.37396278
7 10.00 2.54801044
8 10.00 2.37937107
9 10.00 2.37200255
10 10.00 2.37057738
101 10.00 2.36931887
201 10.00 2.36929488
301 10.00 2.36925640
401 10.00 2.36929889
501 10.00 2.36928182
601 10.00 2.36926241
701 10.00 2.36932564
801 10.00 2.36925993
901 10.00 2.36928225
1001 10.00 2.36924410
1101 10.00 2.36927052
1201 10.00 2.36930952
1301 10.00 2.36930041
1401 10.00 2.36926694
1501 10.00 2.36929145
1601 10.00 2.36926188
1701 10.00 2.36928010
1800 10.00 2.36924009
