1 12.60 2.29973959
41 100.00 0.00121291
81 100.00 0.00033913
121 100.00 0.00018686
161 100.00 0.00012598
201 100.00 0.00009383
241 100.00 0.00007410
281 100.00 0.00006087
321 100.00 0.00005144
361 100.00 0.00004441
401 100.00 0.00003897
441 100.00 0.00003466
481 100.00 0.00003115
521 100.00 0.00002825
561 100.00 0.00002581
601 100.00 0.00002375
641 100.00 0.00002197
681 100.00 0.00002042
721 100.00 0.00001906
761 100.00 0.00001786
801 100.00 0.00001679
841 100.00 0.00001583
881 100.00 0.00001497
921 100.00 0.00001420
961 100.00 0.00001349
1001 100.00 0.00001285
1041 100.00 0.00001226
1081 100.00 0.00001172
1121 100.00 0.00001122
1161 100.00 0.00001076
1200 100.00 0.00001035
