1 8.00 2.30234665
201 44.00 2.29558581
401 77.00 2.27563554
601 51.00 1.76931056
801 100.00 0.04571555
1001 100.00 0.00636262
1201 100.00 0.00289627
1401 100.00 0.00177188
1601 100.00 0.00124081
1801 100.00 0.00093882
2001 100.00 0.00074680
2201 100.00 0.00061521
2401 100.00 0.00052008
2601 100.00 0.00044846
2801 100.00 0.00039281
3001 100.00 0.00034846
3201 100.00 0.00031241
3401 100.00 0.00028258
3601 100.00 0.00025753
3801 100.00 0.00023623
4001 100.00 0.00021792
4201 100.00 0.00020204
4401 100.00 0.00018815
4601 100.00 0.00017589
4801 100.00 0.00016500
5001 100.00 0.00015530
5201 100.00 0.00014658
5401 100.00 0.00013870
5601 100.00 0.00013158
5801 100.00 0.00012508
6000 100.00 0.00011920
