1 51.79 1.14649930
2 73.41 0.63708807
3 77.31 0.58586787
4 76.06 0.63332623
5 80.44 0.50759579
6 84.40 0.42520960
7 83.27 0.43965786
8 86.10 0.37115714
9 85.44 0.39008889
10 84.44 0.42549586
11 86.08 0.38832344
12 85.94 0.38524115
13 70.14 2.15351447
14 85.83 0.37458424
15 67.54 0.86126923
16 85.73 0.38496551
17 83.38 0.42947850
18 85.38 0.39707167
19 71.00 0.88653440
20 82.37 0.60922258
21 65.92 0.90294685
31 85.31 0.43672562
41 90.34 0.26977158
51 87.06 0.42825888
61 71.54 nan
71 70.64 nan
81 51.96 nan
91 52.26 nan
101 51.81 nan
111 53.40 nan
121 52.45 nan
131 53.16 nan
141 53.09 nan
151 52.29 nan
161 54.49 nan
171 53.42 nan
181 54.35 nan
191 54.78 nan
201 52.47 nan
211 55.00 nan
221 55.00 nan
231 55.00 nan
241 55.00 nan
251 55.00 nan
261 55.00 nan
271 55.00 nan
281 55.00 nan
291 55.00 nan
301 55.00 nan
311 55.00 nan
321 55.00 nan
331 55.00 nan
341 55.00 nan
351 55.00 nan
361 55.00 nan
371 55.00 nan
381 55.00 nan
391 55.00 nan
400 55.00 nan
