1 10.00 2.30312898
21 10.00 2.29857972
41 12.00 2.29283125
61 27.00 2.28281739
81 44.20 2.25991886
101 32.40 2.17736630
121 44.00 1.71973609
141 51.40 1.19740977
161 60.60 0.99013680
181 66.00 0.83692575
201 63.20 0.85322972
221 77.20 0.66172556
241 81.20 0.57366665
261 74.40 0.75433609
281 84.00 0.47504384
301 85.60 0.40195468
321 79.80 0.43883082
341 90.60 0.28218871
361 91.20 0.29026188
381 91.60 0.24482831
401 88.00 0.33725731
421 96.00 0.15625988
441 96.60 0.14984165
461 96.40 0.15365411
481 97.00 0.14427079
501 98.40 0.07599988
521 97.40 0.10861724
541 100.00 0.04119517
561 97.80 0.11140469
581 100.00 0.03315959
601 100.00 0.02126568
621 100.00 0.01455864
641 100.00 0.01097778
661 100.00 0.00869856
681 100.00 0.00705455
701 100.00 0.00604920
721 100.00 0.00514167
741 100.00 0.00443313
761 100.00 0.00387200
781 100.00 0.00345474
801 100.00 0.00309440
821 100.00 0.00280174
841 100.00 0.00255013
861 100.00 0.00233749
881 100.00 0.00215568
901 100.00 0.00199519
921 100.00 0.00185596
941 100.00 0.00172975
960 100.00 0.00162648
