1 46.40 2.22457166
2 37.60 2.00855427
3 36.40 2.04359803
4 15.20 3.44630914
5 30.40 1.93036520
6 36.00 1.80568905
7 38.40 1.63166902
8 66.80 1.23815284
9 64.40 1.13245058
10 70.80 0.84710438
11 80.40 0.58227111
12 80.80 0.48010875
13 71.60 0.81500729
14 91.20 0.25423296
15 77.60 0.79904163
16 90.00 0.29553145
17 96.80 0.12851411
18 99.20 0.07533977
19 98.80 0.06376799
20 88.80 0.25110123
21 100.00 0.04551980
22 100.00 0.02202129
23 100.00 0.01464973
24 100.00 0.01090877
25 100.00 0.00900879
26 100.00 0.00757641
27 100.00 0.00657906
28 100.00 0.00577461
29 100.00 0.00518731
30 100.00 0.00468517
401 100.00 0.00009330
801 100.00 0.00004163
1201 100.00 0.00002613
1601 100.00 0.00001881
2001 100.00 0.00001457
2401 100.00 0.00001185
2801 100.00 0.00000994
3201 100.00 0.00000854
3601 100.00 0.00000747
4001 100.00 0.00000663
4401 100.00 0.00000595
4801 100.00 0.00000539
5201 100.00 0.00000493
5601 100.00 0.00000453
6001 100.00 0.00000420
6401 100.00 0.00000390
6801 100.00 0.00000365
7200 100.00 0.00000341
