1 16.05 2.29983172
41 100.00 0.00132287
81 100.00 0.00033379
121 100.00 0.00018095
161 100.00 0.00012125
201 100.00 0.00009003
241 100.00 0.00007102
281 100.00 0.00005833
321 100.00 0.00004929
361 100.00 0.00004255
401 100.00 0.00003734
441 100.00 0.00003320
481 100.00 0.00002984
521 100.00 0.00002706
561 100.00 0.00002473
601 100.00 0.00002274
641 100.00 0.00002103
681 100.00 0.00001955
721 100.00 0.00001825
761 100.00 0.00001710
801 100.00 0.00001608
841 100.00 0.00001517
881 100.00 0.00001435
921 100.00 0.00001360
961 100.00 0.00001293
1001 100.00 0.00001232
1041 100.00 0.00001175
1081 100.00 0.00001124
1121 100.00 0.00001076
1161 100.00 0.00001032
1200 100.00 0.00000993
