1 10.63 2.30090653
5 11.24 2.29275999
9 28.51 2.23543875
13 72.45 0.86593942
17 84.31 0.52923139
21 88.73 0.38855384
25 91.95 0.28371624
29 93.79 0.21827020
33 94.47 0.18912684
37 95.82 0.14715262
41 96.06 0.13497178
45 96.84 0.11108729
49 97.15 0.09994442
53 97.82 0.07895903
57 97.86 0.07547998
61 97.90 0.07234370
65 98.56 0.05445389
69 98.86 0.04562699
73 99.10 0.03839619
77 99.26 0.03256246
81 99.46 0.02648653
85 99.31 0.02779109
89 99.55 0.02165071
93 99.50 0.02317985
97 99.72 0.01581687
101 99.68 0.01704529
105 99.85 0.01147008
109 99.90 0.00907207
113 99.93 0.00761869
117 99.94 0.00692249
120 99.96 0.00549161
