1 9.93 2.30112663
5 11.24 2.29229570
9 27.88 2.21472411
13 76.55 0.73308825
17 85.65 0.49343737
21 89.26 0.37506974
25 92.23 0.27722907
29 93.98 0.21469624
33 94.75 0.18197212
37 96.12 0.13900179
41 96.60 0.12185951
45 96.36 0.12394076
49 97.55 0.08752698
53 97.79 0.08002481
57 98.27 0.06475790
61 98.63 0.05656650
65 98.88 0.04711725
69 99.03 0.04106613
73 99.21 0.03450517
77 99.35 0.02960943
81 99.53 0.02368571
85 98.73 0.03813034
89 99.75 0.01663540
93 99.48 0.02220689
97 99.86 0.01230611
101 99.90 0.00910598
105 99.94 0.00740343
109 99.95 0.00620076
113 99.97 0.00506739
117 99.93 0.00706135
120 99.98 0.00419122
