1 61.82 0.96169878
2 78.93 0.56613404
3 77.89 0.57148780
4 72.53 0.70013662
5 84.60 0.40914987
6 84.21 0.43798844
7 85.79 0.39143213
8 87.29 0.33772349
9 87.78 0.33705370
10 85.19 0.38430021
11 84.56 0.40673133
12 80.57 0.56916747
13 22.63 7.43643280
14 82.20 0.49984563
15 84.20 0.46060162
16 84.86 0.41956664
17 87.10 0.35466595
18 83.22 0.45074211
19 75.67 0.88961885
20 74.30 1.24945776
21 10.00 2.30597597
31 78.17 0.65875731
41 86.94 0.36148775
51 83.16 0.40559362
61 89.29 0.27575622
71 88.63 0.32553430
81 10.00 nan
91 10.00 nan
101 10.00 nan
111 10.00 nan
121 10.00 nan
131 10.00 nan
141 10.00 nan
151 10.00 nan
161 10.00 nan
171 10.00 nan
181 10.00 nan
191 10.00 nan
201 10.00 nan
211 10.00 nan
221 10.00 nan
231 10.00 nan
241 10.00 nan
251 10.00 nan
261 10.00 nan
271 10.00 nan
281 10.00 nan
291 10.00 nan
301 10.00 nan
311 10.00 nan
321 10.00 nan
331 10.00 nan
341 10.00 nan
351 10.00 nan
361 10.00 nan
371 10.00 nan
381 10.00 nan
391 10.00 nan
400 10.00 nan
