1 60.00 2.23856635
2 41.00 2.05806661
3 47.00 1.81092839
4 59.00 1.42151670
5 32.00 2.01550651
6 39.00 2.16594253
7 44.00 1.60172169
8 42.00 1.52118413
9 57.00 1.30050843
10 44.00 1.47548621
11 68.00 0.92760882
12 47.00 1.50642064
13 76.00 0.87913928
14 83.00 0.50702701
15 76.00 0.73829184
16 98.00 0.16310437
17 93.00 0.14748815
18 99.00 0.10525561
19 95.00 0.08058683
20 99.00 0.06960961
21 100.00 0.01570277
22 100.00 0.01091172
23 100.00 0.00839429
24 100.00 0.00677831
25 100.00 0.00573735
26 100.00 0.00493922
27 100.00 0.00433853
28 100.00 0.00388109
29 100.00 0.00349858
30 100.00 0.00319312
31 100.00 0.00292340
32 100.00 0.00270009
33 100.00 0.00251007
34 100.00 0.00234156
35 100.00 0.00219256
36 100.00 0.00206334
37 100.00 0.00194683
38 100.00 0.00184228
39 100.00 0.00174842
40 100.00 0.00166398
801 100.00 0.00003224
1601 100.00 0.00001466
2401 100.00 0.00000927
3201 100.00 0.00000671
4001 100.00 0.00000522
4801 100.00 0.00000425
5601 100.00 0.00000358
6401 100.00 0.00000308
7201 100.00 0.00000269
8001 100.00 0.00000240
8801 100.00 0.00000215
9601 100.00 0.00000196
10401 100.00 0.00000178
11201 100.00 0.00000163
12001 100.00 0.00000152
12801 100.00 0.00000140
13601 100.00 0.00000131
14401 100.00 0.00000123
15201 100.00 0.00000116
16001 100.00 0.00000110
16801 100.00 0.00000104
17601 100.00 0.00000098
18000 100.00 0.00000095
