1 12.25 2.30207878
2 12.75 2.30125129
3 13.75 2.30042607
4 14.75 2.29960467
5 15.25 2.29878750
6 15.75 2.29797238
7 16.25 2.29715754
8 17.00 2.29634371
9 18.25 2.29553117
10 18.75 2.29471968
11 19.25 2.29390790
12 20.00 2.29309595
13 20.75 2.29228167
14 21.75 2.29146661
15 22.75 2.29065096
16 24.00 2.28983365
17 25.25 2.28901373
18 26.75 2.28819102
19 27.00 2.28736426
20 28.25 2.28653501
21 29.25 2.28570126
22 30.50 2.28486267
23 31.00 2.28402096
24 33.00 2.28317519
25 35.25 2.28232589
26 36.25 2.28147107
27 37.00 2.28060970
28 38.75 2.27974275
29 40.00 2.27886862
30 41.25 2.27798651
31 42.25 2.27709636
32 43.25 2.27619934
33 44.00 2.27529325
34 45.50 2.27437653
35 47.00 2.27345110
36 48.25 2.27251476
37 49.25 2.27156684
38 50.50 2.27060762
39 51.00 2.26963586
40 51.50 2.26865017
41 51.75 2.26765154
42 52.25 2.26664086
43 52.50 2.26561822
44 53.75 2.26458089
45 53.50 2.26352715
46 53.75 2.26245998
47 54.00 2.26137803
48 55.00 2.26028159
49 55.50 2.25917017
50 54.75 2.25804326
51 55.75 2.25689872
52 55.75 2.25573508
53 55.75 2.25455339
54 56.00 2.25335406
55 56.50 2.25213708
56 56.75 2.25090145
57 56.75 2.24964315
58 56.50 2.24836193
59 57.00 2.24705738
60 57.25 2.24573106
61 58.00 2.24438053
62 58.50 2.24300513
63 58.25 2.24160627
64 58.25 2.24018213
65 58.50 2.23872812
66 58.50 2.23724490
67 59.00 2.23573169
68 59.75 2.23418564
69 59.50 2.23260659
70 59.50 2.23099403
71 59.50 2.22934772
72 59.50 2.22766948
73 59.25 2.22595668
74 59.75 2.22420630
75 59.75 2.22241682
76 59.50 2.22058925
77 59.00 2.21872002
78 59.25 2.21680768
79 58.50 2.21484916
80 58.25 2.21284543
81 58.25 2.21079561
82 57.75 2.20869812
83 57.75 2.20655173
84 57.75 2.20435731
85 58.25 2.20211163
86 58.00 2.19981341
87 58.00 2.19745949
88 58.00 2.19504887
89 58.00 2.19258100
90 58.00 2.19005337
91 58.00 2.18746245
92 58.00 2.18480682
93 57.75 2.18208174
94 57.75 2.17928778
95 58.25 2.17642701
96 58.25 2.17349361
97 58.00 2.17048135
98 57.75 2.16739127
99 58.00 2.16422109
100 58.25 2.16096957
151 73.00 1.81483051
301 99.50 0.19305909
451 100.00 0.03536735
601 100.00 0.01475326
751 100.00 0.00857610
901 100.00 0.00581871
1051 100.00 0.00430980
1201 100.00 0.00337622
1351 100.00 0.00274943
1501 100.00 0.00230339
1651 100.00 0.00197188
1801 100.00 0.00171695
1951 100.00 0.00151559
2101 100.00 0.00135300
2251 100.00 0.00121928
2401 100.00 0.00110762
2551 100.00 0.00101314
2701 100.00 0.00093227
2851 100.00 0.00086237
3001 100.00 0.00080140
3151 100.00 0.00074782
3301 100.00 0.00070040
3451 100.00 0.00065817
3601 100.00 0.00062034
3751 100.00 0.00058629
3901 100.00 0.00055549
4051 100.00 0.00052751
4201 100.00 0.00050200
4351 100.00 0.00047865
4501 100.00 0.00045720
4651 100.00 0.00043745
4801 100.00 0.00041920
4951 100.00 0.00040230
5101 100.00 0.00038660
5251 100.00 0.00037199
5401 100.00 0.00035834
5551 100.00 0.00034559
5701 100.00 0.00033365
5851 100.00 0.00032244
6000 100.00 0.00031197
