1 61.33 1.67240307
2 71.77 0.86663549
3 84.99 0.48472785
4 88.16 0.37998073
5 90.02 0.33924478
6 89.61 0.33653184
7 91.19 0.28082617
8 93.77 0.21433206
9 93.62 0.21443944
10 94.37 0.19135138
11 96.12 0.13973298
12 95.95 0.14117902
13 96.22 0.13347638
14 96.04 0.13116188
15 96.72 0.11858087
16 97.38 0.09517730
17 97.75 0.08196075
18 97.86 0.07724494
19 98.91 0.05151116
20 99.03 0.04628288
25 99.41 0.02768990
33 99.98 0.00663976
41 100.00 0.00333121
49 100.00 0.00209047
57 100.00 0.00149590
65 100.00 0.00117017
73 100.00 0.00092309
81 100.00 0.00079331
89 100.00 0.00065404
97 100.00 0.00056419
105 100.00 0.00049614
113 100.00 0.00044047
121 100.00 0.00039665
129 100.00 0.00035762
137 100.00 0.00032815
145 100.00 0.00030095
153 100.00 0.00027855
161 100.00 0.00025650
169 100.00 0.00023958
177 100.00 0.00022417
185 100.00 0.00021018
193 100.00 0.00019755
201 100.00 0.00018744
209 100.00 0.00017676
217 100.00 0.00016846
225 100.00 0.00015958
233 100.00 0.00015212
240 100.00 0.00014637
