1 87.18 0.42169173
2 92.02 0.27236964
3 93.86 0.20850026
4 94.89 0.17367967
5 95.97 0.13941594
6 96.23 0.12812841
7 96.85 0.10739691
8 97.09 0.09949135
9 97.30 0.09252208
10 98.07 0.06855444
11 98.01 0.06898805
12 98.27 0.06055374
13 98.30 0.05793940
14 98.78 0.04503527
15 98.84 0.04339362
16 99.08 0.03551277
17 98.94 0.03878649
18 99.05 0.03501070
19 99.42 0.02541159
20 99.34 0.02722468
21 94.86 0.20058937
31 99.87 0.00938041
41 99.99 0.00359503
51 100.00 0.00192343
61 100.00 0.00125948
71 100.00 0.00095822
81 100.00 0.00073523
91 100.00 0.00060216
101 100.00 0.00050245
111 100.00 0.00043106
121 100.00 0.00037758
131 100.00 0.00033469
141 100.00 0.00029822
151 100.00 0.00026875
161 100.00 0.00024606
171 100.00 0.00022379
181 100.00 0.00020592
191 100.00 0.00019105
200 100.00 0.00017898
