1 100.00 0.00000301
2 100.00 0.00000301
3 100.00 0.00000301
4 100.00 0.00000300
5 100.00 0.00000300
6 100.00 0.00000299
7 100.00 0.00000299
8 100.00 0.00000299
9 100.00 0.00000299
10 100.00 0.00000298
11 100.00 0.00000298
12 100.00 0.00000298
13 100.00 0.00000298
14 100.00 0.00000297
15 100.00 0.00000297
16 100.00 0.00000297
17 100.00 0.00000297
18 100.00 0.00000296
19 100.00 0.00000296
20 100.00 0.00000296
21 100.00 0.00000296
22 100.00 0.00000295
23 100.00 0.00000295
24 100.00 0.00000295
25 100.00 0.00000294
26 100.00 0.00000294
51 100.00 0.00000288
76 100.00 0.00000281
101 100.00 0.00000275
126 100.00 0.00000270
151 100.00 0.00000266
176 100.00 0.00000261
201 100.00 0.00000256
226 100.00 0.00000251
251 100.00 0.00000247
276 100.00 0.00000244
301 100.00 0.00000239
326 100.00 0.00000235
351 100.00 0.00000232
376 100.00 0.00000229
401 100.00 0.00000226
426 100.00 0.00000222
451 100.00 0.00000219
476 100.00 0.00000217
501 100.00 0.00000213
526 100.00 0.00000211
551 100.00 0.00000208
576 100.00 0.00000205
601 100.00 0.00000203
626 100.00 0.00000199
651 100.00 0.00000198
676 100.00 0.00000196
701 100.00 0.00000193
726 100.00 0.00000191
751 100.00 0.00000189
776 100.00 0.00000186
801 100.00 0.00000184
826 100.00 0.00000182
851 100.00 0.00000181
876 100.00 0.00000178
901 100.00 0.00000176
926 100.00 0.00000175
951 100.00 0.00000173
976 100.00 0.00000170
1000 100.00 0.00000169
