1 43.04 1.39618490
2 76.09 0.63345662
3 80.77 0.52324269
4 81.45 0.50486164
5 79.80 0.53354069
6 83.16 0.44661806
7 83.31 0.42894354
8 85.17 0.40311414
9 87.98 0.32687281
10 85.20 0.39309024
11 85.48 0.40372495
21 88.51 0.30145161
31 89.27 0.26129411
41 94.91 0.13911087
51 91.64 0.22832388
61 93.42 0.17164597
71 95.65 0.11307492
81 96.32 0.09627017
91 97.39 0.06782444
101 94.44 0.17602398
111 96.94 0.09260723
121 95.84 0.13130618
131 99.33 0.02037215
141 98.00 0.05272239
151 97.92 0.06484709
161 99.93 0.00441176
171 99.95 0.00224594
181 100.00 0.00027754
191 100.00 0.00017169
200 100.00 0.00013148
