1 52.40 2.27253318
5 79.79 0.79047326
9 88.30 0.41068765
13 90.53 0.33346490
17 91.66 0.29252851
21 92.44 0.26324273
25 93.35 0.23316872
29 94.08 0.20894390
33 94.64 0.19019921
37 95.05 0.17267854
41 95.47 0.15945701
45 95.89 0.14440411
49 96.15 0.13309803
53 96.47 0.12321093
57 96.84 0.11298036
61 97.06 0.10581854
65 97.25 0.09878876
69 97.45 0.09172953
73 97.62 0.08529841
77 97.80 0.07986158
81 97.97 0.07433576
85 98.06 0.07120936
89 98.25 0.06640198
93 98.36 0.06112359
97 98.48 0.05768691
101 98.57 0.05414345
105 98.68 0.05093028
109 98.77 0.04801246
113 98.81 0.04611374
117 98.93 0.04261493
120 99.00 0.04064290
