1 10.00 2.29893410
2 10.00 2.29480624
3 12.00 2.29076844
4 17.00 2.28673667
5 22.00 2.28267223
6 33.00 2.27848709
7 40.00 2.27416313
8 46.00 2.26962090
9 49.00 2.26480806
10 53.00 2.25966972
11 60.00 2.25420588
12 69.00 2.24829549
13 75.00 2.24185205
14 75.00 2.23482293
15 78.00 2.22708273
16 80.00 2.21854025
17 84.00 2.20914078
18 83.00 2.19866675
19 87.00 2.18696231
20 88.00 2.17368168
21 87.00 2.15862072
22 88.00 2.14134949
23 88.00 2.12168640
24 89.00 2.09904671
25 89.00 2.07306933
26 88.00 2.04291987
27 87.00 2.00824925
28 88.00 1.96733341
29 87.00 1.92036197
30 87.00 1.86526024
31 88.00 1.80167145
32 91.00 1.72812206
33 93.00 1.64564434
34 88.00 1.55581886
35 91.00 1.45654950
36 93.00 1.34948257
37 94.00 1.23823193
38 93.00 1.12700510
39 94.00 1.02332325
40 96.00 0.92916422
41 94.00 0.82710521
42 91.00 0.76870610
43 92.00 0.68464564
44 96.00 0.61414517
45 93.00 0.55326541
46 96.00 0.49225307
47 91.00 0.48474506
48 96.00 0.43085495
49 96.00 0.36573282
50 99.00 0.33628106
51 98.00 0.29880188
52 99.00 0.26985015
53 98.00 0.25545878
54 96.00 0.24901521
55 97.00 0.21612298
56 93.00 0.23901622
57 100.00 0.17750796
58 100.00 0.16325453
59 98.00 0.17164699
60 97.00 0.16350083
61 100.00 0.13389049
62 100.00 0.12245387
63 100.00 0.11302925
64 100.00 0.11409212
65 100.00 0.10476492
66 100.00 0.09267722
67 100.00 0.09936012
68 100.00 0.08675046
69 100.00 0.07704659
70 100.00 0.07406321
71 100.00 0.06987315
72 100.00 0.06908832
73 100.00 0.06630709
74 100.00 0.05976645
75 100.00 0.05691541
76 100.00 0.05663823
77 100.00 0.05067005
78 100.00 0.04855836
79 100.00 0.05065676
80 100.00 0.04466501
81 100.00 0.04257263
82 100.00 0.04094355
83 100.00 0.03949098
84 100.00 0.03779206
85 100.00 0.03621491
86 100.00 0.03497412
87 100.00 0.03371235
88 100.00 0.03243288
89 100.00 0.03107947
90 100.00 0.03003716
91 100.00 0.02930174
92 100.00 0.02790240
93 100.00 0.02740128
94 100.00 0.02614411
95 100.00 0.02529703
96 100.00 0.02459321
97 100.00 0.02404170
98 100.00 0.02314141
99 100.00 0.02254932
100 100.00 0.02179548
101 100.00 0.02122041
102 100.00 0.02068910
103 100.00 0.02003315
104 100.00 0.01948175
105 100.00 0.01897608
106 100.00 0.01848188
107 100.00 0.01809614
108 100.00 0.01757922
109 100.00 0.01714990
110 100.00 0.01671934
111 100.00 0.01635177
112 100.00 0.01594900
113 100.00 0.01558395
114 100.00 0.01522662
115 100.00 0.01490306
116 100.00 0.01456263
117 100.00 0.01424514
118 100.00 0.01394509
119 100.00 0.01366240
120 100.00 0.01338382
121 100.00 0.01309626
122 100.00 0.01285112
123 100.00 0.01258092
124 100.00 0.01233087
125 100.00 0.01210506
126 100.00 0.01189473
127 100.00 0.01165649
128 100.00 0.01141957
129 100.00 0.01120383
130 100.00 0.01099925
131 100.00 0.01080025
132 100.00 0.01061002
133 100.00 0.01042207
134 100.00 0.01024810
135 100.00 0.01007641
136 100.00 0.00990174
137 100.00 0.00973850
138 100.00 0.00957539
139 100.00 0.00942217
140 100.00 0.00926506
141 100.00 0.00911819
142 100.00 0.00897627
143 100.00 0.00883429
144 100.00 0.00869844
145 100.00 0.00856456
146 100.00 0.00844177
147 100.00 0.00831215
148 100.00 0.00818776
149 100.00 0.00807048
150 100.00 0.00795944
151 100.00 0.00784177
152 100.00 0.00772781
153 100.00 0.00762308
154 100.00 0.00751302
155 100.00 0.00741023
156 100.00 0.00730956
157 100.00 0.00721110
158 100.00 0.00711490
159 100.00 0.00702154
160 100.00 0.00693227
161 100.00 0.00684014
162 100.00 0.00675285
163 100.00 0.00667201
164 100.00 0.00658319
165 100.00 0.00649915
166 100.00 0.00641933
167 100.00 0.00634174
168 100.00 0.00626628
169 100.00 0.00618859
170 100.00 0.00611351
171 100.00 0.00604188
172 100.00 0.00597001
173 100.00 0.00590091
174 100.00 0.00583342
175 100.00 0.00576669
176 100.00 0.00570166
177 100.00 0.00564022
178 100.00 0.00557578
179 100.00 0.00551283
180 100.00 0.00545371
181 100.00 0.00539395
182 100.00 0.00533632
183 100.00 0.00527923
184 100.00 0.00522117
185 100.00 0.00516739
186 100.00 0.00511300
187 100.00 0.00506037
188 100.00 0.00500900
189 100.00 0.00495731
190 100.00 0.00490730
191 100.00 0.00485733
192 100.00 0.00480909
193 100.00 0.00476177
194 100.00 0.00471464
195 100.00 0.00466921
196 100.00 0.00462438
197 100.00 0.00457931
198 100.00 0.00453555
199 100.00 0.00449264
200 100.00 0.00445038
201 100.00 0.00440870
251 100.00 0.00295414
301 100.00 0.00217624
351 100.00 0.00170047
401 100.00 0.00138348
451 100.00 0.00115898
501 100.00 0.00099256
551 100.00 0.00086474
601 100.00 0.00076381
651 100.00 0.00068242
701 100.00 0.00061547
751 100.00 0.00055958
801 100.00 0.00051229
851 100.00 0.00047181
901 100.00 0.00043679
951 100.00 0.00040624
1001 100.00 0.00037939
1051 100.00 0.00035562
1101 100.00 0.00033442
1151 100.00 0.00031542
1201 100.00 0.00029831
1251 100.00 0.00028283
1301 100.00 0.00026874
1351 100.00 0.00025591
1401 100.00 0.00024415
1451 100.00 0.00023333
1501 100.00 0.00022337
1551 100.00 0.00021416
1601 100.00 0.00020562
1651 100.00 0.00019769
1701 100.00 0.00019031
1751 100.00 0.00018342
1801 100.00 0.00017698
1851 100.00 0.00017094
1901 100.00 0.00016527
1951 100.00 0.00015992
2001 100.00 0.00015489
2051 100.00 0.00015014
2101 100.00 0.00014566
2151 100.00 0.00014142
2201 100.00 0.00013740
2251 100.00 0.00013359
2301 100.00 0.00012996
2351 100.00 0.00012651
2401 100.00 0.00012323
2451 100.00 0.00012010
2501 100.00 0.00011712
2551 100.00 0.00011428
2601 100.00 0.00011154
2651 100.00 0.00010894
2701 100.00 0.00010644
2751 100.00 0.00010406
2801 100.00 0.00010175
2851 100.00 0.00009955
2901 100.00 0.00009742
2951 100.00 0.00009540
3001 100.00 0.00009343
3051 100.00 0.00009155
3101 100.00 0.00008974
3151 100.00 0.00008799
3201 100.00 0.00008630
3251 100.00 0.00008468
3301 100.00 0.00008310
3351 100.00 0.00008158
3401 100.00 0.00008011
3451 100.00 0.00007870
3501 100.00 0.00007733
3551 100.00 0.00007598
3601 100.00 0.00007469
3651 100.00 0.00007345
3701 100.00 0.00007224
3751 100.00 0.00007107
3801 100.00 0.00006993
3851 100.00 0.00006883
3901 100.00 0.00006775
3951 100.00 0.00006671
4001 100.00 0.00006569
4051 100.00 0.00006471
4101 100.00 0.00006375
4151 100.00 0.00006281
4201 100.00 0.00006190
4251 100.00 0.00006102
4301 100.00 0.00006016
4351 100.00 0.00005932
4401 100.00 0.00005850
4451 100.00 0.00005770
4501 100.00 0.00005694
4551 100.00 0.00005617
4601 100.00 0.00005543
4651 100.00 0.00005472
4701 100.00 0.00005401
4751 100.00 0.00005332
4801 100.00 0.00005266
4851 100.00 0.00005201
4901 100.00 0.00005137
4951 100.00 0.00005074
5001 100.00 0.00005012
5051 100.00 0.00004953
5101 100.00 0.00004893
5151 100.00 0.00004837
5201 100.00 0.00004780
5251 100.00 0.00004725
5301 100.00 0.00004672
5351 100.00 0.00004620
5401 100.00 0.00004568
5451 100.00 0.00004517
5501 100.00 0.00004468
5551 100.00 0.00004420
5601 100.00 0.00004373
5651 100.00 0.00004326
5701 100.00 0.00004281
5751 100.00 0.00004236
5801 100.00 0.00004191
5851 100.00 0.00004149
5901 100.00 0.00004108
5951 100.00 0.00004066
6001 100.00 0.00004025
6051 100.00 0.00003984
6101 100.00 0.00003945
6151 100.00 0.00003907
6201 100.00 0.00003869
6251 100.00 0.00003833
6301 100.00 0.00003796
6351 100.00 0.00003760
6401 100.00 0.00003724
6451 100.00 0.00003689
6501 100.00 0.00003656
6551 100.00 0.00003623
6601 100.00 0.00003591
6651 100.00 0.00003558
6701 100.00 0.00003526
6751 100.00 0.00003496
6801 100.00 0.00003465
6851 100.00 0.00003435
6901 100.00 0.00003405
6951 100.00 0.00003375
7001 100.00 0.00003346
7051 100.00 0.00003319
7101 100.00 0.00003290
7151 100.00 0.00003263
7201 100.00 0.00003237
7251 100.00 0.00003211
7301 100.00 0.00003184
7351 100.00 0.00003158
7401 100.00 0.00003133
7451 100.00 0.00003107
7501 100.00 0.00003082
7551 100.00 0.00003058
7601 100.00 0.00003034
7651 100.00 0.00003011
7701 100.00 0.00002988
7751 100.00 0.00002965
7801 100.00 0.00002942
7851 100.00 0.00002919
7901 100.00 0.00002898
7951 100.00 0.00002876
8001 100.00 0.00002854
8051 100.00 0.00002833
8101 100.00 0.00002812
8151 100.00 0.00002793
8201 100.00 0.00002773
8251 100.00 0.00002752
8301 100.00 0.00002732
8351 100.00 0.00002713
8401 100.00 0.00002694
8451 100.00 0.00002675
8501 100.00 0.00002656
8551 100.00 0.00002639
8601 100.00 0.00002620
8651 100.00 0.00002601
8701 100.00 0.00002584
8751 100.00 0.00002567
8801 100.00 0.00002549
8851 100.00 0.00002532
8901 100.00 0.00002514
8951 100.00 0.00002499
9001 100.00 0.00002482
9051 100.00 0.00002466
9101 100.00 0.00002450
9151 100.00 0.00002434
9201 100.00 0.00002419
9251 100.00 0.00002403
9301 100.00 0.00002388
9351 100.00 0.00002373
9401 100.00 0.00002358
9451 100.00 0.00002344
9501 100.00 0.00002329
9551 100.00 0.00002314
9601 100.00 0.00002300
9651 100.00 0.00002285
9701 100.00 0.00002271
9751 100.00 0.00002258
9801 100.00 0.00002245
9851 100.00 0.00002231
9901 100.00 0.00002218
9951 100.00 0.00002205
10001 100.00 0.00002191
10051 100.00 0.00002179
10101 100.00 0.00002166
10151 100.00 0.00002154
10201 100.00 0.00002141
10251 100.00 0.00002129
10301 100.00 0.00002116
10351 100.00 0.00002105
10401 100.00 0.00002092
10451 100.00 0.00002081
10501 100.00 0.00002070
10551 100.00 0.00002058
10601 100.00 0.00002047
10651 100.00 0.00002035
10701 100.00 0.00002024
10751 100.00 0.00002013
10801 100.00 0.00002001
10851 100.00 0.00001991
10901 100.00 0.00001980
10951 100.00 0.00001969
11001 100.00 0.00001959
11051 100.00 0.00001948
11101 100.00 0.00001939
11151 100.00 0.00001927
11201 100.00 0.00001917
11251 100.00 0.00001907
11301 100.00 0.00001898
11351 100.00 0.00001888
11401 100.00 0.00001878
11451 100.00 0.00001868
11501 100.00 0.00001858
11551 100.00 0.00001849
11601 100.00 0.00001839
11651 100.00 0.00001830
11701 100.00 0.00001821
11751 100.00 0.00001812
11801 100.00 0.00001803
11851 100.00 0.00001795
11901 100.00 0.00001786
11951 100.00 0.00001777
12001 100.00 0.00001767
12051 100.00 0.00001759
12101 100.00 0.00001750
12151 100.00 0.00001742
12201 100.00 0.00001733
12251 100.00 0.00001726
12301 100.00 0.00001718
12351 100.00 0.00001710
12401 100.00 0.00001701
12451 100.00 0.00001693
12501 100.00 0.00001684
12551 100.00 0.00001676
12601 100.00 0.00001669
12651 100.00 0.00001661
12701 100.00 0.00001653
12751 100.00 0.00001645
12801 100.00 0.00001638
12851 100.00 0.00001630
12901 100.00 0.00001622
12951 100.00 0.00001616
13001 100.00 0.00001608
13051 100.00 0.00001601
13101 100.00 0.00001594
13151 100.00 0.00001587
13201 100.00 0.00001580
13251 100.00 0.00001573
13301 100.00 0.00001566
13351 100.00 0.00001559
13401 100.00 0.00001553
13451 100.00 0.00001545
13501 100.00 0.00001538
13551 100.00 0.00001532
13601 100.00 0.00001526
13651 100.00 0.00001518
13701 100.00 0.00001513
13751 100.00 0.00001506
13801 100.00 0.00001500
13851 100.00 0.00001494
13901 100.00 0.00001488
13951 100.00 0.00001482
14001 100.00 0.00001475
14051 100.00 0.00001468
14101 100.00 0.00001463
14151 100.00 0.00001457
14201 100.00 0.00001451
14251 100.00 0.00001446
14301 100.00 0.00001439
14351 100.00 0.00001433
14401 100.00 0.00001428
14451 100.00 0.00001421
14501 100.00 0.00001415
14551 100.00 0.00001410
14601 100.00 0.00001404
14651 100.00 0.00001399
14701 100.00 0.00001393
14751 100.00 0.00001387
14801 100.00 0.00001382
14851 100.00 0.00001377
14901 100.00 0.00001371
14951 100.00 0.00001365
15001 100.00 0.00001361
15051 100.00 0.00001355
15101 100.00 0.00001350
15151 100.00 0.00001345
15201 100.00 0.00001340
15251 100.00 0.00001335
15301 100.00 0.00001330
15351 100.00 0.00001324
15401 100.00 0.00001320
15451 100.00 0.00001314
15501 100.00 0.00001309
15551 100.00 0.00001304
15601 100.00 0.00001299
15651 100.00 0.00001294
15701 100.00 0.00001290
15751 100.00 0.00001285
15801 100.00 0.00001281
15851 100.00 0.00001276
15901 100.00 0.00001271
15951 100.00 0.00001266
16001 100.00 0.00001262
16051 100.00 0.00001257
16101 100.00 0.00001254
16151 100.00 0.00001249
16201 100.00 0.00001244
16251 100.00 0.00001239
16301 100.00 0.00001235
16351 100.00 0.00001230
16401 100.00 0.00001226
16451 100.00 0.00001222
16501 100.00 0.00001217
16551 100.00 0.00001213
16601 100.00 0.00001209
16651 100.00 0.00001204
16701 100.00 0.00001200
16751 100.00 0.00001196
16801 100.00 0.00001192
16851 100.00 0.00001188
16901 100.00 0.00001183
16951 100.00 0.00001179
17001 100.00 0.00001175
17051 100.00 0.00001171
17101 100.00 0.00001167
17151 100.00 0.00001163
17201 100.00 0.00001160
17251 100.00 0.00001155
17301 100.00 0.00001151
17351 100.00 0.00001147
17401 100.00 0.00001143
17451 100.00 0.00001140
17501 100.00 0.00001136
17551 100.00 0.00001133
17601 100.00 0.00001129
17651 100.00 0.00001125
17701 100.00 0.00001121
17751 100.00 0.00001118
17801 100.00 0.00001114
17851 100.00 0.00001111
17901 100.00 0.00001107
17951 100.00 0.00001103
18001 100.00 0.00001100
18051 100.00 0.00001096
18101 100.00 0.00001092
18151 100.00 0.00001089
18201 100.00 0.00001086
18251 100.00 0.00001083
18301 100.00 0.00001080
18351 100.00 0.00001076
18401 100.00 0.00001072
18451 100.00 0.00001069
18501 100.00 0.00001066
18551 100.00 0.00001063
18601 100.00 0.00001059
18651 100.00 0.00001056
18701 100.00 0.00001053
18751 100.00 0.00001049
18801 100.00 0.00001046
18851 100.00 0.00001043
18901 100.00 0.00001040
18951 100.00 0.00001036
19001 100.00 0.00001034
19051 100.00 0.00001030
19101 100.00 0.00001027
19151 100.00 0.00001024
19201 100.00 0.00001020
19251 100.00 0.00001018
19301 100.00 0.00001015
19351 100.00 0.00001012
19401 100.00 0.00001009
19451 100.00 0.00001006
19501 100.00 0.00001002
19551 100.00 0.00000999
19601 100.00 0.00000996
19651 100.00 0.00000994
19701 100.00 0.00000991
19751 100.00 0.00000988
19801 100.00 0.00000986
19851 100.00 0.00000982
19901 100.00 0.00000979
19951 100.00 0.00000977
20001 100.00 0.00000974
20051 100.00 0.00000971
20101 100.00 0.00000968
20151 100.00 0.00000965
20201 100.00 0.00000962
20251 100.00 0.00000961
20301 100.00 0.00000958
20351 100.00 0.00000955
20401 100.00 0.00000952
20451 100.00 0.00000949
20501 100.00 0.00000945
20551 100.00 0.00000942
20601 100.00 0.00000940
20651 100.00 0.00000938
20701 100.00 0.00000935
20751 100.00 0.00000932
20801 100.00 0.00000930
20851 100.00 0.00000928
20901 100.00 0.00000925
20951 100.00 0.00000922
21001 100.00 0.00000920
21051 100.00 0.00000917
21101 100.00 0.00000915
21151 100.00 0.00000913
21201 100.00 0.00000911
21251 100.00 0.00000908
21301 100.00 0.00000904
21351 100.00 0.00000902
21401 100.00 0.00000900
21451 100.00 0.00000898
21501 100.00 0.00000895
21551 100.00 0.00000893
21601 100.00 0.00000891
21651 100.00 0.00000889
21701 100.00 0.00000886
21751 100.00 0.00000882
21801 100.00 0.00000881
21851 100.00 0.00000879
21901 100.00 0.00000876
21951 100.00 0.00000873
22001 100.00 0.00000872
22051 100.00 0.00000870
22101 100.00 0.00000867
22151 100.00 0.00000865
22201 100.00 0.00000862
22251 100.00 0.00000860
22301 100.00 0.00000858
22351 100.00 0.00000856
22401 100.00 0.00000854
22451 100.00 0.00000851
22501 100.00 0.00000849
22551 100.00 0.00000847
22601 100.00 0.00000845
22651 100.00 0.00000843
22701 100.00 0.00000841
22751 100.00 0.00000838
22801 100.00 0.00000836
22851 100.00 0.00000834
22901 100.00 0.00000832
22951 100.00 0.00000830
23001 100.00 0.00000828
23051 100.00 0.00000826
23101 100.00 0.00000824
23151 100.00 0.00000821
23201 100.00 0.00000820
23251 100.00 0.00000817
23301 100.00 0.00000815
23351 100.00 0.00000814
23401 100.00 0.00000812
23451 100.00 0.00000811
23501 100.00 0.00000808
23551 100.00 0.00000806
23601 100.00 0.00000804
23651 100.00 0.00000801
23701 100.00 0.00000800
23751 100.00 0.00000798
23801 100.00 0.00000796
23851 100.00 0.00000794
23901 100.00 0.00000793
23951 100.00 0.00000790
24001 100.00 0.00000788
24051 100.00 0.00000786
24101 100.00 0.00000784
24151 100.00 0.00000783
24201 100.00 0.00000781
24251 100.00 0.00000778
24301 100.00 0.00000776
24351 100.00 0.00000775
24401 100.00 0.00000773
24451 100.00 0.00000771
24501 100.00 0.00000769
24551 100.00 0.00000768
24601 100.00 0.00000767
24651 100.00 0.00000764
24701 100.00 0.00000762
24751 100.00 0.00000759
24801 100.00 0.00000759
24851 100.00 0.00000757
24901 100.00 0.00000755
24951 100.00 0.00000753
25001 100.00 0.00000751
25051 100.00 0.00000750
25101 100.00 0.00000749
25151 100.00 0.00000747
25201 100.00 0.00000745
25251 100.00 0.00000743
25301 100.00 0.00000742
25351 100.00 0.00000740
25401 100.00 0.00000738
25451 100.00 0.00000736
25501 100.00 0.00000735
25551 100.00 0.00000733
25601 100.00 0.00000732
25651 100.00 0.00000730
25701 100.00 0.00000729
25751 100.00 0.00000727
25801 100.00 0.00000725
25851 100.00 0.00000723
25901 100.00 0.00000721
25951 100.00 0.00000720
26001 100.00 0.00000718
26051 100.00 0.00000717
26101 100.00 0.00000715
26151 100.00 0.00000713
26201 100.00 0.00000712
26251 100.00 0.00000710
26301 100.00 0.00000709
26351 100.00 0.00000707
26401 100.00 0.00000705
26451 100.00 0.00000704
26501 100.00 0.00000702
26551 100.00 0.00000701
26601 100.00 0.00000699
26651 100.00 0.00000698
26701 100.00 0.00000696
26751 100.00 0.00000694
26801 100.00 0.00000693
26851 100.00 0.00000692
26901 100.00 0.00000690
26951 100.00 0.00000688
27001 100.00 0.00000687
27051 100.00 0.00000686
27101 100.00 0.00000684
27151 100.00 0.00000683
27201 100.00 0.00000682
27251 100.00 0.00000681
27301 100.00 0.00000679
27351 100.00 0.00000677
27401 100.00 0.00000676
27451 100.00 0.00000675
27501 100.00 0.00000673
27551 100.00 0.00000672
27601 100.00 0.00000670
27651 100.00 0.00000669
27701 100.00 0.00000667
27751 100.00 0.00000666
27801 100.00 0.00000665
27851 100.00 0.00000664
27901 100.00 0.00000662
27951 100.00 0.00000661
28001 100.00 0.00000660
28051 100.00 0.00000658
28101 100.00 0.00000656
28151 100.00 0.00000655
28201 100.00 0.00000653
28251 100.00 0.00000652
28301 100.00 0.00000651
28351 100.00 0.00000650
28401 100.00 0.00000649
28451 100.00 0.00000647
28501 100.00 0.00000646
28551 100.00 0.00000644
28601 100.00 0.00000644
28651 100.00 0.00000642
28701 100.00 0.00000641
28751 100.00 0.00000639
28801 100.00 0.00000638
28851 100.00 0.00000637
28901 100.00 0.00000636
28951 100.00 0.00000634
29001 100.00 0.00000633
29051 100.00 0.00000632
29101 100.00 0.00000630
29151 100.00 0.00000629
29201 100.00 0.00000628
29251 100.00 0.00000626
29301 100.00 0.00000625
29351 100.00 0.00000624
29401 100.00 0.00000623
29451 100.00 0.00000622
29501 100.00 0.00000621
29551 100.00 0.00000620
29601 100.00 0.00000618
29651 100.00 0.00000617
29701 100.00 0.00000616
29751 100.00 0.00000615
29801 100.00 0.00000613
29851 100.00 0.00000612
29901 100.00 0.00000611
29951 100.00 0.00000611
30001 100.00 0.00000609
30051 100.00 0.00000607
30101 100.00 0.00000607
30151 100.00 0.00000605
30201 100.00 0.00000605
30251 100.00 0.00000604
30301 100.00 0.00000602
30351 100.00 0.00000601
30401 100.00 0.00000600
30451 100.00 0.00000599
30501 100.00 0.00000598
30551 100.00 0.00000597
30601 100.00 0.00000596
30651 100.00 0.00000595
30701 100.00 0.00000594
30751 100.00 0.00000593
30801 100.00 0.00000592
30851 100.00 0.00000590
30901 100.00 0.00000588
30951 100.00 0.00000587
31001 100.00 0.00000585
31051 100.00 0.00000584
31101 100.00 0.00000584
31151 100.00 0.00000583
31201 100.00 0.00000582
31251 100.00 0.00000581
31301 100.00 0.00000579
31351 100.00 0.00000579
31401 100.00 0.00000578
31451 100.00 0.00000577
31501 100.00 0.00000576
31551 100.00 0.00000574
31601 100.00 0.00000573
31651 100.00 0.00000572
31701 100.00 0.00000571
31751 100.00 0.00000570
31801 100.00 0.00000569
31851 100.00 0.00000568
31901 100.00 0.00000567
31951 100.00 0.00000565
32001 100.00 0.00000564
32051 100.00 0.00000563
32101 100.00 0.00000563
32151 100.00 0.00000562
32201 100.00 0.00000561
32251 100.00 0.00000560
32301 100.00 0.00000559
32351 100.00 0.00000557
32401 100.00 0.00000556
32451 100.00 0.00000555
32501 100.00 0.00000554
32551 100.00 0.00000554
32601 100.00 0.00000553
32651 100.00 0.00000552
32701 100.00 0.00000551
32751 100.00 0.00000550
32801 100.00 0.00000549
32851 100.00 0.00000548
32901 100.00 0.00000547
32951 100.00 0.00000546
33001 100.00 0.00000545
33051 100.00 0.00000544
33101 100.00 0.00000543
33151 100.00 0.00000542
33201 100.00 0.00000541
33251 100.00 0.00000540
33301 100.00 0.00000539
33351 100.00 0.00000538
33401 100.00 0.00000537
33451 100.00 0.00000536
33501 100.00 0.00000535
33551 100.00 0.00000534
33601 100.00 0.00000534
33651 100.00 0.00000533
33701 100.00 0.00000532
33751 100.00 0.00000531
33801 100.00 0.00000531
33851 100.00 0.00000530
33901 100.00 0.00000529
33951 100.00 0.00000528
34001 100.00 0.00000526
34051 100.00 0.00000525
34101 100.00 0.00000525
34151 100.00 0.00000524
34201 100.00 0.00000523
34251 100.00 0.00000522
34301 100.00 0.00000521
34351 100.00 0.00000520
34401 100.00 0.00000520
34451 100.00 0.00000519
34501 100.00 0.00000518
34551 100.00 0.00000518
34601 100.00 0.00000516
34651 100.00 0.00000515
34701 100.00 0.00000514
34751 100.00 0.00000513
34801 100.00 0.00000513
34851 100.00 0.00000512
34901 100.00 0.00000511
34951 100.00 0.00000511
35001 100.00 0.00000510
35051 100.00 0.00000509
35101 100.00 0.00000508
35151 100.00 0.00000507
35201 100.00 0.00000507
35251 100.00 0.00000506
35301 100.00 0.00000505
35351 100.00 0.00000504
35401 100.00 0.00000503
35451 100.00 0.00000502
35501 100.00 0.00000501
35551 100.00 0.00000500
35601 100.00 0.00000500
35651 100.00 0.00000499
35701 100.00 0.00000498
35751 100.00 0.00000497
35801 100.00 0.00000496
35851 100.00 0.00000496
35901 100.00 0.00000495
35951 100.00 0.00000494
36000 100.00 0.00000493
