1 10.00 2.30072403
2 10.00 2.29931122
3 12.10 2.29792243
4 15.80 2.29635489
5 17.60 2.29451185
6 17.70 2.29239374
7 18.60 2.28973490
8 21.90 2.28649300
9 23.20 2.28215200
10 23.50 2.27644515
11 24.80 2.26892686
12 30.90 2.25848764
13 28.80 2.24311024
14 27.80 2.21979344
15 22.30 2.18236446
16 20.10 2.12413985
17 20.80 2.03701043
18 22.20 1.92047718
19 26.10 1.76657692
20 21.10 1.89445859
21 25.10 1.70149106
22 34.10 1.54413483
23 23.10 1.71403471
24 32.20 1.57749411
25 39.30 1.42312378
26 38.30 1.41755438
27 40.30 1.33483905
28 50.50 1.30329329
29 32.00 1.60114068
30 46.80 1.25267613
31 26.00 1.71801585
32 38.40 1.33352387
33 50.50 1.18050814
34 52.70 1.17339173
35 28.70 1.48405510
36 49.00 1.15540054
37 50.40 1.10509649
38 54.40 1.09829730
39 43.60 1.26586601
40 42.30 1.16683054
41 50.20 1.05064774
42 39.70 1.40777925
43 53.80 1.07919118
44 56.60 1.00027235
45 56.10 1.00889644
46 63.60 1.01094706
47 34.20 1.57638490
48 35.80 1.97381029
49 54.00 1.08399448
50 62.40 0.97401799
51 59.70 1.00064056
52 53.70 1.03538054
53 62.80 0.95029449
54 59.70 0.91310236
55 57.50 0.93493484
56 40.30 1.34570268
57 63.60 0.89468503
58 68.80 0.85678385
59 67.40 0.87063973
60 64.40 0.88303711
61 64.60 0.83208299
62 64.90 0.92032254
63 38.30 2.12614039
64 66.00 0.90293941
65 65.10 0.87885466
66 68.90 0.80899236
67 67.90 0.83290225
68 61.70 0.93369290
69 65.20 0.83137473
70 64.50 0.82764974
71 60.70 0.90964325
72 70.30 0.73162590
73 68.00 0.76808207
74 61.90 0.92492323
75 63.20 0.82524773
76 71.30 0.76147446
77 70.30 0.74025886
78 66.70 0.80922428
79 72.50 0.75128931
80 71.70 0.68970659
81 76.50 0.65760924
82 46.30 1.20284030
83 76.10 0.83023977
84 72.50 0.71432920
85 76.90 0.69239920
86 74.00 0.66792172
87 71.50 0.68748972
88 69.30 0.68385835
89 57.90 1.15691108
90 74.20 0.68017358
91 76.30 0.62672360
92 74.40 0.64277509
93 79.00 0.60403834
94 76.90 0.60078315
95 73.60 0.69375841
96 78.10 0.63267514
97 75.50 0.60230163
98 70.60 0.72739811
99 71.00 0.77926399
100 74.50 0.71385476
101 75.80 0.57780689
151 80.60 0.47785918
201 81.60 0.48366129
251 95.90 0.14731385
301 96.30 0.12189321
351 98.50 0.06105328
401 99.30 0.03338034
451 52.30 1.24836135
501 96.00 0.15018935
551 98.80 0.05971222
601 97.50 0.08630820
651 100.00 0.01290413
701 100.00 0.00243027
751 100.00 0.00140294
801 100.00 0.00099460
851 100.00 0.00076303
901 100.00 0.00061367
951 100.00 0.00051276
1001 100.00 0.00043876
1051 100.00 0.00038123
1101 100.00 0.00033658
1151 100.00 0.00029946
1201 100.00 0.00027088
1251 100.00 0.00024745
1301 100.00 0.00022615
1351 100.00 0.00020971
1401 100.00 0.00019394
1451 100.00 0.00018208
1501 100.00 0.00016892
1551 100.00 0.00015978
1601 100.00 0.00014964
1651 100.00 0.00014100
1701 100.00 0.00013438
1751 100.00 0.00012714
1801 100.00 0.00012151
1851 100.00 0.00011497
1901 100.00 0.00011059
1951 100.00 0.00010540
2001 100.00 0.00010138
2051 100.00 0.00009662
2101 100.00 0.00009274
2151 100.00 0.00008944
2201 100.00 0.00008656
2251 100.00 0.00008318
2301 100.00 0.00008039
2351 100.00 0.00007715
2400 100.00 0.00007517
