1 11.00 2.29291124
2 18.00 2.28430469
3 34.00 2.27521625
4 38.00 2.26525187
5 39.00 2.25362227
6 51.00 2.23976443
7 58.00 2.22276757
8 62.00 2.20128038
9 63.00 2.17357779
10 64.00 2.13691995
11 62.00 2.08855069
12 55.00 2.02355826
13 57.00 1.93753364
14 54.00 1.82600559
15 58.00 1.69279902
16 66.00 1.52818968
17 77.00 1.33911328
18 76.00 1.17322200
19 76.00 1.05895237
20 69.00 0.98165327
21 78.00 0.80087581
22 86.00 0.69158229
23 81.00 0.66848612
24 76.00 0.77050270
25 85.00 0.47407025
26 90.00 0.45530614
27 97.00 0.29121918
28 94.00 0.29496406
29 98.00 0.20630312
30 100.00 0.16530352
31 98.00 0.15556273
32 93.00 0.28209982
33 99.00 0.10741249
34 100.00 0.08546059
35 97.00 0.10798003
36 99.00 0.08823999
37 100.00 0.06002555
38 100.00 0.05208119
39 100.00 0.04465218
40 100.00 0.04640952
41 100.00 0.03991301
42 100.00 0.03341428
43 100.00 0.03090222
44 100.00 0.02803934
45 100.00 0.02538244
46 100.00 0.02412771
47 100.00 0.02263996
48 100.00 0.02062993
49 100.00 0.01992507
50 100.00 0.01805714
1001 100.00 0.00013586
2001 100.00 0.00005812
3001 100.00 0.00003573
4001 100.00 0.00002542
5001 100.00 0.00001955
6001 100.00 0.00001578
7001 100.00 0.00001318
8001 100.00 0.00001128
9001 100.00 0.00000985
10001 100.00 0.00000872
11001 100.00 0.00000781
12001 100.00 0.00000706
13001 100.00 0.00000643
14001 100.00 0.00000592
15001 100.00 0.00000546
16001 100.00 0.00000508
17001 100.00 0.00000473
18001 100.00 0.00000444
19001 100.00 0.00000416
20001 100.00 0.00000393
21001 100.00 0.00000371
22001 100.00 0.00000352
23001 100.00 0.00000335
24000 100.00 0.00000319
