1 10.00 2.30099607
2 11.00 2.30009055
3 14.00 2.29923224
4 14.00 2.29841805
5 15.00 2.29764247
6 18.00 2.29690742
7 19.00 2.29621196
8 21.00 2.29555559
9 23.00 2.29493427
10 25.00 2.29434562
11 29.00 2.29379129
12 31.00 2.29326534
13 32.00 2.29276848
14 33.00 2.29229712
15 36.00 2.29185009
16 37.00 2.29142714
17 40.00 2.29102683
18 42.00 2.29064989
19 42.00 2.29029322
20 43.00 2.28995538
21 45.00 2.28963661
22 46.00 2.28933597
23 47.00 2.28905129
24 47.00 2.28878284
25 48.00 2.28852987
26 49.00 2.28829145
27 50.00 2.28806734
28 51.00 2.28785729
29 52.00 2.28766084
30 53.00 2.28747511
31 55.00 2.28729987
32 55.00 2.28713799
33 55.00 2.28698802
34 55.00 2.28684855
35 56.00 2.28672004
36 56.00 2.28660226
37 56.00 2.28649235
38 56.00 2.28639126
39 57.00 2.28629756
40 57.00 2.28621173
41 57.00 2.28613496
42 57.00 2.28606558
43 58.00 2.28600502
44 59.00 2.28595161
45 59.00 2.28590345
46 59.00 2.28586149
47 60.00 2.28582621
48 60.00 2.28579760
49 60.00 2.28577447
50 60.00 2.28575802
51 61.00 2.28574753
52 61.00 2.28574347
53 62.00 2.28574634
54 62.00 2.28575373
55 62.00 2.28576612
56 61.00 2.28578305
57 61.00 2.28580403
58 61.00 2.28582859
59 61.00 2.28585720
60 61.00 2.28589153
61 62.00 2.28592968
62 63.00 2.28597116
63 63.00 2.28601551
64 63.00 2.28606343
65 63.00 2.28611445
66 63.00 2.28616691
67 63.00 2.28622246
68 63.00 2.28628230
69 63.00 2.28634405
70 63.00 2.28640866
71 64.00 2.28647637
72 64.00 2.28654599
73 64.00 2.28661799
74 64.00 2.28669333
75 64.00 2.28677058
76 64.00 2.28685021
77 64.00 2.28693128
78 64.00 2.28701377
79 64.00 2.28709865
80 64.00 2.28718472
81 64.00 2.28727221
82 64.00 2.28736138
83 64.00 2.28745174
84 64.00 2.28754425
85 64.00 2.28763843
86 64.00 2.28773475
87 64.00 2.28783226
88 64.00 2.28793073
89 64.00 2.28803110
90 64.00 2.28813243
91 65.00 2.28823471
92 65.00 2.28833795
93 65.00 2.28844261
94 65.00 2.28854823
95 64.00 2.28865480
96 64.00 2.28876233
97 64.00 2.28887010
98 64.00 2.28897882
99 64.00 2.28908730
100 64.00 2.28919649
101 65.00 2.28930545
102 65.00 2.28941488
103 65.00 2.28952503
104 65.00 2.28963518
105 65.00 2.28974462
106 65.00 2.28985548
107 66.00 2.28996634
108 66.00 2.29007721
109 66.00 2.29018831
110 66.00 2.29029989
111 66.00 2.29041028
112 66.00 2.29052210
113 66.00 2.29063296
114 67.00 2.29074454
115 68.00 2.29085588
116 68.00 2.29096723
117 68.00 2.29107809
118 68.00 2.29118943
119 68.00 2.29130030
120 68.00 2.29141116
121 68.00 2.29152179
122 68.00 2.29163218
123 68.00 2.29174256
124 68.00 2.29185176
125 68.00 2.29196143
126 68.00 2.29207015
127 67.00 2.29217935
128 67.00 2.29228806
129 67.00 2.29239631
130 67.00 2.29250407
131 67.00 2.29261088
132 67.00 2.29271793
133 67.00 2.29282403
134 67.00 2.29293013
135 67.00 2.29303503
136 67.00 2.29314041
137 66.00 2.29324412
138 66.00 2.29334831
139 66.00 2.29345202
140 67.00 2.29355478
141 67.00 2.29365706
142 67.00 2.29375887
143 67.00 2.29385996
144 67.00 2.29396057
145 67.00 2.29406023
146 67.00 2.29415989
147 67.00 2.29425907
148 67.00 2.29435658
149 67.00 2.29445410
150 67.00 2.29455113
151 68.00 2.29464722
152 68.00 2.29474211
153 68.00 2.29483700
154 68.00 2.29493046
155 68.00 2.29502344
156 68.00 2.29511571
157 67.00 2.29520798
158 66.00 2.29529858
159 66.00 2.29538894
160 65.00 2.29547858
161 65.00 2.29556751
162 65.00 2.29565573
163 65.00 2.29574275
164 65.00 2.29582977
165 65.00 2.29591560
166 65.00 2.29600072
167 65.00 2.29608488
168 65.00 2.29616880
169 65.00 2.29625201
170 65.00 2.29633427
171 64.00 2.29641581
172 63.00 2.29649663
173 63.00 2.29657650
174 62.00 2.29665613
175 62.00 2.29673457
176 61.00 2.29681230
177 61.00 2.29688954
178 61.00 2.29696536
179 61.00 2.29704094
180 61.00 2.29711533
181 61.00 2.29718947
182 62.00 2.29726219
183 61.00 2.29733491
184 61.00 2.29740667
185 61.00 2.29747748
186 61.00 2.29754782
187 61.00 2.29761696
188 61.00 2.29768538
189 61.00 2.29775333
190 61.00 2.29782057
191 61.00 2.29788733
192 61.00 2.29795313
193 61.00 2.29801798
194 60.00 2.29808187
195 60.00 2.29814625
196 60.00 2.29820871
197 59.00 2.29827118
198 59.00 2.29833269
199 59.00 2.29839349
200 59.00 2.29845357
201 59.00 2.29851294
202 59.00 2.29857183
203 59.00 2.29862976
204 57.00 2.29868746
205 57.00 2.29874444
206 57.00 2.29880023
207 57.00 2.29885554
208 57.00 2.29891062
209 57.00 2.29896402
210 57.00 2.29901791
211 57.00 2.29907084
212 55.00 2.29912257
213 55.00 2.29917479
214 54.00 2.29922557
215 54.00 2.29927516
216 54.00 2.29932547
217 54.00 2.29937434
218 53.00 2.29942298
219 53.00 2.29947114
220 52.00 2.29951835
221 51.00 2.29956508
222 51.00 2.29961109
223 51.00 2.29965615
224 51.00 2.29970098
225 51.00 2.29974556
226 50.00 2.29978895
227 50.00 2.29983234
228 49.00 2.29987478
229 49.00 2.29991674
230 48.00 2.29995823
231 48.00 2.29999948
232 48.00 2.30003953
233 48.00 2.30007958
234 48.00 2.30011892
235 48.00 2.30015731
236 48.00 2.30019569
237 48.00 2.30023336
238 47.00 2.30027080
239 45.00 2.30030727
240 44.00 2.30034351
241 43.00 2.30037928
242 42.00 2.30041456
243 42.00 2.30044889
244 42.00 2.30048323
245 42.00 2.30051661
246 42.00 2.30054975
247 42.00 2.30058289
248 41.00 2.30061483
249 41.00 2.30064702
250 40.00 2.30067849
251 40.00 2.30070901
252 40.00 2.30074000
253 40.00 2.30076957
254 40.00 2.30079937
255 40.00 2.30082846
256 40.00 2.30085754
257 39.00 2.30088520
258 39.00 2.30091381
259 40.00 2.30094147
260 40.00 2.30096865
261 40.00 2.30099535
262 40.00 2.30102134
263 40.00 2.30104733
264 38.00 2.30107307
265 38.00 2.30109859
266 38.00 2.30112314
267 37.00 2.30114794
268 36.00 2.30117154
269 35.00 2.30119514
270 35.00 2.30121851
271 35.00 2.30124140
272 32.00 2.30126452
273 31.00 2.30128670
274 31.00 2.30130839
275 31.00 2.30133033
276 31.00 2.30135107
277 30.00 2.30137229
278 30.00 2.30139279
279 31.00 2.30141330
280 30.00 2.30143285
281 30.00 2.30145264
282 30.00 2.30147195
283 30.00 2.30149102
284 27.00 2.30151010
285 27.00 2.30152822
286 27.00 2.30154681
287 27.00 2.30156446
288 27.00 2.30158210
289 27.00 2.30159974
290 26.00 2.30161667
291 25.00 2.30163336
292 23.00 2.30164957
293 23.00 2.30166602
294 22.00 2.30168200
295 22.00 2.30169797
296 22.00 2.30171299
297 22.00 2.30172825
298 22.00 2.30174351
299 22.00 2.30175805
300 22.00 2.30177212
301 20.00 2.30178666
302 19.00 2.30180049
303 19.00 2.30181432
304 17.00 2.30182791
305 17.00 2.30184102
306 17.00 2.30185461
307 17.00 2.30186749
308 17.00 2.30187988
309 17.00 2.30189276
310 17.00 2.30190468
311 17.00 2.30191708
312 17.00 2.30192876
313 17.00 2.30194044
314 17.00 2.30195212
315 17.00 2.30196309
316 17.00 2.30197430
317 17.00 2.30198550
318 17.00 2.30199599
319 17.00 2.30200624
320 17.00 2.30201697
321 17.00 2.30202675
322 17.00 2.30203700
323 17.00 2.30204678
324 17.00 2.30205679
325 17.00 2.30206633
326 17.00 2.30207562
327 17.00 2.30208516
328 17.00 2.30209374
329 17.00 2.30210280
330 17.00 2.30211163
331 17.00 2.30212021
332 16.00 2.30212855
333 16.00 2.30213690
334 15.00 2.30214500
335 15.00 2.30215311
336 15.00 2.30216122
337 15.00 2.30216885
338 15.00 2.30217648
339 15.00 2.30218363
340 15.00 2.30219102
341 15.00 2.30219817
342 15.00 2.30220532
343 15.00 2.30221248
344 15.00 2.30221915
345 15.00 2.30222607
346 15.00 2.30223250
347 15.00 2.30223918
348 15.00 2.30224562
349 15.00 2.30225158
350 15.00 2.30225778
351 15.00 2.30226374
352 15.00 2.30226994
353 15.00 2.30227566
354 15.00 2.30228138
355 15.00 2.30228710
356 15.00 2.30229259
357 15.00 2.30229783
358 15.00 2.30230355
359 15.00 2.30230856
360 15.00 2.30231380
361 15.00 2.30231929
362 15.00 2.30232382
363 15.00 2.30232859
364 15.00 2.30233335
365 15.00 2.30233788
366 15.00 2.30234289
367 15.00 2.30234766
368 15.00 2.30235195
369 15.00 2.30235624
370 15.00 2.30236030
371 15.00 2.30236459
372 15.00 2.30236864
373 15.00 2.30237293
374 15.00 2.30237675
375 15.00 2.30238080
376 15.00 2.30238438
377 14.00 2.30238843
378 14.00 2.30239224
379 14.00 2.30239582
380 14.00 2.30239940
381 14.00 2.30240297
382 14.00 2.30240655
383 14.00 2.30241013
384 14.00 2.30241275
385 14.00 2.30241632
386 14.00 2.30241942
387 13.00 2.30242276
388 12.00 2.30242586
389 11.00 2.30242872
390 11.00 2.30243206
391 11.00 2.30243444
392 11.00 2.30243754
393 11.00 2.30244064
394 10.00 2.30244303
395 10.00 2.30244541
396 10.00 2.30244851
397 10.00 2.30245137
398 10.00 2.30245376
399 10.00 2.30245638
400 10.00 2.30245876
401 10.00 2.30246139
501 10.00 2.30256748
601 10.00 2.30258274
701 17.00 2.30258489
801 10.00 2.30258489
901 10.00 2.30258512
1001 10.00 2.30258536
1101 10.00 2.30258584
1201 10.00 2.30258560
1301 10.00 2.30258560
1401 10.00 2.30258584
1501 10.00 2.30258584
1601 10.00 2.30258584
1701 10.00 2.30258584
1801 10.00 2.30258584
1901 10.00 2.30258584
2001 10.00 2.30258584
2101 10.00 2.30258584
2201 10.00 2.30258584
2301 10.00 2.30258584
2401 10.00 2.30258584
2501 10.00 2.30258584
2601 10.00 2.30258584
2701 10.00 2.30258584
2801 10.00 2.30258584
2901 10.00 2.30258584
3001 10.00 2.30258584
3101 10.00 2.30258584
3201 10.00 2.30258584
3301 10.00 2.30258584
3401 10.00 2.30258584
3501 10.00 2.30258584
3601 10.00 2.30258584
3701 10.00 2.30258584
3801 10.00 2.30258584
3901 10.00 2.30258584
4001 10.00 2.30258584
4101 10.00 2.30258584
4201 10.00 2.30258584
4301 10.00 2.30258584
4401 10.00 2.30258584
4501 10.00 2.30258584
4601 10.00 2.30258584
4701 10.00 2.30258584
4801 10.00 2.30258584
4901 10.00 2.30258584
5001 10.00 2.30258584
5101 10.00 2.30258584
5201 10.00 2.30258584
5301 10.00 2.30258584
5401 10.00 2.30258584
5501 10.00 2.30258584
5601 10.00 2.30258584
5701 10.00 2.30258584
5801 10.00 2.30258584
5901 10.00 2.30258584
6001 10.00 2.30258584
6101 10.00 2.30258584
6201 10.00 2.30258584
6301 10.00 2.30258584
6401 10.00 2.30258584
6501 10.00 2.30258584
6601 10.00 2.30258584
6701 10.00 2.30258584
6801 10.00 2.30258584
6901 10.00 2.30258584
7001 10.00 2.30258584
7101 10.00 2.30258584
7201 10.00 2.30258584
7301 10.00 2.30258584
7401 10.00 2.30258584
7501 10.00 2.30258584
7601 10.00 2.30258584
7701 10.00 2.30258584
7801 10.00 2.30258584
7901 10.00 2.30258584
8001 10.00 2.30258584
8101 10.00 2.30258584
8201 10.00 2.30258584
8301 10.00 2.30258584
8401 10.00 2.30258584
8501 10.00 2.30258584
8601 10.00 2.30258584
8701 10.00 2.30258584
8801 10.00 2.30258584
8901 10.00 2.30258584
9001 10.00 2.30258584
9101 10.00 2.30258584
9201 10.00 2.30258584
9301 10.00 2.30258584
9401 10.00 2.30258584
9501 10.00 2.30258584
9601 10.00 2.30258584
9701 10.00 2.30258584
9801 10.00 2.30258584
9901 10.00 2.30258584
10001 10.00 2.30258584
10101 10.00 2.30258584
10201 10.00 2.30258584
10301 10.00 2.30258584
10401 10.00 2.30258584
10501 10.00 2.30258584
10601 10.00 2.30258584
10701 10.00 2.30258584
10801 10.00 2.30258584
10901 10.00 2.30258584
11001 10.00 2.30258584
11101 10.00 2.30258584
11201 10.00 2.30258584
11301 10.00 2.30258584
11401 10.00 2.30258584
11501 10.00 2.30258584
11601 10.00 2.30258584
11701 10.00 2.30258584
11801 10.00 2.30258584
11901 10.00 2.30258584
12001 10.00 2.30258584
12101 10.00 2.30258584
12201 10.00 2.30258584
12301 10.00 2.30258584
12401 10.00 2.30258584
12501 10.00 2.30258584
12601 10.00 2.30258584
12701 10.00 2.30258584
12801 10.00 2.30258584
12901 10.00 2.30258584
13001 10.00 2.30258584
13101 10.00 2.30258584
13201 10.00 2.30258584
13301 10.00 2.30258584
13401 10.00 2.30258584
13501 10.00 2.30258584
13601 10.00 2.30258584
13701 10.00 2.30258584
13801 10.00 2.30258584
13901 10.00 2.30258584
14001 10.00 2.30258584
14101 10.00 2.30258584
14201 10.00 2.30258584
14301 10.00 2.30258584
14401 10.00 2.30258584
14501 10.00 2.30258584
14601 10.00 2.30258584
14701 10.00 2.30258584
14801 10.00 2.30258584
14901 10.00 2.30258584
15001 10.00 2.30258584
15101 10.00 2.30258584
15201 10.00 2.30258584
15301 10.00 2.30258584
15401 10.00 2.30258584
15501 10.00 2.30258584
15601 10.00 2.30258584
15701 10.00 2.30258584
15801 10.00 2.30258584
15901 10.00 2.30258584
16001 10.00 2.30258584
16101 10.00 2.30258584
16201 10.00 2.30258584
16301 10.00 2.30258584
16401 10.00 2.30258584
16501 10.00 2.30258584
16601 10.00 2.30258584
16701 10.00 2.30258584
16801 10.00 2.30258584
16901 10.00 2.30258584
17001 10.00 2.30258584
17101 10.00 2.30258584
17201 10.00 2.30258584
17301 10.00 2.30258584
17401 10.00 2.30258584
17501 10.00 2.30258584
17601 10.00 2.30258584
17701 10.00 2.30258584
17801 10.00 2.30258584
17901 10.00 2.30258584
18001 10.00 2.30258584
18101 10.00 2.30258584
18201 10.00 2.30258584
18301 10.00 2.30258584
18401 10.00 2.30258584
18501 10.00 2.30258584
18601 10.00 2.30258584
18701 10.00 2.30258584
18801 10.00 2.30258584
18901 10.00 2.30258584
19001 10.00 2.30258584
19101 10.00 2.30258584
19201 10.00 2.30258584
19301 10.00 2.30258584
19401 10.00 2.30258584
19501 10.00 2.30258584
19601 10.00 2.30258584
19701 10.00 2.30258584
19801 10.00 2.30258584
19901 10.00 2.30258584
20001 10.00 2.30258584
20101 10.00 2.30258584
20201 10.00 2.30258584
20301 10.00 2.30258584
20401 10.00 2.30258584
20501 10.00 2.30258584
20601 10.00 2.30258584
20701 10.00 2.30258584
20801 10.00 2.30258584
20901 10.00 2.30258584
21001 10.00 2.30258584
21101 10.00 2.30258584
21201 10.00 2.30258584
21301 10.00 2.30258584
21401 10.00 2.30258584
21501 10.00 2.30258584
21601 10.00 2.30258584
21701 10.00 2.30258584
21801 10.00 2.30258584
21901 10.00 2.30258584
22001 10.00 2.30258584
22101 10.00 2.30258584
22201 10.00 2.30258584
22301 10.00 2.30258584
22401 10.00 2.30258584
22501 10.00 2.30258584
22601 10.00 2.30258584
22701 10.00 2.30258584
22801 10.00 2.30258584
22901 10.00 2.30258584
23001 10.00 2.30258584
23101 10.00 2.30258584
23201 10.00 2.30258584
23301 10.00 2.30258584
23401 10.00 2.30258584
23501 10.00 2.30258584
23601 10.00 2.30258584
23701 10.00 2.30258584
23801 10.00 2.30258584
23901 10.00 2.30258584
24000 10.00 2.30258584
