1 61.70 1.00632064
2 73.58 0.66808960
3 80.83 0.51873004
4 78.10 0.57333035
5 83.85 0.45002554
6 80.02 0.49155743
7 86.90 0.35594563
8 84.00 0.44889113
9 82.71 0.45586665
10 83.08 0.51448637
11 87.24 0.34126418
21 81.59 0.45850695
31 90.37 0.26907883
41 89.78 0.29645478
51 92.32 0.20594820
61 95.22 0.12121795
71 95.35 0.12383115
81 97.47 0.06893723
91 97.91 0.05613987
101 87.14 0.40061349
111 92.84 0.26902757
121 99.34 0.02129659
131 94.87 0.20642227
141 96.59 0.12045046
151 94.66 0.19149178
161 99.80 0.00778713
171 99.78 0.00699248
181 99.96 0.00189741
191 100.00 0.00043004
201 100.00 0.00023233
211 100.00 0.00016437
221 100.00 0.00012698
231 100.00 0.00010386
241 100.00 0.00008823
251 100.00 0.00007609
261 100.00 0.00006818
271 100.00 0.00005978
281 100.00 0.00005401
291 100.00 0.00004913
301 100.00 0.00004545
311 100.00 0.00004187
321 100.00 0.00003885
331 100.00 0.00003643
341 100.00 0.00003389
351 100.00 0.00003192
361 100.00 0.00003013
371 100.00 0.00002860
381 100.00 0.00002702
391 100.00 0.00002570
400 100.00 0.00002460
