1 10.00 2.29974216
201 91.00 0.92487063
401 100.00 0.05907976
601 100.00 0.01591679
801 100.00 0.00794792
1001 100.00 0.00501192
1201 100.00 0.00355753
1401 100.00 0.00271122
1601 100.00 0.00216623
1801 100.00 0.00178971
2001 100.00 0.00151590
2201 100.00 0.00130898
2401 100.00 0.00114779
2601 100.00 0.00101911
2801 100.00 0.00091429
3001 100.00 0.00082742
3201 100.00 0.00075443
3401 100.00 0.00069232
3601 100.00 0.00063889
3801 100.00 0.00059251
4001 100.00 0.00055189
4201 100.00 0.00051606
4401 100.00 0.00048426
4601 100.00 0.00045584
4801 100.00 0.00043033
5001 100.00 0.00040730
5201 100.00 0.00038642
5401 100.00 0.00036743
5601 100.00 0.00035007
5801 100.00 0.00033415
6000 100.00 0.00031958
