1 59.80 2.05654503
2 64.00 1.08304765
3 79.50 0.67245984
4 85.70 0.48491290
5 88.70 0.38310042
6 80.30 0.52885850
7 91.20 0.26797149
8 89.20 0.31822536
9 96.60 0.13784236
10 95.70 0.14979746
11 94.60 0.17570755
12 99.20 0.05673958
13 98.80 0.05656482
14 95.10 0.15177232
15 99.50 0.02861551
16 99.90 0.01893742
17 100.00 0.01742388
18 99.90 0.01409730
19 100.00 0.01129878
20 100.00 0.00924837
21 100.00 0.00782364
22 100.00 0.00762079
23 100.00 0.00700808
24 100.00 0.00558490
25 100.00 0.00523251
26 100.00 0.00479589
27 100.00 0.00445173
28 100.00 0.00431950
29 100.00 0.00389520
30 100.00 0.00362178
31 100.00 0.00360395
32 100.00 0.00322840
33 100.00 0.00311164
34 100.00 0.00291989
35 100.00 0.00276582
36 100.00 0.00265015
37 100.00 0.00253957
38 100.00 0.00245223
39 100.00 0.00235404
40 100.00 0.00222870
41 100.00 0.00213475
61 100.00 0.00117675
81 100.00 0.00079053
101 100.00 0.00058696
121 100.00 0.00046261
141 100.00 0.00037941
161 100.00 0.00031999
181 100.00 0.00027584
201 100.00 0.00024170
221 100.00 0.00021459
241 100.00 0.00019264
261 100.00 0.00017446
281 100.00 0.00015919
301 100.00 0.00014624
321 100.00 0.00013509
341 100.00 0.00012541
361 100.00 0.00011694
381 100.00 0.00010948
401 100.00 0.00010285
421 100.00 0.00009693
441 100.00 0.00009161
461 100.00 0.00008681
481 100.00 0.00008246
501 100.00 0.00007848
521 100.00 0.00007485
541 100.00 0.00007152
561 100.00 0.00006846
581 100.00 0.00006563
600 100.00 0.00006314
