1 53.60 3.02848511
2 22.20 2.83867221
3 45.20 2.61046653
4 58.40 2.10471320
5 39.80 2.38353510
6 58.40 1.85198913
7 47.60 2.47846107
8 70.20 1.63632169
9 66.20 1.84171677
10 81.60 1.33563056
11 49.80 2.35963645
12 77.00 1.47110770
13 80.60 1.33033988
14 74.60 1.59225304
15 87.40 1.18323371
16 64.20 1.84262524
17 84.20 1.18682702
18 92.20 1.02588208
19 95.60 0.92513015
20 97.20 0.88134706
201 100.00 0.31275210
401 91.40 0.61866819
601 100.00 0.16298846
801 100.00 0.13149240
1001 100.00 0.13666524
1201 100.00 0.13004360
1401 100.00 0.17025804
1601 66.80 1.32339127
1801 95.20 0.32782609
2001 100.00 0.13128068
2201 100.00 0.12416904
2401 100.00 0.13592104
2601 100.00 0.13690479
2801 100.00 0.15201851
3001 100.00 0.13153316
3201 100.00 0.11486881
3401 100.00 0.10346196
3600 100.00 0.10013151
