1 7.00 2.30220342
2 7.00 2.30120683
3 7.00 2.30022192
4 7.00 2.29924488
5 8.00 2.29827356
6 11.00 2.29730558
7 12.00 2.29633260
8 12.00 2.29536200
9 14.00 2.29439783
10 15.00 2.29343581
11 16.00 2.29247665
12 17.00 2.29151630
13 17.00 2.29055166
14 21.00 2.28958321
15 23.00 2.28861332
16 23.00 2.28764200
17 24.00 2.28666878
18 27.00 2.28569007
19 27.00 2.28470683
20 28.00 2.28371787
21 30.00 2.28272557
22 32.00 2.28173041
23 34.00 2.28072834
24 37.00 2.27971721
25 41.00 2.27869296
26 42.00 2.27766180
27 42.00 2.27662134
28 44.00 2.27557087
29 44.00 2.27451062
30 44.00 2.27343988
31 45.00 2.27235603
32 48.00 2.27125645
33 49.00 2.27014375
34 50.00 2.26902032
35 52.00 2.26788378
36 53.00 2.26673102
37 56.00 2.26555610
38 56.00 2.26436138
39 56.00 2.26314783
40 56.00 2.26191783
41 57.00 2.26066875
42 58.00 2.25939870
43 58.00 2.25811052
44 60.00 2.25679851
45 61.00 2.25546122
46 62.00 2.25409770
47 62.00 2.25270391
48 64.00 2.25128841
49 65.00 2.24984550
50 68.00 2.24837375
51 68.00 2.24687457
52 68.00 2.24534774
53 70.00 2.24378824
54 71.00 2.24219608
55 70.00 2.24057293
56 71.00 2.23891401
57 71.00 2.23721814
58 72.00 2.23548269
59 73.00 2.23370719
60 73.00 2.23188996
61 73.00 2.23002768
62 75.00 2.22811747
63 76.00 2.22616267
64 76.00 2.22415614
65 76.00 2.22209573
66 76.00 2.21998477
67 77.00 2.21782160
68 77.00 2.21560478
69 77.00 2.21333027
70 77.00 2.21099305
71 77.00 2.20859504
72 76.00 2.20613742
73 76.00 2.20361733
74 76.00 2.20102882
75 77.00 2.19837379
76 78.00 2.19564533
77 78.00 2.19284081
78 78.00 2.18995476
79 79.00 2.18698668
80 79.00 2.18393040
81 79.00 2.18078160
82 79.00 2.17753506
83 79.00 2.17418814
84 78.00 2.17074108
85 78.00 2.16718149
86 77.00 2.16350603
87 77.00 2.15971708
88 77.00 2.15580654
89 77.00 2.15176821
90 77.00 2.14759803
91 77.00 2.14328957
92 77.00 2.13884711
93 77.00 2.13426685
94 77.00 2.12954473
95 77.00 2.12467217
96 77.00 2.11964440
97 78.00 2.11445332
98 78.00 2.10909176
99 78.00 2.10354853
100 78.00 2.09782696
101 78.00 2.09192634
102 78.00 2.08582997
103 78.00 2.07953668
104 78.00 2.07303262
105 78.00 2.06629968
106 78.00 2.05933976
107 78.00 2.05213737
108 78.00 2.04468632
109 78.00 2.03697610
110 78.00 2.02899790
111 78.00 2.02074790
112 78.00 2.01221848
113 78.00 2.00340557
114 78.00 1.99428713
115 78.00 1.98484600
116 78.00 1.97508609
117 78.00 1.96498811
118 78.00 1.95453656
119 78.00 1.94372737
120 78.00 1.93254852
121 78.00 1.92099154
122 78.00 1.90902877
123 79.00 1.89665699
124 78.00 1.88387847
125 78.00 1.87069523
126 78.00 1.85707474
127 78.00 1.84300947
128 78.00 1.82849646
129 78.00 1.81351352
130 78.00 1.79807103
131 78.00 1.78215170
132 78.00 1.76576614
133 78.00 1.74890554
134 78.00 1.73156953
135 78.00 1.71374607
136 79.00 1.69543827
137 79.00 1.67663813
138 79.00 1.65735614
139 79.00 1.63762140
140 78.00 1.61744523
141 79.00 1.59683216
142 79.00 1.57579434
143 79.00 1.55434740
144 80.00 1.53249967
145 80.00 1.51026368
146 80.00 1.48767757
147 80.00 1.46474421
148 81.00 1.44148099
149 81.00 1.41792643
150 82.00 1.39411640
151 83.00 1.37006867
152 83.00 1.34578812
153 83.00 1.32132220
154 84.00 1.29673421
155 84.00 1.27204657
156 84.00 1.24730194
157 85.00 1.22252560
158 85.00 1.19774139
159 86.00 1.17299604
160 86.00 1.14833522
161 86.00 1.12377751
162 86.00 1.09937143
163 86.00 1.07515907
164 86.00 1.05118132
165 86.00 1.02746809
166 86.00 1.00404692
167 86.00 0.98097742
168 86.00 0.95828003
169 87.00 0.93598229
170 87.00 0.91410410
171 87.00 0.89265525
172 87.00 0.87166077
173 87.00 0.85113442
174 87.00 0.83110070
175 88.00 0.81157130
176 89.00 0.79253531
177 90.00 0.77401137
178 91.00 0.75599045
179 91.00 0.73847890
180 92.00 0.72145867
181 92.00 0.70492452
182 92.00 0.68886757
183 92.00 0.67327863
184 93.00 0.65814292
185 93.00 0.64345247
186 93.00 0.62919420
187 93.00 0.61534667
188 94.00 0.60190088
189 94.00 0.58883387
190 94.00 0.57613283
191 94.00 0.56379151
192 94.00 0.55178988
193 94.00 0.54011583
194 94.00 0.52875638
195 94.00 0.51769346
196 94.00 0.50691479
197 94.00 0.49641269
198 94.00 0.48618117
199 94.00 0.47620511
200 94.00 0.46647552
201 94.00 0.45698392
202 94.00 0.44772348
203 94.00 0.43868431
204 94.00 0.42985469
205 95.00 0.42123473
206 95.00 0.41281548
207 95.00 0.40458772
208 95.00 0.39654502
209 95.00 0.38867936
210 96.00 0.38099107
211 96.00 0.37347373
212 96.00 0.36611220
213 96.00 0.35890904
214 96.00 0.35186008
215 96.00 0.34496021
216 96.00 0.33820507
217 96.00 0.33159474
218 97.00 0.32512620
219 97.00 0.31879354
220 97.00 0.31260091
221 97.00 0.30653727
222 97.00 0.30060539
223 97.00 0.29479638
224 97.00 0.28910840
225 97.00 0.28353709
226 97.00 0.27807641
227 97.00 0.27273244
228 97.00 0.26749548
229 97.00 0.26236165
230 97.00 0.25733262
231 97.00 0.25241145
232 97.00 0.24758753
233 98.00 0.24286605
234 98.00 0.23824446
235 98.00 0.23371810
236 98.00 0.22928327
237 98.00 0.22494291
238 98.00 0.22069624
239 98.00 0.21653765
240 98.00 0.21246909
241 98.00 0.20848924
242 98.00 0.20459531
243 98.00 0.20078787
244 98.00 0.19705957
245 99.00 0.19341183
246 99.00 0.18984589
247 99.00 0.18635336
248 99.00 0.18293598
249 99.00 0.17959429
250 99.00 0.17632480
251 99.00 0.17312597
252 99.00 0.16999392
253 99.00 0.16693313
254 99.00 0.16393615
255 99.00 0.16100770
256 99.00 0.15813841
257 99.00 0.15533602
258 99.00 0.15259264
259 99.00 0.14990917
260 99.00 0.14728607
261 99.00 0.14471805
262 100.00 0.14220673
263 100.00 0.13974918
264 100.00 0.13734578
265 100.00 0.13499321
266 100.00 0.13269423
267 100.00 0.13044369
268 100.00 0.12824121
269 100.00 0.12608962
270 100.00 0.12398080
271 100.00 0.12192381
272 100.00 0.11990445
273 100.00 0.11793504
274 100.00 0.11600349
275 100.00 0.11411567
276 100.00 0.11226852
277 100.00 0.11046029
278 100.00 0.10869115
279 100.00 0.10695992
280 100.00 0.10526562
281 100.00 0.10360717
282 100.00 0.10198551
283 100.00 0.10039653
284 100.00 0.09884157
285 100.00 0.09731973
286 100.00 0.09583009
287 100.00 0.09437186
288 100.00 0.09294489
289 100.00 0.09154762
290 100.00 0.09017757
291 100.00 0.08883724
292 100.00 0.08752526
293 100.00 0.08623862
294 100.00 0.08498011
295 100.00 0.08374844
296 100.00 0.08253990
297 100.00 0.08135751
298 100.00 0.08019885
299 100.00 0.07906447
300 100.00 0.07795222
301 100.00 0.07686303
302 100.00 0.07579575
303 100.00 0.07474810
304 100.00 0.07372343
305 100.00 0.07271753
306 100.00 0.07173233
307 100.00 0.07076605
308 100.00 0.06981841
309 100.00 0.06888869
310 100.00 0.06797761
311 100.00 0.06708378
312 100.00 0.06620726
313 100.00 0.06534716
314 100.00 0.06450375
315 100.00 0.06367533
316 100.00 0.06286444
317 100.00 0.06206699
318 100.00 0.06128632
319 100.00 0.06051941
320 100.00 0.05976767
321 100.00 0.05902911
322 100.00 0.05830501
323 100.00 0.05759320
324 100.00 0.05689567
325 100.00 0.05620901
326 100.00 0.05553673
327 100.00 0.05487611
328 100.00 0.05422728
329 100.00 0.05359006
330 100.00 0.05296488
331 100.00 0.05234966
332 100.00 0.05174608
333 100.00 0.05115201
334 100.00 0.05056972
335 100.00 0.04999692
336 100.00 0.04943427
337 100.00 0.04888096
338 100.00 0.04833726
339 100.00 0.04780245
340 100.00 0.04727754
341 100.00 0.04676047
342 100.00 0.04625251
343 100.00 0.04575346
344 100.00 0.04526247
345 100.00 0.04477949
346 100.00 0.04430484
347 100.00 0.04383793
348 100.00 0.04337876
349 100.00 0.04292711
350 100.00 0.04248269
351 100.00 0.04204594
352 100.00 0.04161585
353 100.00 0.04119247
354 100.00 0.04077646
355 100.00 0.04036664
356 100.00 0.03996347
357 100.00 0.03956653
358 100.00 0.03917545
359 100.00 0.03879114
360 100.00 0.03841241
361 100.00 0.03803965
362 100.00 0.03767224
363 100.00 0.03731065
364 100.00 0.03695460
365 100.00 0.03660390
366 100.00 0.03625870
367 100.00 0.03591833
368 100.00 0.03558279
369 100.00 0.03525254
370 100.00 0.03492698
371 100.00 0.03460645
372 100.00 0.03429060
373 100.00 0.03397898
374 100.00 0.03367198
375 100.00 0.03336963
376 100.00 0.03307131
377 100.00 0.03277736
378 100.00 0.03248760
379 100.00 0.03220197
380 100.00 0.03191996
381 100.00 0.03164259
382 100.00 0.03136881
383 100.00 0.03109863
384 100.00 0.03083227
385 100.00 0.03056966
386 100.00 0.03031064
387 100.00 0.03005512
388 100.00 0.02980309
389 100.00 0.02955427
390 100.00 0.02930898
391 100.00 0.02906701
392 100.00 0.02882824
393 100.00 0.02859267
394 100.00 0.02836028
395 100.00 0.02813069
396 100.00 0.02790436
397 100.00 0.02768085
398 100.00 0.02746024
399 100.00 0.02724268
400 100.00 0.02702754
401 100.00 0.02681537
501 100.00 0.01421891
601 100.00 0.00915294
701 100.00 0.00655331
801 100.00 0.00501405
901 100.00 0.00401307
1001 100.00 0.00331721
1101 100.00 0.00280964
1201 100.00 0.00242530
1301 100.00 0.00212554
1401 100.00 0.00188609
1501 100.00 0.00169091
1601 100.00 0.00152916
1701 100.00 0.00139321
1801 100.00 0.00127755
1901 100.00 0.00117809
2001 100.00 0.00109176
2101 100.00 0.00101619
2201 100.00 0.00094956
2301 100.00 0.00089045
2401 100.00 0.00083767
2501 100.00 0.00079029
2601 100.00 0.00074754
2701 100.00 0.00070882
2801 100.00 0.00067359
2901 100.00 0.00064142
3001 100.00 0.00061192
3101 100.00 0.00058480
3201 100.00 0.00055978
3301 100.00 0.00053665
3401 100.00 0.00051520
3501 100.00 0.00049526
3601 100.00 0.00047669
3701 100.00 0.00045933
3801 100.00 0.00044312
3901 100.00 0.00042790
4001 100.00 0.00041361
4101 100.00 0.00040017
4201 100.00 0.00038750
4301 100.00 0.00037555
4401 100.00 0.00036425
4501 100.00 0.00035358
4601 100.00 0.00034345
4701 100.00 0.00033383
4801 100.00 0.00032469
4901 100.00 0.00031600
5001 100.00 0.00030773
5101 100.00 0.00029986
5201 100.00 0.00029234
5301 100.00 0.00028515
5401 100.00 0.00027828
5501 100.00 0.00027173
5601 100.00 0.00026543
5701 100.00 0.00025940
5801 100.00 0.00025362
5901 100.00 0.00024807
6001 100.00 0.00024274
6101 100.00 0.00023760
6201 100.00 0.00023268
6301 100.00 0.00022793
6401 100.00 0.00022337
6501 100.00 0.00021896
6601 100.00 0.00021472
6701 100.00 0.00021061
6801 100.00 0.00020664
6901 100.00 0.00020283
7001 100.00 0.00019913
7101 100.00 0.00019554
7201 100.00 0.00019209
7301 100.00 0.00018874
7401 100.00 0.00018551
7501 100.00 0.00018238
7601 100.00 0.00017933
7701 100.00 0.00017637
7801 100.00 0.00017351
7901 100.00 0.00017074
8001 100.00 0.00016803
8101 100.00 0.00016540
8201 100.00 0.00016287
8301 100.00 0.00016039
8401 100.00 0.00015798
8501 100.00 0.00015563
8601 100.00 0.00015337
8701 100.00 0.00015113
8801 100.00 0.00014898
8901 100.00 0.00014687
9001 100.00 0.00014483
9101 100.00 0.00014283
9201 100.00 0.00014089
9301 100.00 0.00013898
9401 100.00 0.00013713
9501 100.00 0.00013532
9601 100.00 0.00013357
9701 100.00 0.00013184
9801 100.00 0.00013016
9901 100.00 0.00012852
10001 100.00 0.00012692
10101 100.00 0.00012535
10201 100.00 0.00012381
10301 100.00 0.00012231
10401 100.00 0.00012085
10501 100.00 0.00011942
10601 100.00 0.00011802
10701 100.00 0.00011665
10801 100.00 0.00011531
10901 100.00 0.00011399
11001 100.00 0.00011269
11101 100.00 0.00011143
11201 100.00 0.00011021
11301 100.00 0.00010901
11401 100.00 0.00010780
11501 100.00 0.00010665
11601 100.00 0.00010550
11701 100.00 0.00010440
11801 100.00 0.00010330
11901 100.00 0.00010222
12001 100.00 0.00010117
12101 100.00 0.00010014
12201 100.00 0.00009912
12301 100.00 0.00009813
12401 100.00 0.00009715
12501 100.00 0.00009619
12601 100.00 0.00009525
12701 100.00 0.00009433
12801 100.00 0.00009342
12901 100.00 0.00009252
13001 100.00 0.00009165
13101 100.00 0.00009078
13201 100.00 0.00008993
13301 100.00 0.00008911
13401 100.00 0.00008830
13501 100.00 0.00008749
13601 100.00 0.00008669
13701 100.00 0.00008592
13801 100.00 0.00008516
13901 100.00 0.00008441
14001 100.00 0.00008366
14101 100.00 0.00008293
14201 100.00 0.00008222
14301 100.00 0.00008150
14401 100.00 0.00008082
14501 100.00 0.00008013
14601 100.00 0.00007946
14701 100.00 0.00007880
14801 100.00 0.00007815
14901 100.00 0.00007750
15001 100.00 0.00007687
15101 100.00 0.00007625
15201 100.00 0.00007563
15301 100.00 0.00007503
15401 100.00 0.00007443
15501 100.00 0.00007384
15601 100.00 0.00007327
15701 100.00 0.00007270
15801 100.00 0.00007214
15901 100.00 0.00007158
16001 100.00 0.00007104
16101 100.00 0.00007050
16201 100.00 0.00006997
16301 100.00 0.00006944
16401 100.00 0.00006892
16501 100.00 0.00006842
16601 100.00 0.00006792
16701 100.00 0.00006742
16801 100.00 0.00006693
16901 100.00 0.00006645
17001 100.00 0.00006597
17101 100.00 0.00006550
17201 100.00 0.00006503
17301 100.00 0.00006457
17401 100.00 0.00006412
17501 100.00 0.00006367
17601 100.00 0.00006323
17701 100.00 0.00006281
17801 100.00 0.00006238
17901 100.00 0.00006196
18001 100.00 0.00006153
18101 100.00 0.00006112
18201 100.00 0.00006072
18301 100.00 0.00006031
18401 100.00 0.00005990
18501 100.00 0.00005952
18601 100.00 0.00005913
18701 100.00 0.00005875
18801 100.00 0.00005837
18901 100.00 0.00005801
19001 100.00 0.00005762
19101 100.00 0.00005726
19201 100.00 0.00005690
19301 100.00 0.00005655
19401 100.00 0.00005619
19501 100.00 0.00005584
19601 100.00 0.00005550
19701 100.00 0.00005515
19801 100.00 0.00005482
19901 100.00 0.00005449
20001 100.00 0.00005416
20101 100.00 0.00005382
20201 100.00 0.00005351
20301 100.00 0.00005319
20401 100.00 0.00005287
20501 100.00 0.00005255
20601 100.00 0.00005225
20701 100.00 0.00005194
20801 100.00 0.00005164
20901 100.00 0.00005134
21001 100.00 0.00005105
21101 100.00 0.00005076
21201 100.00 0.00005047
21301 100.00 0.00005018
21401 100.00 0.00004988
21501 100.00 0.00004961
21601 100.00 0.00004934
21701 100.00 0.00004906
21801 100.00 0.00004879
21901 100.00 0.00004852
22001 100.00 0.00004825
22101 100.00 0.00004800
22201 100.00 0.00004773
22301 100.00 0.00004747
22401 100.00 0.00004721
22501 100.00 0.00004696
22601 100.00 0.00004671
22701 100.00 0.00004646
22801 100.00 0.00004622
22901 100.00 0.00004598
23001 100.00 0.00004573
23101 100.00 0.00004549
23201 100.00 0.00004526
23301 100.00 0.00004504
23401 100.00 0.00004481
23501 100.00 0.00004456
23601 100.00 0.00004435
23701 100.00 0.00004411
23801 100.00 0.00004389
23901 100.00 0.00004367
24000 100.00 0.00004345
