1 39.75 2.27967788
2 65.50 2.25191070
3 72.00 2.20856818
4 68.00 2.12766539
5 65.00 1.96492015
6 68.75 1.65308042
7 72.25 1.25547483
8 74.00 0.87671729
9 81.75 0.65593253
10 88.25 0.45070261
11 95.00 0.29505603
12 95.75 0.18268980
13 89.00 0.36420358
14 99.25 0.08886028
15 97.75 0.10952069
16 100.00 0.03983461
17 100.00 0.02829272
18 100.00 0.02073392
19 100.00 0.01675251
20 100.00 0.01350520
21 100.00 0.01133127
22 100.00 0.00992791
23 100.00 0.00895161
24 100.00 0.00788845
25 100.00 0.00717834
1001 100.00 0.00003916
2001 100.00 0.00001732
3001 100.00 0.00001080
4001 100.00 0.00000774
5001 100.00 0.00000599
6001 100.00 0.00000486
7001 100.00 0.00000407
8001 100.00 0.00000350
9001 100.00 0.00000306
10001 100.00 0.00000271
11001 100.00 0.00000243
12001 100.00 0.00000220
13001 100.00 0.00000201
14001 100.00 0.00000185
15001 100.00 0.00000171
16001 100.00 0.00000159
17001 100.00 0.00000148
18001 100.00 0.00000139
19001 100.00 0.00000130
20001 100.00 0.00000123
21001 100.00 0.00000117
22001 100.00 0.00000111
23001 100.00 0.00000105
24000 100.00 0.00000100
