1 39.40 2.23525782
2 57.60 1.97304676
3 10.00 3.22188244
4 46.40 1.61284695
5 31.70 2.00611715
6 65.00 1.27555366
7 50.60 1.44108539
8 71.70 0.77934417
9 71.70 0.90420973
10 63.50 1.03595785
101 100.00 0.00141534
201 100.00 0.00048383
301 100.00 0.00027748
401 100.00 0.00019025
501 100.00 0.00014309
601 100.00 0.00011378
701 100.00 0.00009395
801 100.00 0.00007971
901 100.00 0.00006903
1001 100.00 0.00006075
1101 100.00 0.00005414
1201 100.00 0.00004876
1301 100.00 0.00004429
1401 100.00 0.00004053
1501 100.00 0.00003733
1601 100.00 0.00003456
1701 100.00 0.00003216
1800 100.00 0.00003007
