1 45.20 6.11615000
2 60.40 5.78223982
3 28.00 5.66198921
4 24.00 5.53351183
5 37.60 5.41868687
6 46.00 5.22744617
7 60.80 4.51757545
8 45.60 4.63600979
9 48.40 4.52318172
10 52.80 4.25625429
11 59.60 3.87825503
12 69.20 3.99036856
13 66.00 3.67145448
14 84.00 3.03551908
15 43.20 4.49472885
16 73.60 3.36721721
17 88.80 2.80265837
18 64.00 3.08417773
19 67.20 3.40173025
20 84.00 2.78965731
21 66.40 2.91131954
22 82.00 2.60203357
23 92.80 2.24094706
24 86.40 2.26468339
25 96.00 2.02723331
26 96.80 1.91266446
27 77.20 2.45492148
28 98.40 1.81407049
29 95.60 1.78310211
30 89.60 1.86413074
401 100.00 0.39528309
801 100.00 0.31933887
1201 100.00 0.33240235
1601 100.00 0.30973013
2001 100.00 0.31396744
2401 100.00 0.32251930
2801 100.00 0.32400891
3201 100.00 0.31159297
3601 76.80 1.39730914
4001 94.80 0.41281813
4401 100.00 0.30468822
4801 100.00 0.30208656
5201 100.00 0.34205726
5601 100.00 0.30522412
6001 100.00 0.30340259
6401 100.00 0.29575912
6801 100.00 0.29847562
7200 100.00 0.29395088
