1 7.00 2.29997778
2 10.00 2.29816008
3 15.00 2.29635859
4 18.00 2.29455543
5 23.00 2.29275322
6 28.00 2.29093933
7 32.00 2.28911185
8 37.00 2.28726745
9 43.00 2.28538966
10 45.00 2.28349233
11 46.00 2.28156567
12 46.00 2.27959633
13 47.00 2.27758265
14 49.00 2.27552557
15 53.00 2.27342224
16 53.00 2.27125216
17 54.00 2.26901889
18 53.00 2.26671767
19 53.00 2.26433754
20 54.00 2.26187444
21 54.00 2.25932837
22 53.00 2.25670266
23 51.00 2.25397658
24 51.00 2.25113153
25 50.00 2.24816847
26 50.00 2.24507380
27 50.00 2.24185276
28 50.00 2.23849130
29 50.00 2.23498082
30 52.00 2.23130774
31 52.00 2.22746754
32 53.00 2.22343588
33 53.00 2.21920729
34 54.00 2.21476221
35 54.00 2.21009302
36 54.00 2.20516181
37 54.00 2.19994569
38 55.00 2.19442463
39 55.00 2.18857121
40 56.00 2.18237329
41 56.00 2.17580438
42 55.00 2.16882634
43 55.00 2.16141367
44 57.00 2.15353084
45 57.00 2.14517546
46 58.00 2.13628578
47 57.00 2.12681651
48 59.00 2.11673427
49 59.00 2.10599375
50 60.00 2.09456015
51 62.00 2.08236384
52 63.00 2.06936431
53 62.00 2.05552506
54 63.00 2.04079676
55 63.00 2.02512860
56 65.00 2.00845742
57 65.00 1.99071562
58 66.00 1.97186208
59 66.00 1.95185089
60 68.00 1.93067229
61 70.00 1.90826213
62 71.00 1.88461101
63 74.00 1.85969234
64 74.00 1.83350861
65 74.00 1.80606198
66 75.00 1.77738583
67 76.00 1.74742615
68 77.00 1.71619308
69 78.00 1.68371534
70 81.00 1.65000689
71 81.00 1.61520231
72 81.00 1.57935858
73 84.00 1.54248321
74 84.00 1.50465596
75 84.00 1.46595311
76 86.00 1.42645156
77 86.00 1.38624775
78 87.00 1.34547698
79 88.00 1.30421340
80 88.00 1.26257145
81 88.00 1.22067475
82 88.00 1.17866945
83 88.00 1.13666356
84 88.00 1.09484029
85 88.00 1.05329609
86 89.00 1.01221049
87 88.00 0.97176915
88 90.00 0.93210375
89 91.00 0.89330912
90 92.00 0.85549730
91 92.00 0.81876653
92 92.00 0.78320199
93 92.00 0.74885541
94 92.00 0.71580011
95 93.00 0.68405455
96 93.00 0.65363258
97 94.00 0.62453181
98 95.00 0.59677482
99 95.00 0.57030660
100 96.00 0.54514974
101 96.00 0.52120745
102 96.00 0.49851727
103 97.00 0.47694126
104 98.00 0.45652005
105 97.00 0.43707886
106 98.00 0.41870838
107 97.00 0.40119162
108 98.00 0.38465026
109 97.00 0.36887240
110 98.00 0.35393992
111 98.00 0.33974802
112 98.00 0.32630512
113 98.00 0.31352219
114 98.00 0.30140498
115 98.00 0.28985339
116 98.00 0.27891663
117 98.00 0.26846826
118 98.00 0.25846612
119 98.00 0.24886607
120 98.00 0.23968253
121 98.00 0.23075888
122 98.00 0.22221380
123 98.00 0.21389546
124 98.00 0.20591457
125 98.00 0.19816689
126 98.00 0.19075885
127 99.00 0.18361777
128 99.00 0.17683282
129 99.00 0.17034332
130 99.00 0.16416582
131 99.00 0.15827511
132 99.00 0.15267892
133 99.00 0.14733490
134 99.00 0.14224443
135 99.00 0.13738400
136 100.00 0.13273810
137 100.00 0.12828705
138 100.00 0.12402632
139 100.00 0.11993708
140 100.00 0.11602234
141 100.00 0.11226697
142 100.00 0.10866854
143 100.00 0.10521740
144 100.00 0.10190375
145 100.00 0.09872711
146 100.00 0.09568036
147 100.00 0.09275272
148 100.00 0.08994529
149 100.00 0.08724866
150 100.00 0.08466159
151 100.00 0.08217802
152 100.00 0.07979643
153 100.00 0.07750846
154 100.00 0.07530954
155 100.00 0.07320037
156 100.00 0.07116973
157 100.00 0.06922171
158 100.00 0.06734624
159 100.00 0.06554203
160 100.00 0.06380697
161 100.00 0.06213808
162 100.00 0.06053136
163 100.00 0.05898503
164 100.00 0.05749593
165 100.00 0.05606311
166 100.00 0.05468161
167 100.00 0.05335058
168 100.00 0.05206759
169 100.00 0.05083150
170 100.00 0.04963890
171 100.00 0.04848967
172 100.00 0.04737962
173 100.00 0.04630930
174 100.00 0.04527489
175 100.00 0.04427630
176 100.00 0.04331113
177 100.00 0.04237967
178 100.00 0.04147829
179 100.00 0.04060681
180 100.00 0.03976430
181 100.00 0.03894881
182 100.00 0.03815909
183 100.00 0.03739452
184 100.00 0.03665438
185 100.00 0.03593659
186 100.00 0.03524091
187 100.00 0.03456732
188 100.00 0.03391319
189 100.00 0.03327911
190 100.00 0.03266363
191 100.00 0.03206650
192 100.00 0.03148543
193 100.00 0.03092206
194 100.00 0.03037414
195 100.00 0.02984221
196 100.00 0.02932489
197 100.00 0.02882232
198 100.00 0.02833329
199 100.00 0.02785772
200 100.00 0.02739518
201 100.00 0.02694457
301 100.00 0.00887760
401 100.00 0.00482316
501 100.00 0.00318055
601 100.00 0.00232190
701 100.00 0.00180417
801 100.00 0.00146200
901 100.00 0.00122109
1001 100.00 0.00104330
1101 100.00 0.00090732
1201 100.00 0.00080032
1301 100.00 0.00071416
1401 100.00 0.00064349
1501 100.00 0.00058455
1601 100.00 0.00053474
1701 100.00 0.00049216
1801 100.00 0.00045536
1901 100.00 0.00042330
2001 100.00 0.00039513
2101 100.00 0.00037022
2201 100.00 0.00034802
2301 100.00 0.00032814
2401 100.00 0.00031026
2501 100.00 0.00029408
2601 100.00 0.00027938
2701 100.00 0.00026599
2801 100.00 0.00025372
2901 100.00 0.00024244
3001 100.00 0.00023205
3101 100.00 0.00022247
3201 100.00 0.00021358
3301 100.00 0.00020532
3401 100.00 0.00019764
3501 100.00 0.00019047
3601 100.00 0.00018375
3701 100.00 0.00017747
3801 100.00 0.00017155
3901 100.00 0.00016599
4001 100.00 0.00016077
4101 100.00 0.00015584
4201 100.00 0.00015118
4301 100.00 0.00014676
4401 100.00 0.00014258
4501 100.00 0.00013862
4601 100.00 0.00013485
4701 100.00 0.00013126
4801 100.00 0.00012786
4901 100.00 0.00012462
5001 100.00 0.00012151
5101 100.00 0.00011855
5201 100.00 0.00011573
5301 100.00 0.00011301
5401 100.00 0.00011043
5501 100.00 0.00010793
5601 100.00 0.00010555
5701 100.00 0.00010326
5801 100.00 0.00010107
5901 100.00 0.00009894
6001 100.00 0.00009691
6101 100.00 0.00009497
6201 100.00 0.00009308
6301 100.00 0.00009126
6401 100.00 0.00008950
6501 100.00 0.00008783
6601 100.00 0.00008618
6701 100.00 0.00008461
6801 100.00 0.00008308
6901 100.00 0.00008162
7001 100.00 0.00008019
7101 100.00 0.00007880
7201 100.00 0.00007747
7301 100.00 0.00007617
7401 100.00 0.00007492
7501 100.00 0.00007369
7601 100.00 0.00007251
7701 100.00 0.00007136
7801 100.00 0.00007024
7901 100.00 0.00006916
8001 100.00 0.00006812
8101 100.00 0.00006709
8201 100.00 0.00006610
8301 100.00 0.00006513
8401 100.00 0.00006419
8501 100.00 0.00006328
8601 100.00 0.00006238
8701 100.00 0.00006151
8801 100.00 0.00006065
8901 100.00 0.00005983
9001 100.00 0.00005903
9101 100.00 0.00005824
9201 100.00 0.00005747
9301 100.00 0.00005673
9401 100.00 0.00005601
9501 100.00 0.00005528
9601 100.00 0.00005459
9701 100.00 0.00005391
9801 100.00 0.00005324
9901 100.00 0.00005260
10001 100.00 0.00005195
10101 100.00 0.00005134
10201 100.00 0.00005073
10301 100.00 0.00005013
10401 100.00 0.00004956
10501 100.00 0.00004899
10601 100.00 0.00004844
10701 100.00 0.00004789
10801 100.00 0.00004735
10901 100.00 0.00004684
11001 100.00 0.00004633
11101 100.00 0.00004582
11201 100.00 0.00004533
11301 100.00 0.00004484
11401 100.00 0.00004437
11501 100.00 0.00004390
11601 100.00 0.00004345
11701 100.00 0.00004300
11801 100.00 0.00004256
11901 100.00 0.00004214
12001 100.00 0.00004171
12101 100.00 0.00004130
12201 100.00 0.00004091
12301 100.00 0.00004050
12401 100.00 0.00004012
12501 100.00 0.00003972
12601 100.00 0.00003934
12701 100.00 0.00003897
12801 100.00 0.00003861
12901 100.00 0.00003826
13001 100.00 0.00003790
13101 100.00 0.00003756
13201 100.00 0.00003721
13301 100.00 0.00003688
13401 100.00 0.00003655
13501 100.00 0.00003624
13601 100.00 0.00003591
13701 100.00 0.00003560
13801 100.00 0.00003530
13901 100.00 0.00003499
14001 100.00 0.00003469
14101 100.00 0.00003440
14201 100.00 0.00003410
14301 100.00 0.00003383
14401 100.00 0.00003354
14501 100.00 0.00003326
14601 100.00 0.00003300
14701 100.00 0.00003272
14801 100.00 0.00003246
14901 100.00 0.00003221
15001 100.00 0.00003195
15101 100.00 0.00003170
15201 100.00 0.00003145
15301 100.00 0.00003120
15401 100.00 0.00003096
15501 100.00 0.00003073
15601 100.00 0.00003049
15701 100.00 0.00003026
15801 100.00 0.00003002
15901 100.00 0.00002981
16001 100.00 0.00002958
16101 100.00 0.00002936
16201 100.00 0.00002915
16301 100.00 0.00002894
16401 100.00 0.00002873
16501 100.00 0.00002851
16601 100.00 0.00002832
16701 100.00 0.00002811
16801 100.00 0.00002792
16901 100.00 0.00002773
17001 100.00 0.00002754
17101 100.00 0.00002734
17201 100.00 0.00002716
17301 100.00 0.00002696
17401 100.00 0.00002678
17501 100.00 0.00002661
17601 100.00 0.00002642
17701 100.00 0.00002625
17801 100.00 0.00002607
17901 100.00 0.00002590
18001 100.00 0.00002573
18101 100.00 0.00002557
18201 100.00 0.00002539
18301 100.00 0.00002523
18401 100.00 0.00002507
18501 100.00 0.00002490
18601 100.00 0.00002474
18701 100.00 0.00002459
18801 100.00 0.00002444
18901 100.00 0.00002428
19001 100.00 0.00002413
19101 100.00 0.00002398
19201 100.00 0.00002383
19301 100.00 0.00002369
19401 100.00 0.00002354
19501 100.00 0.00002340
19601 100.00 0.00002326
19701 100.00 0.00002311
19801 100.00 0.00002297
19901 100.00 0.00002284
20001 100.00 0.00002271
20101 100.00 0.00002257
20201 100.00 0.00002245
20301 100.00 0.00002232
20401 100.00 0.00002218
20501 100.00 0.00002205
20601 100.00 0.00002193
20701 100.00 0.00002180
20801 100.00 0.00002168
20901 100.00 0.00002156
21001 100.00 0.00002144
21101 100.00 0.00002131
21201 100.00 0.00002120
21301 100.00 0.00002108
21401 100.00 0.00002096
21501 100.00 0.00002085
21601 100.00 0.00002075
21701 100.00 0.00002063
21801 100.00 0.00002050
21901 100.00 0.00002040
22001 100.00 0.00002029
22101 100.00 0.00002019
22201 100.00 0.00002008
22301 100.00 0.00001997
22401 100.00 0.00001987
22501 100.00 0.00001977
22601 100.00 0.00001966
22701 100.00 0.00001957
22801 100.00 0.00001946
22901 100.00 0.00001936
23001 100.00 0.00001926
23101 100.00 0.00001916
23201 100.00 0.00001906
23301 100.00 0.00001896
23401 100.00 0.00001887
23501 100.00 0.00001878
23601 100.00 0.00001869
23701 100.00 0.00001859
23801 100.00 0.00001851
23901 100.00 0.00001841
24001 100.00 0.00001832
24101 100.00 0.00001824
24201 100.00 0.00001814
24301 100.00 0.00001806
24401 100.00 0.00001796
24501 100.00 0.00001788
24601 100.00 0.00001779
24701 100.00 0.00001771
24801 100.00 0.00001763
24901 100.00 0.00001754
25001 100.00 0.00001747
25101 100.00 0.00001738
25201 100.00 0.00001729
25301 100.00 0.00001721
25401 100.00 0.00001713
25501 100.00 0.00001706
25601 100.00 0.00001698
25701 100.00 0.00001690
25801 100.00 0.00001682
25901 100.00 0.00001675
26001 100.00 0.00001667
26101 100.00 0.00001659
26201 100.00 0.00001653
26301 100.00 0.00001646
26401 100.00 0.00001637
26501 100.00 0.00001630
26601 100.00 0.00001624
26701 100.00 0.00001616
26801 100.00 0.00001609
26901 100.00 0.00001603
27001 100.00 0.00001595
27101 100.00 0.00001589
27201 100.00 0.00001582
27301 100.00 0.00001575
27401 100.00 0.00001569
27501 100.00 0.00001562
27601 100.00 0.00001555
27701 100.00 0.00001548
27801 100.00 0.00001541
27901 100.00 0.00001535
28001 100.00 0.00001528
28101 100.00 0.00001522
28201 100.00 0.00001516
28301 100.00 0.00001510
28401 100.00 0.00001503
28501 100.00 0.00001497
28601 100.00 0.00001491
28701 100.00 0.00001485
28801 100.00 0.00001479
28901 100.00 0.00001473
29001 100.00 0.00001466
29101 100.00 0.00001462
29201 100.00 0.00001455
29301 100.00 0.00001449
29401 100.00 0.00001443
29501 100.00 0.00001438
29601 100.00 0.00001431
29701 100.00 0.00001426
29801 100.00 0.00001421
29901 100.00 0.00001416
30001 100.00 0.00001410
30101 100.00 0.00001404
30201 100.00 0.00001399
30301 100.00 0.00001394
30401 100.00 0.00001388
30501 100.00 0.00001383
30601 100.00 0.00001377
30701 100.00 0.00001372
30801 100.00 0.00001367
30901 100.00 0.00001362
31001 100.00 0.00001358
31101 100.00 0.00001352
31201 100.00 0.00001346
31301 100.00 0.00001341
31401 100.00 0.00001336
31501 100.00 0.00001332
31601 100.00 0.00001326
31701 100.00 0.00001322
31801 100.00 0.00001317
31901 100.00 0.00001312
32001 100.00 0.00001308
32101 100.00 0.00001303
32201 100.00 0.00001299
32301 100.00 0.00001294
32401 100.00 0.00001288
32501 100.00 0.00001284
32601 100.00 0.00001279
32701 100.00 0.00001275
32801 100.00 0.00001271
32901 100.00 0.00001266
33001 100.00 0.00001262
33101 100.00 0.00001258
33201 100.00 0.00001253
33301 100.00 0.00001249
33401 100.00 0.00001244
33501 100.00 0.00001241
33601 100.00 0.00001236
33701 100.00 0.00001232
33801 100.00 0.00001227
33901 100.00 0.00001224
34001 100.00 0.00001219
34101 100.00 0.00001215
34201 100.00 0.00001210
34301 100.00 0.00001206
34401 100.00 0.00001201
34501 100.00 0.00001198
34601 100.00 0.00001194
34701 100.00 0.00001189
34801 100.00 0.00001185
34901 100.00 0.00001181
35001 100.00 0.00001178
35101 100.00 0.00001173
35201 100.00 0.00001171
35301 100.00 0.00001167
35401 100.00 0.00001162
35501 100.00 0.00001159
35601 100.00 0.00001155
35701 100.00 0.00001151
35801 100.00 0.00001148
35901 100.00 0.00001144
36000 100.00 0.00001140
