1 62.00 3.02548728
2 45.60 2.76104097
3 38.20 2.77703586
4 12.60 2.99134517
5 27.60 2.84865866
6 45.60 2.62783670
7 54.80 2.02261469
8 64.40 2.04339955
9 62.20 1.80661407
10 73.40 1.50678971
11 49.00 2.56995330
12 62.40 1.79231300
13 65.20 1.75239255
14 82.40 1.27428608
15 81.60 1.34957347
16 82.00 1.23802691
17 84.40 1.20292704
18 95.40 0.96058704
19 93.60 0.95255488
20 90.00 1.05625479
201 100.00 0.38647062
401 100.00 0.17560906
601 100.00 0.15258149
801 100.00 0.16857777
1001 100.00 0.14301151
1201 100.00 0.13887380
1401 93.60 0.42416976
1601 100.00 0.10648091
1801 100.00 0.11490923
2001 100.00 0.12124704
2201 100.00 0.11981151
2401 92.60 0.45477400
2601 100.00 0.13109786
2801 74.60 0.79024265
3001 100.00 0.12120959
3201 100.00 0.12014046
3401 100.00 0.11985598
3600 100.00 0.11069676
