1 10.00 2.30267477
41 28.25 2.29728988
81 59.20 2.28185489
121 37.40 2.02144206
161 84.00 0.49174174
201 98.45 0.10059000
241 100.00 0.01549299
281 100.00 0.00649650
321 100.00 0.00374357
361 100.00 0.00253442
401 100.00 0.00187140
441 100.00 0.00146165
481 100.00 0.00118605
521 100.00 0.00099032
561 100.00 0.00084559
601 100.00 0.00073450
641 100.00 0.00064689
681 100.00 0.00057626
721 100.00 0.00051831
761 100.00 0.00046999
801 100.00 0.00042917
841 100.00 0.00039429
881 100.00 0.00036414
921 100.00 0.00033790
961 100.00 0.00031487
1001 100.00 0.00029451
1041 100.00 0.00027639
1081 100.00 0.00026020
1121 100.00 0.00024563
1161 100.00 0.00023247
1200 100.00 0.00022080
