1 40.40 6.11022129
2 48.10 5.74952147
3 42.00 5.51086178
4 27.70 5.55101089
5 30.60 5.26871336
6 42.50 4.95273330
7 46.75 4.73639710
8 49.15 4.47739241
9 65.00 4.06806430
10 47.60 4.36320177
11 62.80 4.02752478
12 61.25 3.82295846
13 76.95 3.31913565
14 71.55 3.39290565
15 72.25 3.28665367
16 60.80 3.58720046
17 70.35 3.22541999
18 75.75 2.99654232
19 76.60 2.88971909
20 67.60 3.13048218
201 88.95 0.78139481
401 98.10 0.48694100
601 99.85 0.41196845
801 100.00 0.39626347
1001 99.95 0.39183087
1201 91.40 0.63459865
1401 92.30 0.60484888
1601 99.90 0.39948774
1801 95.15 0.51542333
2001 99.85 0.38119364
2201 99.55 0.42964862
2401 100.00 0.36763955
2601 100.00 0.38548671
2801 99.65 0.38165534
3001 98.80 0.39216576
3201 98.50 0.42539534
3401 96.05 0.47582020
3600 97.25 0.46742453
