1 9.25 2.30221100
201 86.50 1.09732967
401 100.00 0.06199328
601 100.00 0.01564351
801 100.00 0.00768805
1001 100.00 0.00482541
1201 100.00 0.00342073
1401 100.00 0.00260668
1601 100.00 0.00208326
1801 100.00 0.00172193
2001 100.00 0.00145930
2201 100.00 0.00126083
2401 100.00 0.00110621
2601 100.00 0.00098272
2801 100.00 0.00088210
3001 100.00 0.00079869
3201 100.00 0.00072857
3401 100.00 0.00066887
3601 100.00 0.00061749
3801 100.00 0.00057287
4001 100.00 0.00053379
4201 100.00 0.00049930
4401 100.00 0.00046867
4601 100.00 0.00044131
4801 100.00 0.00041672
5001 100.00 0.00039453
5201 100.00 0.00037441
5401 100.00 0.00035609
5601 100.00 0.00033934
5801 100.00 0.00032398
6000 100.00 0.00030992
