1 10.00 2.30263516
41 75.80 1.53074979
81 94.60 0.28496199
121 98.60 0.10173179
161 100.00 0.04136726
201 100.00 0.02099087
241 100.00 0.01305562
281 100.00 0.00896295
321 100.00 0.00668331
361 100.00 0.00524052
401 100.00 0.00426197
441 100.00 0.00356113
481 100.00 0.00303941
521 100.00 0.00263806
561 100.00 0.00232132
601 100.00 0.00206612
641 100.00 0.00185648
681 100.00 0.00168175
721 100.00 0.00153427
761 100.00 0.00140830
801 100.00 0.00129961
841 100.00 0.00120494
881 100.00 0.00112190
921 100.00 0.00104859
961 100.00 0.00098340
1001 100.00 0.00092514
1041 100.00 0.00087279
1081 100.00 0.00082551
1121 100.00 0.00078265
1161 100.00 0.00074361
1200 100.00 0.00070880
