1 53.00 6.11326361
2 32.20 5.75907383
3 22.80 6.30877047
4 27.10 5.55708609
5 52.40 4.87350492
6 60.60 4.73289614
7 47.40 4.54954834
8 49.70 4.47846622
9 46.40 4.46508560
10 59.10 3.98071275
101 91.40 0.87500017
201 92.80 0.69951401
301 99.90 0.43339423
401 97.30 0.60141513
501 99.40 0.48124476
601 99.90 0.45532479
701 99.80 0.45057508
801 99.80 0.44375682
901 97.60 0.54413847
1001 100.00 0.41919944
1101 99.80 0.42498571
1201 99.50 0.42564089
1301 100.00 0.43185303
1401 99.90 0.45055397
1501 99.70 0.42484334
1601 99.90 0.40822863
1701 99.90 0.43930891
1800 100.00 0.41961738
