1 10.00 2.30283937
41 10.00 2.29958029
81 10.00 2.29583473
121 11.20 2.29013920
161 23.60 2.27935925
201 25.60 2.25292296
241 28.40 2.15812154
281 33.20 1.83945858
321 51.20 1.28004048
361 55.60 1.04759814
401 65.20 0.89990683
441 62.80 1.03573179
481 76.00 0.63625607
521 81.60 0.54220973
561 74.00 0.80923183
601 88.80 0.31774487
641 87.20 0.35944840
681 96.00 0.16999262
721 64.00 1.74957130
761 92.40 0.19979084
801 98.80 0.07481821
841 99.60 0.04770101
881 100.00 0.02981548
921 100.00 0.02706511
961 100.00 0.01647125
1001 100.00 0.01142834
1041 100.00 0.00880026
1081 100.00 0.00702013
1121 100.00 0.00582017
1161 100.00 0.00496991
1201 100.00 0.00424941
1241 100.00 0.00372509
1281 100.00 0.00330138
1321 100.00 0.00295134
1361 100.00 0.00266006
1401 100.00 0.00241830
1441 100.00 0.00221462
1481 100.00 0.00203859
1521 100.00 0.00188158
1561 100.00 0.00174749
1601 100.00 0.00162891
1641 100.00 0.00152393
1681 100.00 0.00142984
1721 100.00 0.00134591
1761 100.00 0.00127027
1801 100.00 0.00120209
1841 100.00 0.00113982
1881 100.00 0.00108270
1920 100.00 0.00103197
