1 10.00 2.30161858
81 37.50 1.93186305
161 81.00 0.49946367
241 86.50 0.47511311
321 99.50 0.05253702
401 100.00 0.00171009
481 100.00 0.00089772
561 100.00 0.00060178
641 100.00 0.00044804
721 100.00 0.00035455
801 100.00 0.00029196
881 100.00 0.00024720
961 100.00 0.00021375
1041 100.00 0.00018783
1121 100.00 0.00016716
1201 100.00 0.00015029
1281 100.00 0.00013633
1361 100.00 0.00012458
1441 100.00 0.00011459
1521 100.00 0.00010596
1601 100.00 0.00009847
1681 100.00 0.00009189
1761 100.00 0.00008609
1841 100.00 0.00008092
1921 100.00 0.00007632
2001 100.00 0.00007217
2081 100.00 0.00006842
2161 100.00 0.00006501
2241 100.00 0.00006191
2321 100.00 0.00005908
2401 100.00 0.00005648
2481 100.00 0.00005408
2561 100.00 0.00005186
2641 100.00 0.00004980
2721 100.00 0.00004790
2801 100.00 0.00004613
2881 100.00 0.00004447
2961 100.00 0.00004292
3041 100.00 0.00004147
3121 100.00 0.00004011
3201 100.00 0.00003883
3281 100.00 0.00003761
3361 100.00 0.00003648
3441 100.00 0.00003541
3521 100.00 0.00003439
3601 100.00 0.00003343
3681 100.00 0.00003251
3761 100.00 0.00003164
3841 100.00 0.00003081
3921 100.00 0.00003003
4001 100.00 0.00002927
4081 100.00 0.00002855
4161 100.00 0.00002787
4241 100.00 0.00002721
4321 100.00 0.00002658
4401 100.00 0.00002598
4481 100.00 0.00002541
4561 100.00 0.00002486
4641 100.00 0.00002432
4721 100.00 0.00002382
4800 100.00 0.00002333
