1 10.00 2.30309827
21 10.00 2.29951122
41 12.40 2.29533567
61 32.00 2.28847151
81 30.20 2.27385838
101 31.20 2.23114123
121 25.40 2.02386236
141 43.80 1.45577377
161 53.20 1.13612140
181 54.00 1.01577643
201 66.60 0.86608613
221 65.20 0.80494829
241 71.40 0.72043363
261 77.80 0.61962607
281 77.80 0.59498945
301 81.00 0.51043019
321 82.40 0.46566273
341 84.40 0.42158487
361 57.20 1.31972900
381 89.20 0.31047902
401 91.80 0.25734578
421 87.60 0.29968667
441 95.40 0.18247558
461 96.80 0.14499682
481 86.60 0.36886445
501 97.60 0.10834833
521 96.80 0.15692531
541 99.80 0.04890315
561 98.20 0.09280529
581 100.00 0.02772099
601 100.00 0.01971514
621 100.00 0.02279143
641 100.00 0.01617657
661 100.00 0.01184919
681 100.00 0.00824557
701 100.00 0.00669904
721 100.00 0.00561376
741 100.00 0.00491153
761 100.00 0.00417415
781 100.00 0.00371197
801 100.00 0.00327117
821 100.00 0.00294133
841 100.00 0.00266022
861 100.00 0.00242636
881 100.00 0.00223710
901 100.00 0.00205631
921 100.00 0.00191093
941 100.00 0.00178633
960 100.00 0.00166838
