1 11.00 2.30267575
2 11.00 2.30263492
3 11.00 2.30259420
4 11.00 2.30255382
5 11.00 2.30251369
6 11.00 2.30247368
7 11.00 2.30243386
8 11.00 2.30239435
9 11.00 2.30235553
10 11.00 2.30231683
11 11.00 2.30227832
12 11.00 2.30223997
13 11.00 2.30220179
14 11.00 2.30216365
15 11.00 2.30212568
16 11.25 2.30208771
17 11.25 2.30204973
18 11.25 2.30201213
19 11.25 2.30197473
20 11.75 2.30193745
21 12.25 2.30190033
41 15.75 2.30117972
61 18.75 2.30047648
81 20.00 2.29977469
101 21.25 2.29905790
121 24.50 2.29830326
141 27.50 2.29750594
161 30.50 2.29664451
181 37.00 2.29568969
201 43.25 2.29463501
221 49.50 2.29345654
241 56.75 2.29212774
261 62.50 2.29059304
281 68.50 2.28881159
301 72.75 2.28672878
321 75.25 2.28425109
341 77.75 2.28125338
361 78.75 2.27757217
381 77.75 2.27294768
401 77.50 2.26699339
421 76.50 2.25908831
441 75.00 2.24813469
461 68.75 2.23213115
481 66.00 2.20729414
501 62.25 2.16775422
521 61.00 2.10736333
541 59.25 2.01241457
561 59.50 1.86157102
581 66.00 1.65430366
601 66.50 1.40255806
621 73.25 1.12909619
641 80.75 0.85746029
661 89.00 0.60173450
681 93.75 0.39928856
701 96.50 0.27038525
721 97.25 0.17915664
741 99.00 0.11977782
761 99.75 0.08143328
781 99.75 0.05604983
801 99.75 0.03991933
821 100.00 0.02932795
841 100.00 0.02264317
861 100.00 0.01799379
881 100.00 0.01477142
901 100.00 0.01239457
921 100.00 0.01061349
941 100.00 0.00920931
961 100.00 0.00809692
981 100.00 0.00719617
1001 100.00 0.00645300
1021 100.00 0.00583256
1041 100.00 0.00530778
1061 100.00 0.00485928
1081 100.00 0.00447181
1101 100.00 0.00413447
1121 100.00 0.00383870
1141 100.00 0.00357790
1161 100.00 0.00334640
1181 100.00 0.00313974
1201 100.00 0.00295433
1221 100.00 0.00278722
1241 100.00 0.00263591
1261 100.00 0.00249840
1281 100.00 0.00237300
1301 100.00 0.00225817
1321 100.00 0.00215278
1341 100.00 0.00205571
1361 100.00 0.00196618
1381 100.00 0.00188316
1401 100.00 0.00180617
1421 100.00 0.00173455
1441 100.00 0.00166779
1461 100.00 0.00160542
1481 100.00 0.00154705
1501 100.00 0.00149237
1521 100.00 0.00144093
1541 100.00 0.00139259
1561 100.00 0.00134705
1581 100.00 0.00130405
1601 100.00 0.00126345
1621 100.00 0.00122501
1641 100.00 0.00118862
1661 100.00 0.00115410
1681 100.00 0.00112131
1701 100.00 0.00109014
1721 100.00 0.00106048
1741 100.00 0.00103222
1761 100.00 0.00100527
1781 100.00 0.00097955
1801 100.00 0.00095496
1821 100.00 0.00093147
1841 100.00 0.00090898
1861 100.00 0.00088744
1881 100.00 0.00086679
1901 100.00 0.00084699
1921 100.00 0.00082796
1941 100.00 0.00080971
1961 100.00 0.00079215
1981 100.00 0.00077526
2001 100.00 0.00075901
2021 100.00 0.00074334
2041 100.00 0.00072825
2061 100.00 0.00071369
2081 100.00 0.00069965
2101 100.00 0.00068609
2121 100.00 0.00067300
2141 100.00 0.00066035
2161 100.00 0.00064812
2181 100.00 0.00063629
2201 100.00 0.00062483
2221 100.00 0.00061375
2241 100.00 0.00060301
2261 100.00 0.00059260
2281 100.00 0.00058252
2301 100.00 0.00057274
2321 100.00 0.00056324
2341 100.00 0.00055403
2361 100.00 0.00054508
2381 100.00 0.00053639
2401 100.00 0.00052794
2421 100.00 0.00051973
2441 100.00 0.00051175
2461 100.00 0.00050398
2481 100.00 0.00049643
2501 100.00 0.00048907
2521 100.00 0.00048190
2541 100.00 0.00047493
2561 100.00 0.00046814
2581 100.00 0.00046152
2601 100.00 0.00045506
2621 100.00 0.00044876
2641 100.00 0.00044263
2661 100.00 0.00043663
2681 100.00 0.00043079
2701 100.00 0.00042508
2721 100.00 0.00041951
2741 100.00 0.00041406
2761 100.00 0.00040874
2781 100.00 0.00040355
2801 100.00 0.00039847
2821 100.00 0.00039351
2841 100.00 0.00038865
2861 100.00 0.00038390
2881 100.00 0.00037926
2901 100.00 0.00037472
2921 100.00 0.00037027
2941 100.00 0.00036592
2961 100.00 0.00036167
2981 100.00 0.00035749
3001 100.00 0.00035340
3021 100.00 0.00034940
3041 100.00 0.00034548
3061 100.00 0.00034165
3081 100.00 0.00033788
3101 100.00 0.00033419
3121 100.00 0.00033057
3141 100.00 0.00032702
3161 100.00 0.00032354
3181 100.00 0.00032012
3201 100.00 0.00031677
3221 100.00 0.00031348
3241 100.00 0.00031026
3261 100.00 0.00030710
3281 100.00 0.00030398
3301 100.00 0.00030094
3321 100.00 0.00029794
3341 100.00 0.00029499
3361 100.00 0.00029210
3381 100.00 0.00028925
3401 100.00 0.00028647
3421 100.00 0.00028373
3441 100.00 0.00028103
3461 100.00 0.00027838
3481 100.00 0.00027577
3501 100.00 0.00027321
3521 100.00 0.00027069
3541 100.00 0.00026821
3561 100.00 0.00026578
3581 100.00 0.00026338
3601 100.00 0.00026102
3621 100.00 0.00025871
3641 100.00 0.00025641
3661 100.00 0.00025417
3681 100.00 0.00025197
3701 100.00 0.00024979
3721 100.00 0.00024765
3741 100.00 0.00024554
3761 100.00 0.00024346
3781 100.00 0.00024142
3801 100.00 0.00023940
3821 100.00 0.00023742
3841 100.00 0.00023546
3861 100.00 0.00023354
3881 100.00 0.00023164
3901 100.00 0.00022977
3921 100.00 0.00022793
3941 100.00 0.00022612
3961 100.00 0.00022432
3981 100.00 0.00022256
4001 100.00 0.00022082
4021 100.00 0.00021910
4041 100.00 0.00021742
4061 100.00 0.00021575
4081 100.00 0.00021410
4101 100.00 0.00021248
4121 100.00 0.00021089
4141 100.00 0.00020930
4161 100.00 0.00020775
4181 100.00 0.00020622
4201 100.00 0.00020470
4221 100.00 0.00020321
4241 100.00 0.00020173
4261 100.00 0.00020027
4281 100.00 0.00019884
4301 100.00 0.00019742
4321 100.00 0.00019602
4341 100.00 0.00019464
4361 100.00 0.00019327
4381 100.00 0.00019192
4401 100.00 0.00019060
4421 100.00 0.00018928
4441 100.00 0.00018799
4461 100.00 0.00018670
4481 100.00 0.00018544
4501 100.00 0.00018419
4521 100.00 0.00018295
4541 100.00 0.00018173
4561 100.00 0.00018053
4581 100.00 0.00017934
4601 100.00 0.00017817
4621 100.00 0.00017700
4641 100.00 0.00017585
4661 100.00 0.00017472
4681 100.00 0.00017359
4701 100.00 0.00017249
4721 100.00 0.00017139
4741 100.00 0.00017031
4761 100.00 0.00016924
4781 100.00 0.00016818
4801 100.00 0.00016713
4821 100.00 0.00016609
4841 100.00 0.00016507
4861 100.00 0.00016406
4881 100.00 0.00016306
4901 100.00 0.00016207
4921 100.00 0.00016109
4941 100.00 0.00016012
4961 100.00 0.00015916
4981 100.00 0.00015822
5001 100.00 0.00015728
5021 100.00 0.00015635
5041 100.00 0.00015543
5061 100.00 0.00015453
5081 100.00 0.00015363
5101 100.00 0.00015274
5121 100.00 0.00015186
5141 100.00 0.00015099
5161 100.00 0.00015013
5181 100.00 0.00014928
5201 100.00 0.00014844
5221 100.00 0.00014760
5241 100.00 0.00014678
5261 100.00 0.00014596
5281 100.00 0.00014515
5301 100.00 0.00014434
5321 100.00 0.00014355
5341 100.00 0.00014277
5361 100.00 0.00014199
5381 100.00 0.00014122
5401 100.00 0.00014046
5421 100.00 0.00013970
5441 100.00 0.00013896
5461 100.00 0.00013821
5481 100.00 0.00013748
5501 100.00 0.00013676
5521 100.00 0.00013604
5541 100.00 0.00013533
5561 100.00 0.00013462
5581 100.00 0.00013392
5601 100.00 0.00013323
5621 100.00 0.00013254
5641 100.00 0.00013186
5661 100.00 0.00013119
5681 100.00 0.00013052
5701 100.00 0.00012986
5721 100.00 0.00012921
5741 100.00 0.00012856
5761 100.00 0.00012792
5781 100.00 0.00012728
5801 100.00 0.00012665
5821 100.00 0.00012603
5841 100.00 0.00012541
5861 100.00 0.00012480
5881 100.00 0.00012418
5901 100.00 0.00012358
5921 100.00 0.00012298
5941 100.00 0.00012239
5961 100.00 0.00012180
5981 100.00 0.00012122
6000 100.00 0.00012067
