1 48.20 2.23534664
41 100.00 0.00425018
81 100.00 0.00145652
121 100.00 0.00082876
161 100.00 0.00056528
201 100.00 0.00042200
241 100.00 0.00033392
281 100.00 0.00027458
321 100.00 0.00023212
361 100.00 0.00020031
401 100.00 0.00017568
441 100.00 0.00015614
481 100.00 0.00014027
521 100.00 0.00012713
561 100.00 0.00011612
601 100.00 0.00010677
641 100.00 0.00009872
681 100.00 0.00009171
721 100.00 0.00008557
761 100.00 0.00008015
801 100.00 0.00007533
841 100.00 0.00007102
881 100.00 0.00006714
921 100.00 0.00006365
961 100.00 0.00006047
1001 100.00 0.00005759
1041 100.00 0.00005494
1081 100.00 0.00005251
1121 100.00 0.00005028
1161 100.00 0.00004821
1200 100.00 0.00004635
