1 45.40 6.11260500
2 44.60 5.72171965
3 45.40 5.54906683
4 39.80 5.13462934
5 26.00 5.36616716
6 34.80 5.23413076
7 42.80 4.80263052
8 37.40 4.68404989
9 55.80 4.42960987
10 52.80 4.05599599
11 57.60 4.19897375
12 52.20 4.00812492
13 72.20 3.40116701
14 75.00 3.42504897
15 67.40 3.27083554
16 62.00 3.34165897
17 77.20 2.95184522
18 77.80 3.04638095
19 64.20 3.30971885
20 71.40 2.88100653
201 97.40 0.61723013
401 99.80 0.41102625
601 99.60 0.46882467
801 100.00 0.42236087
1001 100.00 0.39531409
1201 99.40 0.46535196
1401 99.80 0.40427825
1601 99.80 0.41127037
1801 80.60 0.93707235
2001 99.40 0.40283511
2201 99.60 0.46859877
2401 100.00 0.37692482
2601 100.00 0.42438154
2801 100.00 0.38963521
3001 100.00 0.36806788
3201 100.00 0.36701382
3401 100.00 0.38007122
3600 89.00 0.73456509
