1 52.98 1.30871782
2 71.93 0.71385847
3 79.33 0.55779287
4 79.66 0.54388872
5 83.20 0.45464143
6 82.71 0.45804941
7 85.75 0.39352261
8 84.86 0.41748262
9 84.87 0.41378681
10 86.08 0.39243191
11 87.03 0.34948757
21 86.91 0.34432169
31 90.37 0.26640530
41 91.74 0.22478619
51 92.13 0.25951478
61 93.17 0.18719446
71 93.78 0.18197324
81 96.59 0.09038023
91 96.55 0.09319574
101 93.95 0.18803896
111 94.23 0.21747104
121 97.42 0.07781816
131 97.74 0.07928463
141 98.14 0.05898539
151 97.47 0.10218038
161 99.10 0.03118362
171 99.59 0.01304385
181 98.93 0.04395852
191 99.98 0.00119138
201 100.00 0.00026942
211 100.00 0.00018285
221 100.00 0.00013911
231 100.00 0.00011400
241 100.00 0.00009615
251 100.00 0.00008366
261 100.00 0.00007357
271 100.00 0.00006543
281 100.00 0.00005922
291 100.00 0.00005394
301 100.00 0.00004966
311 100.00 0.00004578
321 100.00 0.00004246
331 100.00 0.00003974
341 100.00 0.00003714
351 100.00 0.00003491
361 100.00 0.00003289
371 100.00 0.00003120
381 100.00 0.00002956
391 100.00 0.00002808
400 100.00 0.00002691
