1 28.60 9.72145252
2 45.40 8.99540539
3 41.00 8.35237503
4 15.50 8.31864967
5 44.40 7.11229172
6 45.60 6.84078159
7 25.30 7.56909733
8 47.00 6.20378876
9 42.70 5.81945868
10 33.40 5.59149466
101 92.50 0.95317057
201 88.80 1.05354106
301 97.80 0.79984723
401 88.80 0.97646686
501 83.60 1.05803009
601 96.30 0.79254825
701 97.60 0.76806593
801 98.40 0.75645299
901 98.10 0.74609784
1001 96.70 0.79316492
1101 98.30 0.78563067
1201 98.00 0.75338852
1301 98.50 0.73296053
1401 98.60 0.73376057
1501 88.50 0.95316834
1601 98.70 0.73897045
1701 94.90 0.80805765
1800 98.80 0.71086587
