1 13.15 2.30066344
41 73.10 1.47937772
81 93.35 0.29419176
121 98.85 0.10179213
161 99.95 0.04051386
201 100.00 0.02090142
241 100.00 0.01304166
281 100.00 0.00900740
321 100.00 0.00672158
361 100.00 0.00527132
401 100.00 0.00428737
441 100.00 0.00358305
481 100.00 0.00305746
521 100.00 0.00265330
561 100.00 0.00233429
601 100.00 0.00207693
641 100.00 0.00186571
681 100.00 0.00168962
721 100.00 0.00154093
761 100.00 0.00141394
801 100.00 0.00130442
841 100.00 0.00120909
881 100.00 0.00112550
921 100.00 0.00105170
961 100.00 0.00098610
1001 100.00 0.00092745
1041 100.00 0.00087478
1081 100.00 0.00082721
1121 100.00 0.00078409
1161 100.00 0.00074484
1200 100.00 0.00070985
