1 28.00 2.28675544
2 48.00 2.27228892
3 54.00 2.25673825
4 63.00 2.23805588
5 76.00 2.21503592
6 83.00 2.18437344
7 84.00 2.14392233
8 83.00 2.08957666
9 68.00 2.01752031
10 77.00 1.92638463
11 79.00 1.80218312
12 75.00 1.66160241
13 77.00 1.51987463
14 79.00 1.31425214
15 76.00 1.16844216
16 75.00 1.00747566
17 81.00 0.88587303
18 84.00 0.70565721
19 84.00 0.62225504
20 82.00 0.59235726
21 83.00 0.56672183
41 100.00 0.03445244
61 100.00 0.01241740
81 100.00 0.00704190
101 100.00 0.00474038
121 100.00 0.00351559
141 100.00 0.00276156
161 100.00 0.00225758
181 100.00 0.00189880
201 100.00 0.00163219
221 100.00 0.00142661
241 100.00 0.00126401
261 100.00 0.00113244
281 100.00 0.00102384
301 100.00 0.00093293
321 100.00 0.00085593
341 100.00 0.00078980
361 100.00 0.00073244
381 100.00 0.00068224
401 100.00 0.00063810
421 100.00 0.00059892
441 100.00 0.00056389
461 100.00 0.00053247
481 100.00 0.00050409
501 100.00 0.00047840
521 100.00 0.00045506
541 100.00 0.00043372
561 100.00 0.00041417
581 100.00 0.00039619
601 100.00 0.00037962
621 100.00 0.00036427
641 100.00 0.00035004
661 100.00 0.00033682
681 100.00 0.00032449
701 100.00 0.00031296
721 100.00 0.00030218
741 100.00 0.00029203
761 100.00 0.00028251
781 100.00 0.00027355
801 100.00 0.00026513
821 100.00 0.00025715
841 100.00 0.00024961
861 100.00 0.00024245
881 100.00 0.00023567
901 100.00 0.00022926
921 100.00 0.00022314
941 100.00 0.00021732
961 100.00 0.00021179
981 100.00 0.00020652
1001 100.00 0.00020147
1021 100.00 0.00019665
1041 100.00 0.00019204
1061 100.00 0.00018762
1081 100.00 0.00018337
1101 100.00 0.00017931
1121 100.00 0.00017544
1141 100.00 0.00017168
1161 100.00 0.00016811
1181 100.00 0.00016464
1201 100.00 0.00016134
1221 100.00 0.00015815
1241 100.00 0.00015506
1261 100.00 0.00015210
1281 100.00 0.00014923
1301 100.00 0.00014648
1321 100.00 0.00014381
1341 100.00 0.00014122
1361 100.00 0.00013871
1381 100.00 0.00013631
1401 100.00 0.00013396
1421 100.00 0.00013169
1441 100.00 0.00012949
1461 100.00 0.00012737
1481 100.00 0.00012530
1501 100.00 0.00012330
1521 100.00 0.00012137
1541 100.00 0.00011947
1561 100.00 0.00011765
1581 100.00 0.00011586
1601 100.00 0.00011414
1621 100.00 0.00011245
1641 100.00 0.00011081
1661 100.00 0.00010921
1681 100.00 0.00010765
1701 100.00 0.00010616
1721 100.00 0.00010468
1741 100.00 0.00010324
1761 100.00 0.00010184
1781 100.00 0.00010047
1801 100.00 0.00009914
1821 100.00 0.00009785
1841 100.00 0.00009658
1861 100.00 0.00009533
1881 100.00 0.00009413
1901 100.00 0.00009296
1921 100.00 0.00009180
1941 100.00 0.00009068
1961 100.00 0.00008958
1981 100.00 0.00008850
2001 100.00 0.00008746
2021 100.00 0.00008644
2041 100.00 0.00008541
2061 100.00 0.00008444
2081 100.00 0.00008347
2101 100.00 0.00008252
2121 100.00 0.00008160
2141 100.00 0.00008070
2161 100.00 0.00007981
2181 100.00 0.00007895
2201 100.00 0.00007809
2221 100.00 0.00007725
2241 100.00 0.00007644
2261 100.00 0.00007564
2281 100.00 0.00007485
2301 100.00 0.00007408
2321 100.00 0.00007332
2341 100.00 0.00007259
2361 100.00 0.00007186
2381 100.00 0.00007113
2401 100.00 0.00007045
2421 100.00 0.00006975
2441 100.00 0.00006908
2461 100.00 0.00006841
2481 100.00 0.00006777
2501 100.00 0.00006712
2521 100.00 0.00006649
2541 100.00 0.00006588
2561 100.00 0.00006527
2581 100.00 0.00006466
2601 100.00 0.00006408
2621 100.00 0.00006350
2641 100.00 0.00006293
2661 100.00 0.00006238
2681 100.00 0.00006184
2701 100.00 0.00006128
2721 100.00 0.00006076
2741 100.00 0.00006023
2761 100.00 0.00005972
2781 100.00 0.00005921
2801 100.00 0.00005871
2821 100.00 0.00005822
2841 100.00 0.00005774
2861 100.00 0.00005726
2881 100.00 0.00005680
2901 100.00 0.00005632
2921 100.00 0.00005588
2941 100.00 0.00005543
2961 100.00 0.00005499
2981 100.00 0.00005456
3001 100.00 0.00005412
3021 100.00 0.00005371
3041 100.00 0.00005329
3061 100.00 0.00005288
3081 100.00 0.00005248
3101 100.00 0.00005208
3121 100.00 0.00005168
3141 100.00 0.00005130
3161 100.00 0.00005092
3181 100.00 0.00005054
3201 100.00 0.00005017
3221 100.00 0.00004980
3241 100.00 0.00004944
3261 100.00 0.00004908
3281 100.00 0.00004873
3301 100.00 0.00004839
3321 100.00 0.00004804
3341 100.00 0.00004771
3361 100.00 0.00004738
3381 100.00 0.00004704
3401 100.00 0.00004672
3421 100.00 0.00004640
3441 100.00 0.00004608
3461 100.00 0.00004578
3481 100.00 0.00004547
3501 100.00 0.00004517
3521 100.00 0.00004487
3541 100.00 0.00004458
3561 100.00 0.00004428
3581 100.00 0.00004400
3601 100.00 0.00004371
3621 100.00 0.00004343
3641 100.00 0.00004314
3661 100.00 0.00004287
3681 100.00 0.00004259
3701 100.00 0.00004232
3721 100.00 0.00004205
3741 100.00 0.00004179
3761 100.00 0.00004154
3781 100.00 0.00004127
3801 100.00 0.00004102
3821 100.00 0.00004077
3841 100.00 0.00004052
3861 100.00 0.00004028
3881 100.00 0.00004003
3901 100.00 0.00003979
3921 100.00 0.00003956
3941 100.00 0.00003932
3961 100.00 0.00003909
3981 100.00 0.00003885
4001 100.00 0.00003864
4021 100.00 0.00003842
4041 100.00 0.00003818
4061 100.00 0.00003795
4081 100.00 0.00003775
4101 100.00 0.00003754
4121 100.00 0.00003733
4141 100.00 0.00003711
4161 100.00 0.00003691
4181 100.00 0.00003669
4201 100.00 0.00003649
4221 100.00 0.00003628
4241 100.00 0.00003609
4261 100.00 0.00003589
4281 100.00 0.00003570
4301 100.00 0.00003551
4321 100.00 0.00003530
4341 100.00 0.00003512
4361 100.00 0.00003493
4381 100.00 0.00003473
4401 100.00 0.00003456
4421 100.00 0.00003438
4441 100.00 0.00003419
4461 100.00 0.00003402
4481 100.00 0.00003383
4501 100.00 0.00003367
4521 100.00 0.00003349
4541 100.00 0.00003332
4561 100.00 0.00003315
4581 100.00 0.00003298
4601 100.00 0.00003281
4621 100.00 0.00003264
4641 100.00 0.00003247
4661 100.00 0.00003232
4681 100.00 0.00003216
4701 100.00 0.00003200
4721 100.00 0.00003184
4741 100.00 0.00003169
4761 100.00 0.00003154
4781 100.00 0.00003138
4801 100.00 0.00003122
4821 100.00 0.00003107
4841 100.00 0.00003092
4861 100.00 0.00003077
4881 100.00 0.00003063
4901 100.00 0.00003048
4921 100.00 0.00003034
4941 100.00 0.00003019
4961 100.00 0.00003006
4981 100.00 0.00002991
5001 100.00 0.00002977
5021 100.00 0.00002963
5041 100.00 0.00002949
5061 100.00 0.00002936
5081 100.00 0.00002923
5101 100.00 0.00002908
5121 100.00 0.00002895
5141 100.00 0.00002881
5161 100.00 0.00002869
5181 100.00 0.00002856
5201 100.00 0.00002843
5221 100.00 0.00002830
5241 100.00 0.00002818
5261 100.00 0.00002805
5281 100.00 0.00002793
5301 100.00 0.00002780
5321 100.00 0.00002768
5341 100.00 0.00002757
5361 100.00 0.00002745
5381 100.00 0.00002733
5401 100.00 0.00002721
5421 100.00 0.00002709
5441 100.00 0.00002697
5461 100.00 0.00002686
5481 100.00 0.00002675
5501 100.00 0.00002663
5521 100.00 0.00002652
5541 100.00 0.00002641
5561 100.00 0.00002630
5581 100.00 0.00002619
5601 100.00 0.00002608
5621 100.00 0.00002595
5641 100.00 0.00002585
5661 100.00 0.00002576
5681 100.00 0.00002565
5701 100.00 0.00002556
5721 100.00 0.00002545
5741 100.00 0.00002534
5761 100.00 0.00002524
5781 100.00 0.00002513
5801 100.00 0.00002505
5821 100.00 0.00002494
5841 100.00 0.00002484
5861 100.00 0.00002473
5881 100.00 0.00002464
5901 100.00 0.00002454
5921 100.00 0.00002446
5941 100.00 0.00002435
5961 100.00 0.00002425
5981 100.00 0.00002416
6000 100.00 0.00002407
