1 81.97 0.55648589
2 92.43 0.26402420
3 93.96 0.20726045
4 94.94 0.16915148
5 96.12 0.13445345
6 96.69 0.11573523
7 97.01 0.10217884
8 97.17 0.09508419
9 98.03 0.07200341
10 98.11 0.06691520
11 97.91 0.07158327
12 98.34 0.05983261
13 98.52 0.05186563
14 98.87 0.04315823
15 98.72 0.04607795
16 99.20 0.03321690
17 99.11 0.03377999
18 99.03 0.03473169
19 99.36 0.02661688
20 98.83 0.03933441
21 99.56 0.02076828
31 99.95 0.00694243
41 100.00 0.00301656
51 100.00 0.00178414
61 100.00 0.00122253
71 100.00 0.00092403
81 100.00 0.00071669
91 100.00 0.00059163
101 100.00 0.00049865
111 100.00 0.00042588
121 100.00 0.00037562
131 100.00 0.00033345
141 100.00 0.00029464
151 100.00 0.00026641
161 100.00 0.00024523
171 100.00 0.00022241
181 100.00 0.00020480
191 100.00 0.00019030
200 100.00 0.00017785
