1 25.35 1.69922452
2 41.78 1.30497798
3 60.30 0.93951807
4 69.55 0.78353274
7 70.93 0.76193937
10 80.95 0.52981141
13 80.08 0.51120904
16 84.92 0.42650090
19 80.97 0.47944144
22 86.97 0.35480077
25 84.92 0.50097236
28 77.55 0.75292068
31 87.86 0.32821976
34 86.77 0.34724739
37 80.70 0.58577779
40 83.45 0.42084510
43 86.12 0.34624532
46 80.66 0.48905399
49 86.44 0.40150716
52 82.83 0.44286056
55 90.83 0.25583672
58 75.28 0.79137938
61 89.81 0.27759291
64 83.48 0.50914862
67 92.51 0.20196489
70 88.06 0.33643327
73 91.72 0.22444937
76 77.89 0.66724468
79 84.83 0.45970738
82 91.30 0.23039773
85 87.78 0.40198904
88 86.22 0.50544139
91 86.28 0.39214260
94 80.99 0.81578980
97 86.39 0.36487530
100 88.58 0.33864798
103 89.72 0.36787552
106 94.86 0.13213067
109 95.66 0.11919988
112 96.91 0.08407091
115 93.88 0.15851104
118 81.22 0.57434315
121 90.00 0.30498877
124 79.02 1.08537671
127 92.05 0.18674072
130 77.00 0.90895756
133 96.25 0.10062563
136 94.06 0.15704385
139 81.07 1.37834837
142 92.54 0.22286943
145 95.53 0.11096991
148 93.48 0.17754395
151 96.70 0.08729753
154 96.05 0.10532265
157 96.30 0.09772459
160 89.94 0.41562706
163 83.56 0.57154452
166 96.95 0.08232222
169 88.48 0.37829819
172 66.85 2.13771832
175 95.45 0.13539000
178 78.80 1.22760026
181 97.06 0.07529818
184 92.78 0.21944600
187 97.72 0.06270155
190 95.88 0.13364544
193 97.11 0.10047675
196 91.47 0.24787351
199 56.99 4.09455078
202 96.83 0.09342843
205 96.92 0.09564219
208 96.19 0.12909775
211 86.06 0.64283342
214 90.32 0.29735963
217 96.02 0.12912115
220 95.89 0.09390204
223 95.38 0.12739170
226 96.04 0.12839858
229 97.89 0.06052152
232 94.78 0.17461339
235 89.89 0.33714620
238 89.65 0.67019014
241 95.98 0.15333993
244 96.42 0.11363736
247 96.51 0.13634734
250 91.77 0.89718280
253 99.41 0.01925795
256 98.70 0.03941573
259 99.33 0.02102466
262 97.40 0.08693857
265 86.81 0.36347874
268 98.86 0.03450056
271 99.28 0.02616368
274 94.35 0.20492325
277 97.54 0.08209589
280 95.67 0.12971093
283 98.19 0.05394728
286 86.75 0.41516800
289 98.88 0.03170820
292 98.55 0.03875837
295 97.61 0.07588960
298 93.75 0.25300853
300 98.78 0.03508732
