1 30.00 2.21363845
2 39.00 1.71128193
3 69.00 1.03986267
4 71.00 0.68936741
5 66.00 0.86676000
6 69.00 0.78177728
7 90.00 0.30375518
8 84.00 0.52268370
9 97.00 0.07897208
10 89.00 0.39772515
11 100.00 0.01071429
12 100.00 0.00316379
13 100.00 0.00219870
14 100.00 0.00167992
15 100.00 0.00135809
16 100.00 0.00113625
17 100.00 0.00097626
18 100.00 0.00085467
19 100.00 0.00075861
20 100.00 0.00068165
21 100.00 0.00061812
22 100.00 0.00056509
23 100.00 0.00052005
24 100.00 0.00048140
25 100.00 0.00044799
26 100.00 0.00041864
27 100.00 0.00039269
28 100.00 0.00036970
29 100.00 0.00034908
30 100.00 0.00033058
31 100.00 0.00031383
32 100.00 0.00029863
33 100.00 0.00028475
34 100.00 0.00027207
35 100.00 0.00026041
36 100.00 0.00024966
37 100.00 0.00023971
38 100.00 0.00023049
39 100.00 0.00022193
40 100.00 0.00021394
41 100.00 0.00020649
42 100.00 0.00019951
43 100.00 0.00019297
44 100.00 0.00018683
45 100.00 0.00018103
46 100.00 0.00017558
47 100.00 0.00017043
48 100.00 0.00016556
49 100.00 0.00016094
50 100.00 0.00015658
51 100.00 0.00015241
52 100.00 0.00014845
53 100.00 0.00014469
54 100.00 0.00014110
55 100.00 0.00013767
56 100.00 0.00013441
57 100.00 0.00013128
58 100.00 0.00012829
59 100.00 0.00012543
60 100.00 0.00012268
61 100.00 0.00012004
62 100.00 0.00011751
63 100.00 0.00011507
64 100.00 0.00011273
65 100.00 0.00011048
66 100.00 0.00010831
67 100.00 0.00010622
68 100.00 0.00010422
69 100.00 0.00010228
70 100.00 0.00010041
71 100.00 0.00009860
72 100.00 0.00009686
73 100.00 0.00009517
74 100.00 0.00009352
75 100.00 0.00009194
76 100.00 0.00009041
77 100.00 0.00008894
78 100.00 0.00008750
79 100.00 0.00008610
80 100.00 0.00008476
81 100.00 0.00008344
82 100.00 0.00008217
83 100.00 0.00008094
84 100.00 0.00007973
85 100.00 0.00007857
86 100.00 0.00007742
87 100.00 0.00007632
88 100.00 0.00007524
89 100.00 0.00007420
90 100.00 0.00007318
91 100.00 0.00007219
92 100.00 0.00007122
93 100.00 0.00007028
94 100.00 0.00006935
95 100.00 0.00006844
96 100.00 0.00006757
97 100.00 0.00006671
98 100.00 0.00006588
99 100.00 0.00006506
100 100.00 0.00006426
201 100.00 0.00002805
401 100.00 0.00001274
601 100.00 0.00000807
801 100.00 0.00000586
1001 100.00 0.00000458
1201 100.00 0.00000375
1401 100.00 0.00000315
1601 100.00 0.00000271
1801 100.00 0.00000239
2001 100.00 0.00000212
2201 100.00 0.00000192
2401 100.00 0.00000175
2601 100.00 0.00000160
2801 100.00 0.00000147
3001 100.00 0.00000136
3201 100.00 0.00000127
3401 100.00 0.00000118
3601 100.00 0.00000112
3801 100.00 0.00000105
4001 100.00 0.00000099
4201 100.00 0.00000095
4401 100.00 0.00000089
4601 100.00 0.00000085
4801 100.00 0.00000081
5001 100.00 0.00000078
5201 100.00 0.00000074
5401 100.00 0.00000071
5601 100.00 0.00000069
5801 100.00 0.00000066
6001 100.00 0.00000063
6201 100.00 0.00000062
6401 100.00 0.00000059
6601 100.00 0.00000057
6801 100.00 0.00000055
7001 100.00 0.00000053
7201 100.00 0.00000051
7401 100.00 0.00000050
7601 100.00 0.00000048
7801 100.00 0.00000047
8001 100.00 0.00000046
8201 100.00 0.00000045
8401 100.00 0.00000044
8601 100.00 0.00000043
8801 100.00 0.00000041
9001 100.00 0.00000040
9201 100.00 0.00000040
9401 100.00 0.00000038
9601 100.00 0.00000038
9801 100.00 0.00000036
10001 100.00 0.00000035
10201 100.00 0.00000034
10401 100.00 0.00000034
10601 100.00 0.00000033
10801 100.00 0.00000032
11001 100.00 0.00000032
11201 100.00 0.00000032
11401 100.00 0.00000031
11601 100.00 0.00000031
11801 100.00 0.00000030
12000 100.00 0.00000029
