1 41.60 6.10907345
2 52.80 5.75691719
3 60.80 5.26239691
4 47.20 5.23985481
5 53.60 4.84868536
6 23.20 5.53839664
7 52.00 4.62281046
8 47.60 4.50486412
9 64.40 4.06296906
10 35.60 4.66778450
11 73.20 3.64329691
12 26.40 5.93112497
13 56.00 3.86148024
14 69.20 3.56857347
15 66.40 3.39424882
16 61.60 3.54223528
17 38.80 3.95242357
18 62.80 3.39685969
19 62.80 3.21158910
20 84.40 2.63718591
21 51.60 3.37744222
22 74.40 2.66260047
23 89.20 2.40748634
24 69.60 2.82007408
25 94.00 2.07721324
26 78.40 2.32087626
27 94.40 1.95208349
28 88.40 1.92307239
29 84.80 2.10304160
30 88.00 1.80648408
401 100.00 0.39745072
801 100.00 0.34522601
1201 100.00 0.32298999
1601 100.00 0.33123685
2001 100.00 0.31276333
2401 99.20 0.41014240
2801 100.00 0.31332709
3201 100.00 0.30986615
3601 100.00 0.31472249
4001 100.00 0.30857078
4401 100.00 0.31095099
4801 100.00 0.30598434
5201 100.00 0.31215869
5601 100.00 0.31114392
6001 100.00 0.32819040
6401 100.00 0.30698603
6801 100.00 0.30293648
7200 100.00 0.31563169
