1 10.00 2.30197495
201 100.00 0.00052932
401 100.00 0.00018365
601 100.00 0.00010621
801 100.00 0.00007326
1001 100.00 0.00005532
1201 100.00 0.00004412
1401 100.00 0.00003651
1601 100.00 0.00003104
1801 100.00 0.00002689
2001 100.00 0.00002368
2201 100.00 0.00002112
2401 100.00 0.00001902
2601 100.00 0.00001730
2801 100.00 0.00001584
3001 100.00 0.00001459
3201 100.00 0.00001352
3401 100.00 0.00001259
3601 100.00 0.00001176
3801 100.00 0.00001103
4001 100.00 0.00001039
4201 100.00 0.00000981
4401 100.00 0.00000928
4601 100.00 0.00000881
4801 100.00 0.00000838
5001 100.00 0.00000799
5201 100.00 0.00000763
5401 100.00 0.00000730
5601 100.00 0.00000699
5801 100.00 0.00000672
6000 100.00 0.00000645
