1 12.00 2.30000973
2 14.00 2.29635233
3 27.00 2.29275888
4 37.00 2.28917271
5 41.00 2.28551680
6 49.00 2.28176701
7 56.00 2.27790302
8 64.00 2.27389497
9 66.00 2.26968044
10 72.00 2.26524407
11 76.00 2.26053298
12 79.00 2.25550985
13 80.00 2.25008774
14 83.00 2.24421710
15 83.00 2.23781019
16 83.00 2.23077434
17 83.00 2.22303039
18 84.00 2.21447712
19 84.00 2.20499337
20 83.00 2.19442397
21 82.00 2.18253827
22 82.00 2.16910899
23 82.00 2.15393388
24 82.00 2.13646334
25 80.00 2.11662883
26 78.00 2.09371632
27 78.00 2.06767201
28 79.00 2.03741720
29 76.00 2.00251582
30 77.00 1.96230572
31 77.00 1.91645369
32 75.00 1.86285409
33 78.00 1.80304080
34 79.00 1.73447824
35 76.00 1.66123241
36 76.00 1.57533112
37 81.00 1.48464659
38 82.00 1.38737878
39 84.00 1.29161406
40 86.00 1.18631122
41 88.00 1.08765073
42 90.00 0.98576964
43 89.00 0.89587806
44 90.00 0.80820583
45 86.00 0.75383174
46 95.00 0.66333337
47 94.00 0.61404109
48 95.00 0.54196757
49 98.00 0.48798168
50 91.00 0.47353927
51 97.00 0.39976320
52 96.00 0.36680226
53 98.00 0.34256546
54 95.00 0.31551728
55 98.00 0.27512651
56 98.00 0.24735770
57 98.00 0.23366585
58 99.00 0.21461928
59 98.00 0.19582129
60 98.00 0.20612007
61 99.00 0.16595501
62 99.00 0.15911131
63 99.00 0.14688358
64 98.00 0.13670878
65 98.00 0.13335851
66 100.00 0.11119256
67 100.00 0.10468923
68 100.00 0.10232763
69 99.00 0.09830697
70 100.00 0.08988549
71 100.00 0.08053118
72 100.00 0.07968897
73 100.00 0.06999456
74 100.00 0.06697964
75 100.00 0.06193458
76 100.00 0.05883451
77 100.00 0.05550844
78 100.00 0.05332838
79 100.00 0.04974608
80 100.00 0.04944664
81 100.00 0.04512186
82 100.00 0.04395484
83 100.00 0.04240069
84 100.00 0.04056418
85 100.00 0.03802033
86 100.00 0.03695862
87 100.00 0.03474635
88 100.00 0.03296630
89 100.00 0.03174846
90 100.00 0.03068957
91 100.00 0.02924943
92 100.00 0.02799146
93 100.00 0.02773556
94 100.00 0.02625803
95 100.00 0.02537868
96 100.00 0.02432983
97 100.00 0.02357717
98 100.00 0.02270744
99 100.00 0.02238452
100 100.00 0.02131363
101 100.00 0.02067958
102 100.00 0.02007324
103 100.00 0.01951746
104 100.00 0.01898774
105 100.00 0.01845474
106 100.00 0.01794932
107 100.00 0.01744174
108 100.00 0.01708864
109 100.00 0.01654341
110 100.00 0.01619134
111 100.00 0.01571186
112 100.00 0.01538268
113 100.00 0.01496976
114 100.00 0.01464258
115 100.00 0.01428081
116 100.00 0.01393617
117 100.00 0.01363405
118 100.00 0.01332243
119 100.00 0.01303834
120 100.00 0.01276051
121 100.00 0.01249124
122 100.00 0.01223578
123 100.00 0.01199078
124 100.00 0.01174216
125 100.00 0.01151246
126 100.00 0.01129217
127 100.00 0.01107273
128 100.00 0.01086395
129 100.00 0.01066275
130 100.00 0.01047156
131 100.00 0.01028303
132 100.00 0.01009316
133 100.00 0.00992398
134 100.00 0.00974329
135 100.00 0.00957112
136 100.00 0.00941068
137 100.00 0.00925234
138 100.00 0.00910246
139 100.00 0.00895182
140 100.00 0.00880709
141 100.00 0.00866555
142 100.00 0.00852862
143 100.00 0.00839872
144 100.00 0.00826569
145 100.00 0.00814199
146 100.00 0.00801810
147 100.00 0.00789842
148 100.00 0.00778349
149 100.00 0.00766960
150 100.00 0.00755960
151 100.00 0.00745190
152 100.00 0.00734611
153 100.00 0.00724216
154 100.00 0.00714341
155 100.00 0.00704645
156 100.00 0.00695068
157 100.00 0.00685766
158 100.00 0.00676785
159 100.00 0.00667912
160 100.00 0.00659233
161 100.00 0.00650855
162 100.00 0.00642737
163 100.00 0.00634607
164 100.00 0.00627074
165 100.00 0.00618933
166 100.00 0.00611151
167 100.00 0.00603697
168 100.00 0.00596337
169 100.00 0.00589408
170 100.00 0.00582396
171 100.00 0.00575469
172 100.00 0.00568858
173 100.00 0.00562362
174 100.00 0.00555924
175 100.00 0.00549632
176 100.00 0.00543485
177 100.00 0.00537394
178 100.00 0.00531488
179 100.00 0.00525720
180 100.00 0.00520075
181 100.00 0.00514564
182 100.00 0.00509038
183 100.00 0.00503629
184 100.00 0.00498392
185 100.00 0.00493305
186 100.00 0.00488106
187 100.00 0.00483167
188 100.00 0.00478324
189 100.00 0.00473459
190 100.00 0.00468772
191 100.00 0.00464246
192 100.00 0.00459512
193 100.00 0.00455027
194 100.00 0.00450662
195 100.00 0.00446384
196 100.00 0.00442047
197 100.00 0.00437866
198 100.00 0.00433757
199 100.00 0.00429721
200 100.00 0.00425784
201 100.00 0.00421820
251 100.00 0.00284811
301 100.00 0.00211150
351 100.00 0.00165859
401 100.00 0.00135516
451 100.00 0.00113920
501 100.00 0.00097851
551 100.00 0.00085466
601 100.00 0.00075661
651 100.00 0.00067727
701 100.00 0.00061189
751 100.00 0.00055716
801 100.00 0.00051078
851 100.00 0.00047097
901 100.00 0.00043651
951 100.00 0.00040640
1001 100.00 0.00037987
1051 100.00 0.00035635
1101 100.00 0.00033537
1151 100.00 0.00031654
1201 100.00 0.00029959
1251 100.00 0.00028422
1301 100.00 0.00027023
1351 100.00 0.00025748
1401 100.00 0.00024577
1451 100.00 0.00023503
1501 100.00 0.00022510
1551 100.00 0.00021592
1601 100.00 0.00020741
1651 100.00 0.00019950
1701 100.00 0.00019213
1751 100.00 0.00018523
1801 100.00 0.00017879
1851 100.00 0.00017275
1901 100.00 0.00016708
1951 100.00 0.00016175
2001 100.00 0.00015670
2051 100.00 0.00015194
2101 100.00 0.00014745
2151 100.00 0.00014320
2201 100.00 0.00013917
2251 100.00 0.00013534
2301 100.00 0.00013171
2351 100.00 0.00012824
2401 100.00 0.00012495
2451 100.00 0.00012180
2501 100.00 0.00011880
2551 100.00 0.00011595
2601 100.00 0.00011321
2651 100.00 0.00011057
2701 100.00 0.00010807
2751 100.00 0.00010565
2801 100.00 0.00010335
2851 100.00 0.00010112
2901 100.00 0.00009898
2951 100.00 0.00009694
3001 100.00 0.00009497
3051 100.00 0.00009308
3101 100.00 0.00009124
3151 100.00 0.00008947
3201 100.00 0.00008777
3251 100.00 0.00008613
3301 100.00 0.00008453
3351 100.00 0.00008300
3401 100.00 0.00008151
3451 100.00 0.00008008
3501 100.00 0.00007870
3551 100.00 0.00007736
3601 100.00 0.00007606
3651 100.00 0.00007480
3701 100.00 0.00007357
3751 100.00 0.00007238
3801 100.00 0.00007122
3851 100.00 0.00007010
3901 100.00 0.00006901
3951 100.00 0.00006795
4001 100.00 0.00006693
4051 100.00 0.00006593
4101 100.00 0.00006496
4151 100.00 0.00006401
4201 100.00 0.00006310
4251 100.00 0.00006220
4301 100.00 0.00006133
4351 100.00 0.00006048
4401 100.00 0.00005966
4451 100.00 0.00005885
4501 100.00 0.00005806
4551 100.00 0.00005729
4601 100.00 0.00005655
4651 100.00 0.00005581
4701 100.00 0.00005511
4751 100.00 0.00005440
4801 100.00 0.00005372
4851 100.00 0.00005306
4901 100.00 0.00005240
4951 100.00 0.00005178
5001 100.00 0.00005116
5051 100.00 0.00005055
5101 100.00 0.00004995
5151 100.00 0.00004937
5201 100.00 0.00004880
5251 100.00 0.00004825
5301 100.00 0.00004770
5351 100.00 0.00004716
5401 100.00 0.00004665
5451 100.00 0.00004614
5501 100.00 0.00004564
5551 100.00 0.00004515
5601 100.00 0.00004466
5651 100.00 0.00004419
5701 100.00 0.00004372
5751 100.00 0.00004327
5801 100.00 0.00004283
5851 100.00 0.00004239
5901 100.00 0.00004196
5951 100.00 0.00004155
6001 100.00 0.00004113
6051 100.00 0.00004072
6101 100.00 0.00004034
6151 100.00 0.00003994
6201 100.00 0.00003956
6251 100.00 0.00003918
6301 100.00 0.00003881
6351 100.00 0.00003844
6401 100.00 0.00003809
6451 100.00 0.00003774
6501 100.00 0.00003739
6551 100.00 0.00003705
6601 100.00 0.00003671
6651 100.00 0.00003639
6701 100.00 0.00003606
6751 100.00 0.00003575
6801 100.00 0.00003544
6851 100.00 0.00003513
6901 100.00 0.00003483
6951 100.00 0.00003452
7001 100.00 0.00003423
7051 100.00 0.00003394
7101 100.00 0.00003366
7151 100.00 0.00003339
7201 100.00 0.00003312
7251 100.00 0.00003283
7301 100.00 0.00003257
7351 100.00 0.00003231
7401 100.00 0.00003205
7451 100.00 0.00003181
7501 100.00 0.00003154
7551 100.00 0.00003130
7601 100.00 0.00003106
7651 100.00 0.00003082
7701 100.00 0.00003058
7751 100.00 0.00003034
7801 100.00 0.00003011
7851 100.00 0.00002988
7901 100.00 0.00002966
7951 100.00 0.00002944
8001 100.00 0.00002921
8051 100.00 0.00002900
8101 100.00 0.00002879
8151 100.00 0.00002858
8201 100.00 0.00002837
8251 100.00 0.00002817
8301 100.00 0.00002798
8351 100.00 0.00002777
8401 100.00 0.00002758
8451 100.00 0.00002739
8501 100.00 0.00002720
8551 100.00 0.00002701
8601 100.00 0.00002681
8651 100.00 0.00002664
8701 100.00 0.00002646
8751 100.00 0.00002627
8801 100.00 0.00002611
8851 100.00 0.00002594
8901 100.00 0.00002577
8951 100.00 0.00002559
9001 100.00 0.00002543
9051 100.00 0.00002525
9101 100.00 0.00002509
9151 100.00 0.00002494
9201 100.00 0.00002479
9251 100.00 0.00002462
9301 100.00 0.00002446
9351 100.00 0.00002431
9401 100.00 0.00002415
9451 100.00 0.00002401
9501 100.00 0.00002385
9551 100.00 0.00002371
9601 100.00 0.00002357
9651 100.00 0.00002342
9701 100.00 0.00002328
9751 100.00 0.00002314
9801 100.00 0.00002299
9851 100.00 0.00002285
9901 100.00 0.00002272
9951 100.00 0.00002259
10001 100.00 0.00002246
10051 100.00 0.00002232
10101 100.00 0.00002219
10151 100.00 0.00002206
10201 100.00 0.00002194
10251 100.00 0.00002181
10301 100.00 0.00002169
10351 100.00 0.00002157
10401 100.00 0.00002144
10451 100.00 0.00002132
10501 100.00 0.00002121
10551 100.00 0.00002108
10601 100.00 0.00002097
10651 100.00 0.00002085
10701 100.00 0.00002073
10751 100.00 0.00002063
10801 100.00 0.00002052
10851 100.00 0.00002041
10901 100.00 0.00002030
10951 100.00 0.00002019
11001 100.00 0.00002008
11051 100.00 0.00001997
11101 100.00 0.00001987
11151 100.00 0.00001976
11201 100.00 0.00001965
11251 100.00 0.00001955
11301 100.00 0.00001946
11351 100.00 0.00001935
11401 100.00 0.00001925
11451 100.00 0.00001915
11501 100.00 0.00001905
11551 100.00 0.00001896
11601 100.00 0.00001886
11651 100.00 0.00001877
11701 100.00 0.00001867
11751 100.00 0.00001858
11801 100.00 0.00001849
11851 100.00 0.00001839
11901 100.00 0.00001830
11951 100.00 0.00001822
12001 100.00 0.00001814
12051 100.00 0.00001804
12101 100.00 0.00001796
12151 100.00 0.00001787
12201 100.00 0.00001779
12251 100.00 0.00001769
12301 100.00 0.00001762
12351 100.00 0.00001753
12401 100.00 0.00001745
12451 100.00 0.00001736
12501 100.00 0.00001729
12551 100.00 0.00001721
12601 100.00 0.00001713
12651 100.00 0.00001705
12701 100.00 0.00001697
12751 100.00 0.00001689
12801 100.00 0.00001682
12851 100.00 0.00001674
12901 100.00 0.00001666
12951 100.00 0.00001660
13001 100.00 0.00001651
13051 100.00 0.00001644
13101 100.00 0.00001636
13151 100.00 0.00001629
13201 100.00 0.00001622
13251 100.00 0.00001615
13301 100.00 0.00001609
13351 100.00 0.00001601
13401 100.00 0.00001594
13451 100.00 0.00001587
13501 100.00 0.00001580
13551 100.00 0.00001573
13601 100.00 0.00001567
13651 100.00 0.00001559
13701 100.00 0.00001553
13751 100.00 0.00001546
13801 100.00 0.00001540
13851 100.00 0.00001533
13901 100.00 0.00001526
13951 100.00 0.00001521
14001 100.00 0.00001514
14051 100.00 0.00001507
14101 100.00 0.00001502
14151 100.00 0.00001495
14201 100.00 0.00001489
14251 100.00 0.00001484
14301 100.00 0.00001478
14351 100.00 0.00001472
14401 100.00 0.00001465
14451 100.00 0.00001459
14501 100.00 0.00001453
14551 100.00 0.00001446
14601 100.00 0.00001441
14651 100.00 0.00001435
14701 100.00 0.00001430
14751 100.00 0.00001424
14801 100.00 0.00001418
14851 100.00 0.00001413
14901 100.00 0.00001408
14951 100.00 0.00001402
15001 100.00 0.00001397
15051 100.00 0.00001392
15101 100.00 0.00001386
15151 100.00 0.00001381
15201 100.00 0.00001376
15251 100.00 0.00001371
15301 100.00 0.00001365
15351 100.00 0.00001360
15401 100.00 0.00001354
15451 100.00 0.00001350
15501 100.00 0.00001345
15551 100.00 0.00001340
15601 100.00 0.00001335
15651 100.00 0.00001329
15701 100.00 0.00001325
15751 100.00 0.00001319
15801 100.00 0.00001315
15851 100.00 0.00001311
15901 100.00 0.00001305
15951 100.00 0.00001300
16001 100.00 0.00001297
16051 100.00 0.00001291
16101 100.00 0.00001287
16151 100.00 0.00001282
16201 100.00 0.00001278
16251 100.00 0.00001272
16301 100.00 0.00001268
16351 100.00 0.00001264
16401 100.00 0.00001259
16451 100.00 0.00001255
16501 100.00 0.00001250
16551 100.00 0.00001246
16601 100.00 0.00001242
16651 100.00 0.00001238
16701 100.00 0.00001234
16751 100.00 0.00001229
16801 100.00 0.00001224
16851 100.00 0.00001221
16901 100.00 0.00001216
16951 100.00 0.00001212
17001 100.00 0.00001208
17051 100.00 0.00001203
17101 100.00 0.00001199
17151 100.00 0.00001195
17201 100.00 0.00001191
17251 100.00 0.00001187
17301 100.00 0.00001184
17351 100.00 0.00001179
17401 100.00 0.00001176
17451 100.00 0.00001172
17501 100.00 0.00001167
17551 100.00 0.00001164
17601 100.00 0.00001160
17651 100.00 0.00001156
17701 100.00 0.00001152
17751 100.00 0.00001148
17801 100.00 0.00001144
17851 100.00 0.00001140
17901 100.00 0.00001137
17951 100.00 0.00001133
18001 100.00 0.00001130
18051 100.00 0.00001126
18101 100.00 0.00001122
18151 100.00 0.00001119
18201 100.00 0.00001115
18251 100.00 0.00001111
18301 100.00 0.00001109
18351 100.00 0.00001104
18401 100.00 0.00001101
18451 100.00 0.00001098
18501 100.00 0.00001094
18551 100.00 0.00001091
18601 100.00 0.00001087
18651 100.00 0.00001084
18701 100.00 0.00001081
18751 100.00 0.00001078
18801 100.00 0.00001074
18851 100.00 0.00001071
18901 100.00 0.00001068
18951 100.00 0.00001064
19001 100.00 0.00001060
19051 100.00 0.00001057
19101 100.00 0.00001055
19151 100.00 0.00001051
19201 100.00 0.00001048
19251 100.00 0.00001045
19301 100.00 0.00001042
19351 100.00 0.00001038
19401 100.00 0.00001036
19451 100.00 0.00001033
19501 100.00 0.00001029
19551 100.00 0.00001027
19601 100.00 0.00001023
19651 100.00 0.00001021
19701 100.00 0.00001018
19751 100.00 0.00001014
19801 100.00 0.00001011
19851 100.00 0.00001009
19901 100.00 0.00001006
19951 100.00 0.00001003
20001 100.00 0.00001000
20051 100.00 0.00000997
20101 100.00 0.00000994
20151 100.00 0.00000991
20201 100.00 0.00000989
20251 100.00 0.00000986
20301 100.00 0.00000983
20351 100.00 0.00000980
20401 100.00 0.00000977
20451 100.00 0.00000975
20501 100.00 0.00000972
20551 100.00 0.00000969
20601 100.00 0.00000966
20651 100.00 0.00000963
20701 100.00 0.00000960
20751 100.00 0.00000958
20801 100.00 0.00000955
20851 100.00 0.00000952
20901 100.00 0.00000949
20951 100.00 0.00000947
21001 100.00 0.00000944
21051 100.00 0.00000941
21101 100.00 0.00000939
21151 100.00 0.00000937
21201 100.00 0.00000935
21251 100.00 0.00000932
21301 100.00 0.00000929
21351 100.00 0.00000926
21401 100.00 0.00000924
21451 100.00 0.00000922
21501 100.00 0.00000919
21551 100.00 0.00000916
21601 100.00 0.00000914
21651 100.00 0.00000912
21701 100.00 0.00000909
21751 100.00 0.00000907
21801 100.00 0.00000905
21851 100.00 0.00000902
21901 100.00 0.00000900
21951 100.00 0.00000897
22001 100.00 0.00000895
22051 100.00 0.00000893
22101 100.00 0.00000891
22151 100.00 0.00000887
22201 100.00 0.00000886
22251 100.00 0.00000884
22301 100.00 0.00000882
22351 100.00 0.00000879
22401 100.00 0.00000877
22451 100.00 0.00000874
22501 100.00 0.00000872
22551 100.00 0.00000871
22601 100.00 0.00000868
22651 100.00 0.00000866
22701 100.00 0.00000864
22751 100.00 0.00000861
22801 100.00 0.00000859
22851 100.00 0.00000857
22901 100.00 0.00000855
22951 100.00 0.00000852
23001 100.00 0.00000850
23051 100.00 0.00000848
23101 100.00 0.00000846
23151 100.00 0.00000844
23201 100.00 0.00000842
23251 100.00 0.00000839
23301 100.00 0.00000837
23351 100.00 0.00000835
23401 100.00 0.00000833
23451 100.00 0.00000832
23501 100.00 0.00000829
23551 100.00 0.00000828
23601 100.00 0.00000826
23651 100.00 0.00000823
23701 100.00 0.00000821
23751 100.00 0.00000820
23801 100.00 0.00000818
23851 100.00 0.00000815
23901 100.00 0.00000814
23951 100.00 0.00000812
24001 100.00 0.00000810
24051 100.00 0.00000808
24101 100.00 0.00000806
24151 100.00 0.00000804
24201 100.00 0.00000802
24251 100.00 0.00000801
24301 100.00 0.00000798
24351 100.00 0.00000797
24401 100.00 0.00000795
24451 100.00 0.00000793
24501 100.00 0.00000792
24551 100.00 0.00000789
24601 100.00 0.00000787
24651 100.00 0.00000785
24701 100.00 0.00000784
24751 100.00 0.00000782
24801 100.00 0.00000780
24851 100.00 0.00000778
24901 100.00 0.00000776
24951 100.00 0.00000774
25001 100.00 0.00000772
25051 100.00 0.00000771
25101 100.00 0.00000769
25151 100.00 0.00000768
25201 100.00 0.00000766
25251 100.00 0.00000763
25301 100.00 0.00000762
25351 100.00 0.00000760
25401 100.00 0.00000757
25451 100.00 0.00000756
25501 100.00 0.00000755
25551 100.00 0.00000753
25601 100.00 0.00000752
25651 100.00 0.00000750
25701 100.00 0.00000748
25751 100.00 0.00000746
25801 100.00 0.00000745
25851 100.00 0.00000743
25901 100.00 0.00000741
25951 100.00 0.00000740
26001 100.00 0.00000738
26051 100.00 0.00000736
26101 100.00 0.00000735
26151 100.00 0.00000733
26201 100.00 0.00000732
26251 100.00 0.00000730
26301 100.00 0.00000728
26351 100.00 0.00000727
26401 100.00 0.00000725
26451 100.00 0.00000723
26501 100.00 0.00000722
26551 100.00 0.00000720
26601 100.00 0.00000719
26651 100.00 0.00000717
26701 100.00 0.00000716
26751 100.00 0.00000715
26801 100.00 0.00000713
26851 100.00 0.00000711
26901 100.00 0.00000710
26951 100.00 0.00000708
27001 100.00 0.00000707
27051 100.00 0.00000705
27101 100.00 0.00000704
27151 100.00 0.00000702
27201 100.00 0.00000701
27251 100.00 0.00000700
27301 100.00 0.00000699
27351 100.00 0.00000697
27401 100.00 0.00000695
27451 100.00 0.00000694
27501 100.00 0.00000693
27551 100.00 0.00000691
27601 100.00 0.00000690
27651 100.00 0.00000688
27701 100.00 0.00000687
27751 100.00 0.00000685
27801 100.00 0.00000683
27851 100.00 0.00000682
27901 100.00 0.00000680
27951 100.00 0.00000679
28001 100.00 0.00000677
28051 100.00 0.00000676
28101 100.00 0.00000675
28151 100.00 0.00000674
28201 100.00 0.00000673
28251 100.00 0.00000672
28301 100.00 0.00000669
28351 100.00 0.00000667
28401 100.00 0.00000666
28451 100.00 0.00000665
28501 100.00 0.00000664
28551 100.00 0.00000663
28601 100.00 0.00000661
28651 100.00 0.00000660
28701 100.00 0.00000659
28751 100.00 0.00000657
28801 100.00 0.00000656
28851 100.00 0.00000655
28901 100.00 0.00000653
28951 100.00 0.00000652
29001 100.00 0.00000651
29051 100.00 0.00000649
29101 100.00 0.00000648
29151 100.00 0.00000647
29201 100.00 0.00000646
29251 100.00 0.00000644
29301 100.00 0.00000643
29351 100.00 0.00000643
29401 100.00 0.00000641
29451 100.00 0.00000640
29501 100.00 0.00000639
29551 100.00 0.00000638
29601 100.00 0.00000637
29651 100.00 0.00000636
29701 100.00 0.00000634
29751 100.00 0.00000633
29801 100.00 0.00000631
29851 100.00 0.00000630
29901 100.00 0.00000629
29951 100.00 0.00000627
30001 100.00 0.00000626
30051 100.00 0.00000625
30101 100.00 0.00000624
30151 100.00 0.00000623
30201 100.00 0.00000622
30251 100.00 0.00000621
30301 100.00 0.00000619
30351 100.00 0.00000618
30401 100.00 0.00000617
30451 100.00 0.00000616
30501 100.00 0.00000615
30551 100.00 0.00000614
30601 100.00 0.00000613
30651 100.00 0.00000612
30701 100.00 0.00000610
30751 100.00 0.00000609
30801 100.00 0.00000608
30851 100.00 0.00000606
30901 100.00 0.00000606
30951 100.00 0.00000605
31001 100.00 0.00000604
31051 100.00 0.00000602
31101 100.00 0.00000600
31151 100.00 0.00000599
31201 100.00 0.00000598
31251 100.00 0.00000597
31301 100.00 0.00000596
31351 100.00 0.00000595
31401 100.00 0.00000595
31451 100.00 0.00000594
31501 100.00 0.00000592
31551 100.00 0.00000591
31601 100.00 0.00000590
31651 100.00 0.00000589
31701 100.00 0.00000588
31751 100.00 0.00000587
31801 100.00 0.00000585
31851 100.00 0.00000584
31901 100.00 0.00000583
31951 100.00 0.00000582
32001 100.00 0.00000580
32051 100.00 0.00000580
32101 100.00 0.00000579
32151 100.00 0.00000578
32201 100.00 0.00000577
32251 100.00 0.00000577
32301 100.00 0.00000575
32351 100.00 0.00000574
32401 100.00 0.00000573
32451 100.00 0.00000572
32501 100.00 0.00000571
32551 100.00 0.00000570
32601 100.00 0.00000570
32651 100.00 0.00000568
32701 100.00 0.00000567
32751 100.00 0.00000566
32801 100.00 0.00000565
32851 100.00 0.00000564
32901 100.00 0.00000564
32951 100.00 0.00000562
33001 100.00 0.00000562
33051 100.00 0.00000560
33101 100.00 0.00000559
33151 100.00 0.00000558
33201 100.00 0.00000558
33251 100.00 0.00000557
33301 100.00 0.00000556
33351 100.00 0.00000555
33401 100.00 0.00000554
33451 100.00 0.00000552
33501 100.00 0.00000551
33551 100.00 0.00000550
33601 100.00 0.00000549
33651 100.00 0.00000549
33701 100.00 0.00000548
33751 100.00 0.00000547
33801 100.00 0.00000545
33851 100.00 0.00000544
33901 100.00 0.00000544
33951 100.00 0.00000543
34001 100.00 0.00000543
34051 100.00 0.00000542
34101 100.00 0.00000541
34151 100.00 0.00000539
34201 100.00 0.00000538
34251 100.00 0.00000538
34301 100.00 0.00000537
34351 100.00 0.00000537
34401 100.00 0.00000535
34451 100.00 0.00000535
34501 100.00 0.00000534
34551 100.00 0.00000533
34601 100.00 0.00000532
34651 100.00 0.00000531
34701 100.00 0.00000530
34751 100.00 0.00000529
34801 100.00 0.00000528
34851 100.00 0.00000527
34901 100.00 0.00000527
34951 100.00 0.00000525
35001 100.00 0.00000525
35051 100.00 0.00000524
35101 100.00 0.00000523
35151 100.00 0.00000522
35201 100.00 0.00000522
35251 100.00 0.00000521
35301 100.00 0.00000520
35351 100.00 0.00000520
35401 100.00 0.00000519
35451 100.00 0.00000518
35501 100.00 0.00000517
35551 100.00 0.00000515
35601 100.00 0.00000514
35651 100.00 0.00000514
35701 100.00 0.00000513
35751 100.00 0.00000512
35801 100.00 0.00000512
35851 100.00 0.00000511
35901 100.00 0.00000510
35951 100.00 0.00000509
36000 100.00 0.00000508
