1 30.72 1.79156780
2 42.50 1.34089949
3 56.39 1.09745741
4 63.14 0.94751243
7 67.91 0.92696129
10 78.49 0.57193491
13 74.33 0.97587367
16 84.27 0.43455292
19 79.90 0.58180002
22 83.28 0.46593540
25 85.30 0.42294438
28 82.31 0.51130891
31 82.06 0.56018459
34 86.98 0.34909904
37 83.55 0.47650510
40 82.14 0.51684579
43 84.18 0.41114691
46 75.28 1.00500017
49 84.55 0.45922253
52 85.24 0.45399028
55 84.26 0.63162227
58 84.34 0.45316999
61 87.69 0.35210441
64 87.57 0.36246839
67 91.77 0.22017915
70 87.03 0.36388867
73 86.92 0.37440033
76 84.99 0.48418389
79 86.07 0.39889497
82 90.72 0.25607976
85 89.70 0.32252790
88 79.95 1.16014135
91 87.50 0.39456317
94 87.76 0.47595438
97 91.44 0.23879909
100 89.79 0.30171579
103 88.80 0.43705774
106 95.17 0.12828245
109 91.02 0.38995183
112 89.53 0.40326298
115 91.31 0.33873769
118 89.53 0.30198490
121 88.44 0.40486373
124 86.25 0.54230718
127 88.58 0.37050231
130 89.10 0.43089934
133 90.11 0.41884227
136 89.96 0.47711859
139 89.65 0.51758772
142 88.77 0.45043696
145 92.31 0.22993107
148 90.91 0.44460357
151 92.71 0.21821278
154 91.71 0.37586297
157 96.26 0.09964861
160 91.39 0.36788735
163 92.20 0.24469322
166 96.56 0.11696751
169 89.02 0.49289303
172 89.88 0.58604742
175 95.03 0.20766267
178 92.72 0.37874267
181 80.96 0.48097786
184 88.19 0.34138755
187 91.66 0.26305012
190 93.82 0.21709488
193 94.53 0.18411690
196 96.42 0.10522877
199 82.65 1.24243320
202 96.46 0.10781545
205 97.36 0.08574498
208 97.72 0.06973218
211 90.18 0.45490945
214 96.37 0.10851238
217 96.79 0.10604667
220 96.75 0.08551515
223 88.87 0.53365905
226 96.18 0.14825441
229 97.44 0.07774678
232 93.05 0.24442881
235 91.37 0.29077196
238 96.65 0.19152340
241 97.18 0.09386911
244 93.81 0.25802158
247 94.05 0.35854285
250 96.69 0.26014687
253 95.59 0.23371640
256 97.09 0.09618123
259 96.52 0.13037932
262 94.68 0.27862144
265 94.19 0.17452884
268 95.72 0.16637088
271 97.84 0.10065382
274 95.99 0.15704125
277 95.93 0.17838306
280 94.72 0.21292484
283 93.66 0.43510296
286 92.47 0.27532884
289 98.68 0.04069290
292 96.55 0.18258594
295 96.58 0.17616560
298 95.86 0.20258166
300 95.69 0.24511507
