1 10.00 2.30152667
81 24.00 2.88247466
161 92.00 0.22762052
241 100.00 0.00508539
321 100.00 0.00179596
401 100.00 0.00100848
481 100.00 0.00067688
561 100.00 0.00050059
641 100.00 0.00039235
721 100.00 0.00031995
801 100.00 0.00026833
881 100.00 0.00023011
961 100.00 0.00020079
1041 100.00 0.00017761
1121 100.00 0.00015890
1201 100.00 0.00014346
1281 100.00 0.00013059
1361 100.00 0.00011963
1441 100.00 0.00011025
1521 100.00 0.00010214
1601 100.00 0.00009506
1681 100.00 0.00008883
1761 100.00 0.00008332
1841 100.00 0.00007840
1921 100.00 0.00007400
2001 100.00 0.00007003
2081 100.00 0.00006644
2161 100.00 0.00006318
2241 100.00 0.00006020
2321 100.00 0.00005747
2401 100.00 0.00005498
2481 100.00 0.00005267
2561 100.00 0.00005053
2641 100.00 0.00004854
2721 100.00 0.00004671
2801 100.00 0.00004497
2881 100.00 0.00004338
2961 100.00 0.00004187
3041 100.00 0.00004046
3121 100.00 0.00003913
3201 100.00 0.00003789
3281 100.00 0.00003670
3361 100.00 0.00003559
3441 100.00 0.00003454
3521 100.00 0.00003354
3601 100.00 0.00003260
3681 100.00 0.00003171
3761 100.00 0.00003086
3841 100.00 0.00003004
3921 100.00 0.00002928
4001 100.00 0.00002854
4081 100.00 0.00002784
4161 100.00 0.00002717
4241 100.00 0.00002653
4321 100.00 0.00002591
4401 100.00 0.00002532
4481 100.00 0.00002476
4561 100.00 0.00002422
4641 100.00 0.00002370
4721 100.00 0.00002320
4800 100.00 0.00002273
