1 47.80 2.22431263
2 36.77 1.95181234
3 28.42 2.48870442
4 37.48 1.80444128
5 39.27 1.76194010
6 60.77 1.29226786
7 45.83 1.62269351
8 58.62 1.26007809
9 67.97 1.01522517
10 71.97 0.77013731
101 100.00 0.00139067
201 100.00 0.00048953
301 100.00 0.00028248
401 100.00 0.00019423
501 100.00 0.00014623
601 100.00 0.00011633
701 100.00 0.00009606
801 100.00 0.00008151
901 100.00 0.00007058
1001 100.00 0.00006209
1101 100.00 0.00005532
1201 100.00 0.00004981
1301 100.00 0.00004524
1401 100.00 0.00004139
1501 100.00 0.00003812
1601 100.00 0.00003529
1701 100.00 0.00003284
1800 100.00 0.00003070
