1 9.70 2.30259762
2 9.90 2.30233034
3 9.90 2.30206655
4 9.90 2.30180739
5 10.30 2.30155064
6 10.80 2.30129867
7 11.50 2.30104800
8 12.40 2.30079731
9 13.30 2.30054256
10 14.50 2.30028260
11 17.50 2.30001929
12 19.40 2.29974915
13 22.10 2.29947050
14 23.70 2.29918387
15 24.70 2.29888753
16 27.30 2.29858158
17 28.60 2.29826540
18 30.30 2.29793866
19 31.20 2.29759824
20 33.50 2.29724094
21 35.20 2.29686582
22 36.80 2.29647070
23 38.70 2.29605211
24 40.90 2.29560750
25 42.60 2.29513339
26 44.00 2.29462764
27 47.20 2.29408587
28 50.10 2.29350057
29 51.80 2.29286858
30 54.40 2.29218449
31 57.00 2.29144124
32 58.80 2.29063769
33 60.50 2.28976524
34 61.50 2.28881519
35 61.50 2.28777424
36 61.90 2.28663542
37 62.60 2.28538300
38 63.00 2.28399841
39 63.30 2.28245922
40 62.30 2.28073830
41 62.80 2.27879865
61 34.60 1.83015683
81 81.60 0.56678823
101 91.10 0.28274215
121 99.30 0.06238654
141 100.00 0.01519149
161 100.00 0.00799877
181 100.00 0.00438950
201 100.00 0.00306094
221 100.00 0.00228780
241 100.00 0.00180778
261 100.00 0.00148016
281 100.00 0.00124236
301 100.00 0.00106547
321 100.00 0.00092751
341 100.00 0.00081836
361 100.00 0.00073058
381 100.00 0.00065837
401 100.00 0.00059701
421 100.00 0.00054547
441 100.00 0.00050141
461 100.00 0.00046342
481 100.00 0.00043062
501 100.00 0.00040094
521 100.00 0.00037508
541 100.00 0.00035213
561 100.00 0.00033164
581 100.00 0.00031300
600 100.00 0.00029704
