1 20.25 2.28614971
201 100.00 0.00157007
401 100.00 0.00061586
601 100.00 0.00036688
801 100.00 0.00025625
1001 100.00 0.00019472
1201 100.00 0.00015592
1401 100.00 0.00012940
1601 100.00 0.00011017
1801 100.00 0.00009568
2001 100.00 0.00008436
2201 100.00 0.00007531
2401 100.00 0.00006791
2601 100.00 0.00006176
2801 100.00 0.00005658
3001 100.00 0.00005215
3201 100.00 0.00004834
3401 100.00 0.00004502
3601 100.00 0.00004209
3801 100.00 0.00003950
4001 100.00 0.00003718
4201 100.00 0.00003512
4401 100.00 0.00003326
4601 100.00 0.00003157
4801 100.00 0.00003004
5001 100.00 0.00002864
5201 100.00 0.00002736
5401 100.00 0.00002618
5601 100.00 0.00002509
5801 100.00 0.00002409
6000 100.00 0.00002316
