1 13.10 2.29771623
2 14.40 2.29261687
3 16.90 2.28707436
4 21.00 2.28106004
5 26.30 2.27467498
6 34.40 2.26717323
7 39.80 2.25820398
8 45.00 2.24791753
9 48.90 2.23552400
10 51.00 2.22027108
11 52.40 2.20128059
12 55.90 2.17684940
13 57.30 2.14571863
14 61.90 2.10657680
15 64.30 2.05527905
16 66.40 1.99032302
17 68.60 1.90637420
18 71.00 1.80280973
19 71.90 1.67485155
20 70.70 1.53417379
21 73.40 1.38461387
22 71.60 1.25017965
23 76.20 1.12202774
24 75.90 1.03513857
25 74.90 0.94427721
26 78.10 0.86679320
27 78.70 0.80525097
28 78.70 0.75630452
29 82.00 0.70288489
30 81.40 0.67825122
31 83.00 0.62954012
32 85.20 0.59161599
33 86.10 0.56143217
34 85.90 0.55190923
35 85.90 0.53388601
36 84.50 0.52179701
37 86.50 0.48634296
38 85.40 0.49703486
39 88.00 0.44909381
40 86.10 0.45666787
41 89.40 0.42127653
42 86.90 0.42953048
43 90.10 0.38288638
44 89.70 0.39119504
45 90.80 0.37196406
46 90.60 0.36346029
47 89.30 0.39012157
48 90.90 0.33444996
49 91.30 0.33393057
50 91.90 0.32886894
61 93.90 0.24181927
81 96.90 0.14200544
101 98.50 0.09132607
121 99.70 0.05063423
141 99.80 0.03110277
161 99.90 0.02118047
181 100.00 0.01462622
201 100.00 0.01063907
221 100.00 0.00834652
241 100.00 0.00677308
261 100.00 0.00554536
281 100.00 0.00475248
301 100.00 0.00412425
321 100.00 0.00357900
341 100.00 0.00316263
361 100.00 0.00282190
381 100.00 0.00254410
401 100.00 0.00231287
421 100.00 0.00213087
441 100.00 0.00194063
461 100.00 0.00179568
481 100.00 0.00167445
501 100.00 0.00155390
521 100.00 0.00145125
541 100.00 0.00136429
561 100.00 0.00128829
581 100.00 0.00121440
601 100.00 0.00114506
621 100.00 0.00109012
641 100.00 0.00103469
661 100.00 0.00098128
681 100.00 0.00094161
701 100.00 0.00089716
721 100.00 0.00085957
741 100.00 0.00082479
761 100.00 0.00078913
781 100.00 0.00075874
801 100.00 0.00072904
821 100.00 0.00069975
841 100.00 0.00067230
861 100.00 0.00065096
881 100.00 0.00062756
901 100.00 0.00060947
921 100.00 0.00058874
941 100.00 0.00056985
961 100.00 0.00055454
981 100.00 0.00053441
1001 100.00 0.00052058
1021 100.00 0.00050444
1041 100.00 0.00049503
1061 100.00 0.00047958
1081 100.00 0.00046670
1101 100.00 0.00045073
1121 100.00 0.00044298
1141 100.00 0.00043077
1161 100.00 0.00041794
1181 100.00 0.00040980
1200 100.00 0.00039985
