1 10.00 2.30243661
2 10.00 2.30219220
3 10.00 2.30195400
4 10.00 2.30171794
5 10.00 2.30148286
6 10.00 2.30124726
7 10.20 2.30101174
8 10.40 2.30077664
9 11.60 2.30054020
10 15.20 2.30029864
11 19.00 2.30005046
12 21.70 2.29979588
13 24.20 2.29953277
14 27.50 2.29925948
15 29.10 2.29897743
16 30.30 2.29868375
17 31.80 2.29837670
18 33.80 2.29805593
19 34.90 2.29771837
20 35.20 2.29736217
21 35.90 2.29698300
22 36.50 2.29657966
23 37.30 2.29615180
24 39.10 2.29569976
25 41.00 2.29522190
26 42.20 2.29471639
27 44.30 2.29418055
28 46.80 2.29361086
29 48.90 2.29300231
30 49.70 2.29234746
31 50.50 2.29164224
32 51.40 2.29088134
33 53.00 2.29005733
34 53.90 2.28916115
35 54.90 2.28818367
36 57.00 2.28711340
37 58.20 2.28594238
38 58.80 2.28465608
39 59.00 2.28323802
40 59.30 2.28167000
41 58.80 2.27992403
61 40.30 1.95442688
81 81.10 0.60375693
101 92.10 0.27337986
121 99.20 0.07482091
141 100.00 0.02321231
161 100.00 0.00858680
181 100.00 0.00475402
201 100.00 0.00323677
221 100.00 0.00238299
241 100.00 0.00185235
261 100.00 0.00149897
281 100.00 0.00124855
301 100.00 0.00106319
321 100.00 0.00092201
341 100.00 0.00081017
361 100.00 0.00071996
381 100.00 0.00064647
401 100.00 0.00058553
421 100.00 0.00053346
441 100.00 0.00048937
461 100.00 0.00045137
481 100.00 0.00041832
501 100.00 0.00038938
521 100.00 0.00036388
541 100.00 0.00034120
561 100.00 0.00032073
581 100.00 0.00030251
600 100.00 0.00028682
