1 9.00 2.30036235
2 15.00 2.29649103
3 27.00 2.29264170
4 39.00 2.28875381
5 49.00 2.28479427
6 57.00 2.28073508
7 60.00 2.27655596
8 61.00 2.27217257
9 63.00 2.26755601
10 63.00 2.26265770
11 63.00 2.25745201
12 64.00 2.25184917
13 67.00 2.24581558
14 66.00 2.23925674
15 67.00 2.23209494
16 66.00 2.22429872
17 65.00 2.21569395
18 68.00 2.20616055
19 66.00 2.19545317
20 65.00 2.18350458
21 67.00 2.17012262
22 63.00 2.15502989
23 67.00 2.13787818
24 71.00 2.11862034
25 70.00 2.09653926
26 72.00 2.07116997
27 74.00 2.04237241
28 75.00 2.00928822
29 80.00 1.97135514
30 82.00 1.92782697
31 84.00 1.87832993
32 83.00 1.82199949
33 83.00 1.75891116
34 85.00 1.68911305
35 85.00 1.61111903
36 85.00 1.52995488
37 85.00 1.44182983
38 85.00 1.35506958
39 84.00 1.27279645
40 89.00 1.17959780
41 92.00 1.09108827
42 93.00 1.00231998
43 85.00 0.92834187
44 93.00 0.84484525
45 94.00 0.77051197
46 96.00 0.71238266
47 91.00 0.67730786
48 96.00 0.60196343
49 96.00 0.54660863
50 94.00 0.49220576
51 97.00 0.45134895
52 96.00 0.42223533
53 97.00 0.38268603
54 96.00 0.36676636
55 99.00 0.32874408
56 95.00 0.31989067
57 99.00 0.27740408
58 99.00 0.25121255
59 98.00 0.25315844
60 100.00 0.21583370
61 100.00 0.19424607
62 100.00 0.18766447
63 100.00 0.17097049
64 99.00 0.17239535
65 100.00 0.14927690
66 100.00 0.14161303
67 100.00 0.13415867
68 100.00 0.12036281
69 100.00 0.11246545
70 100.00 0.10879892
71 100.00 0.10056744
72 100.00 0.09195530
73 100.00 0.08721188
74 100.00 0.08283878
75 100.00 0.07699769
76 100.00 0.07633397
77 100.00 0.07020687
78 100.00 0.06881391
79 100.00 0.06225120
80 100.00 0.06012532
81 100.00 0.05645981
82 100.00 0.05473726
83 100.00 0.05121953
84 100.00 0.04897210
85 100.00 0.04746599
86 100.00 0.04515835
87 100.00 0.04319325
88 100.00 0.04166521
89 100.00 0.04028401
90 100.00 0.03842073
91 100.00 0.03682412
92 100.00 0.03564315
93 100.00 0.03541319
94 100.00 0.03298627
95 100.00 0.03187676
96 100.00 0.03082193
97 100.00 0.02994167
98 100.00 0.02923784
99 100.00 0.02793579
100 100.00 0.02726973
101 100.00 0.02688282
102 100.00 0.02541647
103 100.00 0.02482758
104 100.00 0.02392208
105 100.00 0.02331078
106 100.00 0.02270395
107 100.00 0.02210618
108 100.00 0.02140859
109 100.00 0.02083129
110 100.00 0.02030202
111 100.00 0.01979509
112 100.00 0.01932703
113 100.00 0.01884611
114 100.00 0.01838087
115 100.00 0.01794429
116 100.00 0.01751433
117 100.00 0.01711399
118 100.00 0.01673409
119 100.00 0.01633288
120 100.00 0.01602167
121 100.00 0.01565552
122 100.00 0.01529533
123 100.00 0.01497264
124 100.00 0.01465883
125 100.00 0.01435062
126 100.00 0.01406187
127 100.00 0.01378445
128 100.00 0.01350227
129 100.00 0.01323555
130 100.00 0.01299474
131 100.00 0.01277671
132 100.00 0.01250691
133 100.00 0.01227322
134 100.00 0.01204313
135 100.00 0.01183305
136 100.00 0.01161984
137 100.00 0.01144276
138 100.00 0.01121634
139 100.00 0.01102187
140 100.00 0.01084229
141 100.00 0.01066368
142 100.00 0.01048027
143 100.00 0.01031476
144 100.00 0.01014444
145 100.00 0.00998022
146 100.00 0.00982326
147 100.00 0.00967202
148 100.00 0.00952136
149 100.00 0.00937614
150 100.00 0.00923638
151 100.00 0.00909797
152 100.00 0.00896497
153 100.00 0.00883118
154 100.00 0.00870131
155 100.00 0.00857893
156 100.00 0.00846495
157 100.00 0.00834034
158 100.00 0.00822566
159 100.00 0.00811252
160 100.00 0.00800298
161 100.00 0.00789010
162 100.00 0.00778489
163 100.00 0.00768366
164 100.00 0.00758135
165 100.00 0.00748416
166 100.00 0.00738935
167 100.00 0.00729334
168 100.00 0.00720533
169 100.00 0.00711240
170 100.00 0.00702534
171 100.00 0.00694173
172 100.00 0.00685375
173 100.00 0.00677216
174 100.00 0.00669060
175 100.00 0.00661537
176 100.00 0.00653398
177 100.00 0.00645841
178 100.00 0.00638390
179 100.00 0.00630939
180 100.00 0.00623806
181 100.00 0.00616857
182 100.00 0.00609882
183 100.00 0.00603216
184 100.00 0.00596845
185 100.00 0.00590044
186 100.00 0.00583707
187 100.00 0.00577398
188 100.00 0.00571365
189 100.00 0.00565346
190 100.00 0.00559371
191 100.00 0.00553634
192 100.00 0.00548074
193 100.00 0.00542309
194 100.00 0.00536919
195 100.00 0.00531402
196 100.00 0.00526117
197 100.00 0.00521023
198 100.00 0.00515846
199 100.00 0.00510735
200 100.00 0.00505857
201 100.00 0.00500924
251 100.00 0.00332431
301 100.00 0.00243630
351 100.00 0.00189773
401 100.00 0.00154071
451 100.00 0.00128845
501 100.00 0.00110188
551 100.00 0.00095900
600 100.00 0.00084848
