1 20.20 2.29992450
41 100.00 0.00108931
81 100.00 0.00030065
121 100.00 0.00016617
161 100.00 0.00011238
201 100.00 0.00008395
241 100.00 0.00006650
281 100.00 0.00005480
321 100.00 0.00004644
361 100.00 0.00004017
401 100.00 0.00003532
441 100.00 0.00003146
481 100.00 0.00002832
521 100.00 0.00002571
561 100.00 0.00002352
601 100.00 0.00002165
641 100.00 0.00002004
681 100.00 0.00001864
721 100.00 0.00001742
761 100.00 0.00001634
801 100.00 0.00001537
841 100.00 0.00001451
881 100.00 0.00001373
921 100.00 0.00001303
961 100.00 0.00001239
1001 100.00 0.00001181
1041 100.00 0.00001128
1081 100.00 0.00001079
1121 100.00 0.00001033
1161 100.00 0.00000992
1200 100.00 0.00000954
