1 62.29 0.87874075
2 67.87 0.83062869
3 79.75 0.56267435
4 75.48 0.63517636
5 83.57 0.44043509
6 82.27 0.48215836
7 86.19 0.38079607
8 85.65 0.39460537
9 84.84 0.40517074
10 87.69 0.33308749
11 89.14 0.29565556
21 89.79 0.27342681
31 86.04 0.39149331
41 91.07 0.23956194
51 93.01 0.18415526
61 92.51 0.20563147
71 95.04 0.13342016
81 96.40 0.09876900
91 95.66 0.11323124
101 93.92 0.20975526
111 97.83 0.05789008
121 97.75 0.06276890
131 98.45 0.04514646
141 97.22 0.08056206
151 97.07 0.16050161
161 97.46 0.08764175
171 99.04 0.03052377
181 96.12 0.16143298
191 99.92 0.00360978
201 100.00 0.00045378
211 100.00 0.00028134
221 100.00 0.00020441
231 100.00 0.00016297
241 100.00 0.00013463
251 100.00 0.00011684
261 100.00 0.00010051
271 100.00 0.00008874
281 100.00 0.00007933
291 100.00 0.00007225
301 100.00 0.00006623
311 100.00 0.00006056
321 100.00 0.00005582
331 100.00 0.00005215
341 100.00 0.00004857
351 100.00 0.00004556
361 100.00 0.00004271
371 100.00 0.00004046
381 100.00 0.00003826
391 100.00 0.00003625
400 100.00 0.00003474
