1 10.00 2.30266283
81 30.00 2.29467728
161 55.60 2.25928440
241 66.40 1.18014189
321 99.60 0.13824943
401 100.00 0.01592181
481 100.00 0.00583805
561 100.00 0.00324685
641 100.00 0.00215329
721 100.00 0.00157262
801 100.00 0.00121996
881 100.00 0.00098636
961 100.00 0.00082185
1041 100.00 0.00070050
1121 100.00 0.00060778
1201 100.00 0.00053494
1281 100.00 0.00047634
1361 100.00 0.00042831
1441 100.00 0.00038834
1521 100.00 0.00035461
1601 100.00 0.00032580
1681 100.00 0.00030096
1761 100.00 0.00027934
1841 100.00 0.00026037
1921 100.00 0.00024361
2001 100.00 0.00022870
2081 100.00 0.00021537
2161 100.00 0.00020338
2241 100.00 0.00019255
2321 100.00 0.00018273
2400 100.00 0.00017388
