1 10.90 2.28922325
2 22.30 2.27644330
3 37.80 2.26008886
4 49.30 2.23740241
5 59.50 2.20410368
6 63.60 2.15239862
7 63.00 2.06689575
8 65.50 1.93058725
9 62.50 1.72480048
10 73.20 1.46480784
11 70.40 1.20010653
12 69.70 1.02694802
13 71.10 0.90786955
14 74.50 0.80207126
15 76.40 0.72730027
16 82.90 0.60479405
17 77.40 0.68315588
18 85.30 0.51728393
19 82.10 0.53870174
20 87.80 0.42803005
21 82.30 0.49258367
22 87.90 0.40418625
23 87.50 0.42471467
24 89.60 0.37575177
25 91.90 0.31531413
26 90.60 0.30716285
27 92.20 0.28610217
28 91.80 0.25629324
29 94.00 0.23845700
30 94.90 0.21171934
31 93.00 0.24933651
32 93.50 0.23355653
33 94.70 0.19966138
34 95.50 0.18091309
35 94.30 0.19699848
36 96.10 0.16115322
37 94.50 0.20061888
38 88.20 0.32478235
39 96.00 0.15806032
40 96.80 0.13788637
41 97.00 0.13256965
42 96.90 0.13116775
43 98.20 0.10850799
44 92.90 0.19960120
45 98.80 0.09093595
46 97.20 0.11265738
47 98.20 0.09455443
48 98.80 0.07958921
49 99.40 0.07341402
50 99.30 0.06718327
201 100.00 0.00198509
401 100.00 0.00066234
601 100.00 0.00037008
801 100.00 0.00025028
1001 100.00 0.00018786
1200 100.00 0.00014820
