41 100.00 0.00000277
42 100.00 0.00000270
43 100.00 0.00000264
44 100.00 0.00000259
45 100.00 0.00000255
46 100.00 0.00000252
47 100.00 0.00000248
48 100.00 0.00000244
49 100.00 0.00000240
50 100.00 0.00000238
51 100.00 0.00000235
52 100.00 0.00000233
53 100.00 0.00000230
54 100.00 0.00000228
55 100.00 0.00000225
56 100.00 0.00000224
57 100.00 0.00000221
58 100.00 0.00000219
59 100.00 0.00000217
60 100.00 0.00000214
61 100.00 0.00000213
62 100.00 0.00000211
63 100.00 0.00000210
64 100.00 0.00000208
65 100.00 0.00000206
66 100.00 0.00000205
91 100.00 0.00000175
116 100.00 0.00000154
141 100.00 0.00000139
166 100.00 0.00000128
191 100.00 0.00000119
216 100.00 0.00000111
241 100.00 0.00000104
266 100.00 0.00000098
291 100.00 0.00000093
316 100.00 0.00000089
341 100.00 0.00000085
366 100.00 0.00000081
391 100.00 0.00000078
416 100.00 0.00000074
441 100.00 0.00000072
466 100.00 0.00000069
491 100.00 0.00000068
516 100.00 0.00000066
541 100.00 0.00000063
566 100.00 0.00000061
591 100.00 0.00000060
616 100.00 0.00000059
641 100.00 0.00000056
666 100.00 0.00000055
691 100.00 0.00000053
716 100.00 0.00000052
741 100.00 0.00000051
766 100.00 0.00000051
791 100.00 0.00000049
816 100.00 0.00000048
841 100.00 0.00000047
866 100.00 0.00000046
891 100.00 0.00000045
916 100.00 0.00000044
941 100.00 0.00000044
966 100.00 0.00000043
991 100.00 0.00000043
1016 100.00 0.00000042
1040 100.00 0.00000041
