1 13.07 2.27527397
2 10.02 3.00176011
3 42.64 1.56537557
4 44.66 1.28552853
5 48.67 1.39062036
6 62.58 1.04341261
7 55.33 1.31419787
13 77.62 0.59251876
19 76.86 0.60292119
25 78.63 0.57235497
31 50.63 2.03638572
37 72.13 0.76267387
43 87.80 0.32822342
49 88.15 0.31995590
55 70.84 1.15655193
61 78.74 0.65453882
67 74.46 1.11432225
73 85.37 0.49973901
79 84.72 0.62432241
85 72.27 0.87966414
91 81.60 0.57202572
97 85.10 0.48769169
103 87.85 0.33383413
109 58.71 3.16228295
115 85.84 0.44807479
121 87.19 0.28307710
127 79.85 0.65118267
133 64.18 1.73126543
139 86.78 0.41188783
145 80.86 0.87130657
151 78.36 0.95564084
157 85.69 0.58594850
163 82.13 0.48124210
169 87.76 0.43713359
175 95.69 0.12234087
181 94.48 0.15080424
187 95.27 0.12366594
193 79.32 1.09012524
199 87.49 0.45729529
205 79.82 0.55017177
211 87.40 0.40480715
217 92.30 0.22520057
223 89.84 0.26420294
229 89.48 0.30549028
235 84.58 0.68375422
241 77.11 0.67463283
247 83.73 0.61301310
253 96.81 0.10300615
259 94.17 0.19211963
265 97.77 0.06722543
271 96.64 0.08375096
277 97.20 0.07736608
283 61.30 1.09582578
289 78.82 1.69228351
295 97.23 0.08273836
301 92.31 0.21607928
307 87.77 0.45378705
313 93.00 0.24625479
319 82.85 0.82701366
325 95.50 0.15151309
331 89.69 0.31700119
337 99.05 0.03607455
343 96.38 0.10300980
349 94.12 0.19728824
355 87.08 0.45297623
361 98.27 0.04976052
367 98.64 0.04697739
373 98.70 0.03933502
379 95.46 0.11325616
385 94.92 0.17564033
391 89.60 0.33036980
397 87.85 0.45198431
403 99.16 0.02924728
409 96.57 0.10382724
415 99.14 0.02809502
421 99.58 0.01819894
427 99.80 0.01150548
433 94.54 0.18664930
439 99.32 0.02064346
445 99.90 0.00818661
451 99.04 0.02960303
457 91.31 0.43740780
463 99.75 0.01161774
469 99.57 0.01568391
475 99.87 0.00961803
481 99.07 0.03057627
487 99.77 0.00813263
493 100.00 0.00200063
499 97.99 0.06076354
505 91.08 0.43472411
511 90.13 0.32136034
517 99.05 0.02954795
523 99.77 0.01109979
529 53.37 6.14483011
535 84.20 0.96235310
541 99.42 0.02622755
547 99.60 0.01970347
553 99.40 0.01899078
559 99.94 0.00639178
565 99.90 0.00570091
571 99.81 0.00910284
577 99.95 0.00451818
583 97.60 0.07803607
589 94.91 0.30532893
595 96.57 0.11921428
600 88.29 0.51865437
