1 10.00 2.30256796
201 48.00 2.29458261
401 75.00 2.26593012
601 66.00 1.36914891
801 100.00 0.03767018
1001 100.00 0.00707491
1201 100.00 0.00324636
1401 100.00 0.00197831
1601 100.00 0.00137944
1801 100.00 0.00104012
2001 100.00 0.00082506
2201 100.00 0.00067813
2401 100.00 0.00057219
2601 100.00 0.00049263
2801 100.00 0.00043095
3001 100.00 0.00038189
3201 100.00 0.00034206
3401 100.00 0.00030913
3601 100.00 0.00028152
3801 100.00 0.00025806
4001 100.00 0.00023791
4201 100.00 0.00022045
4401 100.00 0.00020517
4601 100.00 0.00019173
4801 100.00 0.00017979
5001 100.00 0.00016913
5201 100.00 0.00015958
5401 100.00 0.00015097
5601 100.00 0.00014317
5801 100.00 0.00013607
6000 100.00 0.00012961
