1 40.27 2.27016919
2 51.34 2.18972333
3 61.34 1.86658796
4 73.73 1.10415244
5 80.28 0.72959654
6 83.98 0.57735436
7 86.07 0.49568542
8 87.53 0.44230544
9 88.42 0.40922461
10 89.09 0.38497865
11 89.62 0.36625977
12 90.05 0.35042274
13 90.40 0.33760380
14 90.67 0.32640909
15 90.97 0.31641392
16 91.26 0.30656337
17 91.54 0.29708307
18 91.78 0.28865671
19 91.97 0.28102545
20 92.23 0.27332578
21 92.44 0.26637414
31 94.17 0.20489190
41 95.36 0.16224949
51 96.22 0.13191116
61 96.93 0.10852125
71 97.46 0.09061646
81 97.88 0.07637635
91 98.23 0.06483748
101 98.54 0.05530684
111 98.79 0.04697533
121 98.96 0.04113557
131 99.19 0.03469980
141 99.36 0.02955674
151 99.49 0.02513740
161 99.60 0.02164181
171 99.70 0.01863593
181 99.77 0.01601598
191 99.81 0.01399330
200 99.85 0.01232362
