1 43.42 2.25297293
2 55.67 2.04838160
3 62.58 1.26784073
4 66.62 0.98419658
5 80.50 0.60385582
6 79.48 0.59013437
7 86.12 0.43791262
8 87.95 0.36239562
9 92.30 0.26865386
10 91.62 0.25078511
11 91.60 0.25887018
12 96.85 0.12922236
13 96.88 0.12249681
14 97.47 0.09969813
15 95.28 0.19844797
16 96.73 0.11607232
17 98.30 0.07466877
18 99.60 0.03626311
19 96.75 0.20226800
20 99.78 0.02252571
21 99.97 0.01792568
22 100.00 0.01269802
23 99.35 0.02400120
24 100.00 0.01007417
25 100.00 0.00940971
26 100.00 0.00783369
27 100.00 0.00692979
28 100.00 0.00624491
29 100.00 0.00594955
30 100.00 0.00528588
31 100.00 0.00487899
32 100.00 0.00452002
33 100.00 0.00422569
34 100.00 0.00402754
35 100.00 0.00380154
36 100.00 0.00353503
37 100.00 0.00333973
38 100.00 0.00320285
39 100.00 0.00303802
40 100.00 0.00289982
41 100.00 0.00273681
42 100.00 0.00264177
43 100.00 0.00250823
44 100.00 0.00239284
45 100.00 0.00231128
46 100.00 0.00221194
47 100.00 0.00213808
48 100.00 0.00208218
49 100.00 0.00196482
50 100.00 0.00189776
81 100.00 0.00087587
161 100.00 0.00033011
241 100.00 0.00019312
321 100.00 0.00013357
401 100.00 0.00010052
481 100.00 0.00008006
561 100.00 0.00006631
641 100.00 0.00005616
721 100.00 0.00004879
801 100.00 0.00004273
881 100.00 0.00003809
961 100.00 0.00003430
1041 100.00 0.00003093
1121 100.00 0.00002853
1201 100.00 0.00002610
1281 100.00 0.00002417
1361 100.00 0.00002250
1441 100.00 0.00002104
1521 100.00 0.00001975
1601 100.00 0.00001849
1681 100.00 0.00001742
1761 100.00 0.00001659
1841 100.00 0.00001566
1921 100.00 0.00001494
2001 100.00 0.00001412
2081 100.00 0.00001356
2161 100.00 0.00001296
2241 100.00 0.00001244
2321 100.00 0.00001191
2400 100.00 0.00001143
