1 29.83 2.29849190
2 35.91 2.29254724
3 32.80 2.28038261
4 27.52 2.24389129
5 22.86 2.05838286
6 42.64 1.46564776
7 58.41 1.08616545
8 62.57 0.92612114
9 66.47 0.89247573
10 64.59 0.83728690
11 68.62 0.85241315
21 80.76 0.54541421
31 80.12 0.54204089
41 85.48 0.40073831
51 87.74 0.33926205
61 88.90 0.30685660
71 88.41 0.31160426
81 89.61 0.28088462
91 88.40 0.29645908
101 90.76 0.25328897
111 92.83 0.19749229
121 92.10 0.21048633
131 93.31 0.18440107
141 94.53 0.15204636
151 88.68 0.29190053
161 95.88 0.11677191
171 94.02 0.16296106
181 91.52 0.21923863
191 94.91 0.13288648
201 97.19 0.08049670
211 97.75 0.06849660
221 98.67 0.04691952
231 95.08 0.15093424
241 86.65 0.50183150
251 94.35 0.19308784
261 99.31 0.02704279
271 99.07 0.03161105
281 99.67 0.01508427
291 99.60 0.01746314
301 99.54 0.01671982
311 99.77 0.01325912
321 99.43 0.01993007
331 99.83 0.01163966
341 99.83 0.00792101
351 99.93 0.00578203
361 99.99 0.00336405
371 91.29 0.58485082
381 100.00 0.00209226
391 100.00 0.00151064
400 100.00 0.00110669
