1 48.80 9.72703209
2 38.65 9.00927010
3 32.05 8.63355136
4 32.90 8.21818995
5 27.20 7.58124998
6 37.20 7.07894292
7 38.45 6.70575736
8 37.05 6.25645041
9 47.45 5.62848396
10 40.40 5.89293480
11 44.60 5.15972655
12 46.05 4.73247089
13 38.50 4.62113364
14 42.10 4.26459345
15 50.60 3.88925519
16 40.35 4.01717546
17 45.85 3.66797272
18 57.35 3.20404832
19 43.15 3.27125775
20 48.00 3.03209406
201 76.95 1.30182765
401 98.95 0.72765183
601 95.35 0.80191793
801 94.05 0.82968950
1001 98.90 0.71460775
1201 92.90 0.88276750
1401 96.40 0.76317495
1601 99.85 0.66355948
1801 90.95 0.91126603
2001 91.15 0.88352513
2201 96.45 0.73589908
2401 98.80 0.68906759
2601 99.65 0.65946342
2801 94.55 0.80913144
3001 94.90 0.79768247
3201 99.70 0.66315476
3401 98.35 0.70006538
3600 99.20 0.66681514
