1 9.88 2.30081053
2 11.29 2.29891879
3 11.24 2.29696669
4 11.24 2.29464518
5 11.24 2.29134629
6 11.34 2.28620116
7 17.53 2.27711765
8 26.76 2.25817748
9 34.47 2.20780285
10 36.85 1.99829002
11 49.83 1.40689070
12 65.24 1.06705889
13 73.42 0.79156319
14 77.33 0.69646500
15 81.47 0.60797081
16 83.12 0.56896871
17 84.68 0.52317413
18 85.59 0.50150968
19 86.76 0.46013925
20 87.55 0.43633146
21 88.68 0.39781675
31 94.36 0.19836072
41 96.44 0.12406959
51 97.59 0.08642999
61 96.99 0.09621168
71 98.89 0.04451491
81 97.86 0.07447432
91 99.52 0.02239169
101 99.72 0.01538030
111 99.94 0.00732469
121 99.98 0.00504739
131 99.98 0.00447372
141 99.99 0.00260189
151 100.00 0.00201087
161 100.00 0.00184680
171 100.00 0.00132321
181 100.00 0.00110319
191 100.00 0.00095169
200 100.00 0.00083408
