1 11.50 2.30172978
2 13.50 2.30091560
3 14.50 2.30015552
4 14.75 2.29939958
5 18.00 2.29862957
6 19.25 2.29785201
7 23.25 2.29704264
8 22.50 2.29618053
9 25.75 2.29525353
10 28.50 2.29426119
11 28.25 2.29317178
12 34.25 2.29196706
13 42.25 2.29061556
14 47.00 2.28910647
15 48.75 2.28743427
16 53.50 2.28552140
17 59.25 2.28333758
18 65.25 2.28079639
19 68.00 2.27779472
20 68.50 2.27430943
21 69.25 2.27016811
41 52.25 1.28272622
61 94.00 0.23155697
81 100.00 0.01004211
101 100.00 0.00313648
121 100.00 0.00175907
141 100.00 0.00119224
161 100.00 0.00088870
181 100.00 0.00070177
201 100.00 0.00057612
221 100.00 0.00048638
241 100.00 0.00041933
261 100.00 0.00036750
281 100.00 0.00032636
301 100.00 0.00029302
321 100.00 0.00026540
341 100.00 0.00024221
361 100.00 0.00022250
381 100.00 0.00020557
401 100.00 0.00019085
421 100.00 0.00017797
441 100.00 0.00016659
461 100.00 0.00015649
481 100.00 0.00014746
501 100.00 0.00013936
521 100.00 0.00013205
541 100.00 0.00012541
561 100.00 0.00011937
581 100.00 0.00011384
601 100.00 0.00010876
621 100.00 0.00010409
641 100.00 0.00009978
661 100.00 0.00009578
681 100.00 0.00009207
701 100.00 0.00008862
721 100.00 0.00008540
741 100.00 0.00008239
761 100.00 0.00007957
781 100.00 0.00007692
801 100.00 0.00007444
821 100.00 0.00007210
841 100.00 0.00006989
861 100.00 0.00006781
881 100.00 0.00006583
901 100.00 0.00006396
921 100.00 0.00006219
941 100.00 0.00006050
961 100.00 0.00005890
981 100.00 0.00005737
1001 100.00 0.00005592
1021 100.00 0.00005453
1041 100.00 0.00005321
1061 100.00 0.00005195
1081 100.00 0.00005074
1101 100.00 0.00004958
1121 100.00 0.00004847
1141 100.00 0.00004740
1161 100.00 0.00004638
1181 100.00 0.00004540
1201 100.00 0.00004445
1221 100.00 0.00004354
1241 100.00 0.00004267
1261 100.00 0.00004182
1281 100.00 0.00004101
1301 100.00 0.00004022
1321 100.00 0.00003946
1341 100.00 0.00003874
1361 100.00 0.00003803
1381 100.00 0.00003734
1401 100.00 0.00003669
1421 100.00 0.00003604
1441 100.00 0.00003543
1461 100.00 0.00003483
1481 100.00 0.00003424
1501 100.00 0.00003369
1521 100.00 0.00003313
1541 100.00 0.00003260
1561 100.00 0.00003209
1581 100.00 0.00003160
1601 100.00 0.00003111
1621 100.00 0.00003064
1641 100.00 0.00003018
1661 100.00 0.00002974
1681 100.00 0.00002930
1701 100.00 0.00002888
1721 100.00 0.00002847
1741 100.00 0.00002807
1761 100.00 0.00002768
1781 100.00 0.00002730
1801 100.00 0.00002693
1821 100.00 0.00002657
1841 100.00 0.00002621
1861 100.00 0.00002587
1881 100.00 0.00002554
1901 100.00 0.00002521
1921 100.00 0.00002489
1941 100.00 0.00002458
1961 100.00 0.00002427
1981 100.00 0.00002397
2001 100.00 0.00002368
2021 100.00 0.00002339
2041 100.00 0.00002312
2061 100.00 0.00002284
2081 100.00 0.00002258
2101 100.00 0.00002232
2121 100.00 0.00002206
2141 100.00 0.00002181
2161 100.00 0.00002157
2181 100.00 0.00002133
2201 100.00 0.00002110
2221 100.00 0.00002087
2241 100.00 0.00002064
2261 100.00 0.00002042
2281 100.00 0.00002021
2301 100.00 0.00002000
2321 100.00 0.00001979
2341 100.00 0.00001958
2361 100.00 0.00001939
2381 100.00 0.00001918
2401 100.00 0.00001899
2421 100.00 0.00001880
2441 100.00 0.00001862
2461 100.00 0.00001844
2481 100.00 0.00001826
2501 100.00 0.00001808
2521 100.00 0.00001791
2541 100.00 0.00001774
2561 100.00 0.00001757
2581 100.00 0.00001742
2601 100.00 0.00001725
2621 100.00 0.00001709
2641 100.00 0.00001694
2661 100.00 0.00001679
2681 100.00 0.00001664
2701 100.00 0.00001649
2721 100.00 0.00001634
2741 100.00 0.00001620
2761 100.00 0.00001606
2781 100.00 0.00001592
2801 100.00 0.00001579
2821 100.00 0.00001565
2841 100.00 0.00001552
2861 100.00 0.00001539
2881 100.00 0.00001526
2901 100.00 0.00001514
2921 100.00 0.00001501
2941 100.00 0.00001489
2961 100.00 0.00001477
2981 100.00 0.00001465
3001 100.00 0.00001453
3021 100.00 0.00001442
3041 100.00 0.00001431
3061 100.00 0.00001419
3081 100.00 0.00001408
3101 100.00 0.00001398
3121 100.00 0.00001387
3141 100.00 0.00001376
3161 100.00 0.00001366
3181 100.00 0.00001356
3201 100.00 0.00001346
3221 100.00 0.00001336
3241 100.00 0.00001326
3261 100.00 0.00001316
3281 100.00 0.00001307
3301 100.00 0.00001297
3321 100.00 0.00001288
3341 100.00 0.00001279
3361 100.00 0.00001270
3381 100.00 0.00001261
3401 100.00 0.00001252
3421 100.00 0.00001243
3441 100.00 0.00001234
3461 100.00 0.00001226
3481 100.00 0.00001218
3501 100.00 0.00001209
3521 100.00 0.00001201
3541 100.00 0.00001193
3561 100.00 0.00001185
3581 100.00 0.00001177
3601 100.00 0.00001170
3621 100.00 0.00001162
3641 100.00 0.00001154
3661 100.00 0.00001147
3681 100.00 0.00001140
3701 100.00 0.00001132
3721 100.00 0.00001125
3741 100.00 0.00001118
3761 100.00 0.00001111
3781 100.00 0.00001104
3801 100.00 0.00001097
3821 100.00 0.00001090
3841 100.00 0.00001084
3861 100.00 0.00001077
3881 100.00 0.00001070
3901 100.00 0.00001064
3921 100.00 0.00001058
3941 100.00 0.00001051
3961 100.00 0.00001045
3981 100.00 0.00001038
4001 100.00 0.00001032
4021 100.00 0.00001026
4041 100.00 0.00001020
4061 100.00 0.00001014
4081 100.00 0.00001008
4101 100.00 0.00001002
4121 100.00 0.00000997
4141 100.00 0.00000991
4161 100.00 0.00000986
4181 100.00 0.00000980
4201 100.00 0.00000975
4221 100.00 0.00000969
4241 100.00 0.00000964
4261 100.00 0.00000958
4281 100.00 0.00000953
4301 100.00 0.00000948
4321 100.00 0.00000943
4341 100.00 0.00000938
4361 100.00 0.00000932
4381 100.00 0.00000927
4401 100.00 0.00000922
4421 100.00 0.00000917
4441 100.00 0.00000912
4461 100.00 0.00000908
4481 100.00 0.00000903
4501 100.00 0.00000898
4521 100.00 0.00000893
4541 100.00 0.00000889
4561 100.00 0.00000884
4581 100.00 0.00000880
4601 100.00 0.00000875
4621 100.00 0.00000871
4641 100.00 0.00000866
4661 100.00 0.00000862
4681 100.00 0.00000858
4701 100.00 0.00000853
4721 100.00 0.00000849
4741 100.00 0.00000845
4761 100.00 0.00000841
4781 100.00 0.00000837
4801 100.00 0.00000833
4821 100.00 0.00000829
4841 100.00 0.00000824
4861 100.00 0.00000821
4881 100.00 0.00000817
4901 100.00 0.00000813
4921 100.00 0.00000809
4941 100.00 0.00000805
4961 100.00 0.00000801
4981 100.00 0.00000797
5001 100.00 0.00000793
5021 100.00 0.00000789
5041 100.00 0.00000786
5061 100.00 0.00000782
5081 100.00 0.00000779
5101 100.00 0.00000775
5121 100.00 0.00000771
5141 100.00 0.00000768
5161 100.00 0.00000764
5181 100.00 0.00000761
5201 100.00 0.00000758
5221 100.00 0.00000754
5241 100.00 0.00000751
5261 100.00 0.00000747
5281 100.00 0.00000744
5301 100.00 0.00000741
5321 100.00 0.00000738
5341 100.00 0.00000734
5361 100.00 0.00000731
5381 100.00 0.00000728
5401 100.00 0.00000725
5421 100.00 0.00000722
5441 100.00 0.00000718
5461 100.00 0.00000715
5481 100.00 0.00000712
5501 100.00 0.00000709
5521 100.00 0.00000706
5541 100.00 0.00000703
5561 100.00 0.00000701
5581 100.00 0.00000698
5601 100.00 0.00000695
5621 100.00 0.00000692
5641 100.00 0.00000689
5661 100.00 0.00000686
5681 100.00 0.00000683
5701 100.00 0.00000680
5721 100.00 0.00000677
5741 100.00 0.00000674
5761 100.00 0.00000672
5781 100.00 0.00000669
5801 100.00 0.00000666
5821 100.00 0.00000664
5841 100.00 0.00000661
5861 100.00 0.00000658
5881 100.00 0.00000656
5901 100.00 0.00000653
5921 100.00 0.00000651
5941 100.00 0.00000648
5961 100.00 0.00000646
5981 100.00 0.00000643
6000 100.00 0.00000641
