1 47.50 2.23840961
2 31.50 2.06752957
3 40.00 1.94090551
4 44.25 1.73817863
5 40.00 1.82718215
6 41.75 1.69546535
7 52.50 1.38402653
8 40.00 2.15719725
9 57.50 1.31857460
10 61.00 1.19042261
11 66.75 1.08088755
12 56.00 1.35681808
13 69.50 0.87163138
14 76.00 0.72970949
15 76.50 0.63027218
16 93.75 0.28043026
17 90.75 0.21512282
18 98.25 0.11122433
19 97.50 0.06810784
20 94.25 0.20574787
21 99.50 0.04652735
22 100.00 0.01532145
23 99.50 0.01649424
24 100.00 0.00788540
25 100.00 0.00597966
26 100.00 0.00503188
27 100.00 0.00433927
28 100.00 0.00382755
29 100.00 0.00342795
30 100.00 0.00310291
31 100.00 0.00283203
32 100.00 0.00260585
33 100.00 0.00241344
34 100.00 0.00224650
35 100.00 0.00209897
36 100.00 0.00197062
37 100.00 0.00185609
38 100.00 0.00175346
39 100.00 0.00166177
40 100.00 0.00157846
801 100.00 0.00002978
1601 100.00 0.00001358
2401 100.00 0.00000861
3201 100.00 0.00000624
4001 100.00 0.00000486
4801 100.00 0.00000396
5601 100.00 0.00000334
6401 100.00 0.00000288
7201 100.00 0.00000252
8001 100.00 0.00000225
8801 100.00 0.00000202
9601 100.00 0.00000183
10401 100.00 0.00000167
11201 100.00 0.00000154
12001 100.00 0.00000142
12801 100.00 0.00000132
13601 100.00 0.00000123
14401 100.00 0.00000116
15201 100.00 0.00000109
16001 100.00 0.00000103
16801 100.00 0.00000098
17601 100.00 0.00000092
18000 100.00 0.00000090
