1 60.26 1.67722090
2 77.06 0.66052242
3 82.91 0.51744822
4 88.15 0.38430782
5 90.06 0.32376686
6 89.85 0.33522363
7 91.09 0.29032523
8 93.33 0.22562651
9 93.45 0.22064218
10 94.30 0.18610271
11 95.97 0.14592192
12 95.03 0.16497483
13 97.13 0.10960406
14 97.05 0.10941114
15 97.00 0.10605899
16 97.42 0.09448721
17 98.26 0.06991960
18 98.11 0.07230208
19 97.41 0.08764439
20 97.88 0.08058695
25 99.63 0.02412760
33 99.98 0.00775279
41 100.00 0.00349020
49 100.00 0.00217365
57 100.00 0.00154739
65 100.00 0.00118370
73 100.00 0.00093802
81 100.00 0.00078790
89 100.00 0.00066410
97 100.00 0.00057377
105 100.00 0.00050411
113 100.00 0.00045030
121 100.00 0.00040196
129 100.00 0.00036430
137 100.00 0.00033318
145 100.00 0.00030605
153 100.00 0.00028234
161 100.00 0.00026156
169 100.00 0.00024311
177 100.00 0.00022796
185 100.00 0.00021395
193 100.00 0.00020087
201 100.00 0.00018982
209 100.00 0.00017980
217 100.00 0.00017076
225 100.00 0.00016164
233 100.00 0.00015385
240 100.00 0.00014768
