1 39.20 2.02681488
2 70.40 1.04477225
3 78.00 0.70802431
4 75.40 0.62756547
5 88.20 0.37039905
6 84.30 0.44715240
7 93.30 0.23968442
8 96.50 0.15425293
9 96.70 0.14195599
10 94.40 0.16285370
11 94.70 0.15546173
12 98.90 0.06204347
13 99.60 0.04240969
14 99.40 0.04324232
15 99.90 0.02279086
16 99.80 0.02582531
17 100.00 0.01461569
18 100.00 0.01198087
19 100.00 0.01105555
20 100.00 0.00876924
21 100.00 0.00793909
22 100.00 0.00696304
23 100.00 0.00632305
24 100.00 0.00570886
25 100.00 0.00539604
26 100.00 0.00512397
27 100.00 0.00463779
28 100.00 0.00429512
29 100.00 0.00400143
30 100.00 0.00377562
31 100.00 0.00353756
32 100.00 0.00337345
33 100.00 0.00317075
34 100.00 0.00300593
35 100.00 0.00292312
36 100.00 0.00274104
37 100.00 0.00260409
38 100.00 0.00247922
39 100.00 0.00238821
40 100.00 0.00230491
41 100.00 0.00221595
61 100.00 0.00119319
81 100.00 0.00079848
101 100.00 0.00059033
121 100.00 0.00046375
141 100.00 0.00037942
161 100.00 0.00031948
181 100.00 0.00027493
201 100.00 0.00024058
221 100.00 0.00021338
241 100.00 0.00019134
261 100.00 0.00017316
281 100.00 0.00015794
301 100.00 0.00014500
321 100.00 0.00013389
341 100.00 0.00012426
361 100.00 0.00011583
381 100.00 0.00010840
401 100.00 0.00010181
421 100.00 0.00009592
441 100.00 0.00009064
461 100.00 0.00008588
481 100.00 0.00008156
501 100.00 0.00007762
521 100.00 0.00007402
541 100.00 0.00007072
561 100.00 0.00006768
581 100.00 0.00006487
600 100.00 0.00006241
