1 74.80 0.79182022
5 95.74 0.14108684
9 98.73 0.04679642
13 98.15 0.05546472
17 99.83 0.00987877
21 99.96 0.00335817
25 100.00 0.00120961
29 100.00 0.00063057
33 100.00 0.00042757
37 100.00 0.00032749
41 100.00 0.00026472
45 100.00 0.00021787
49 100.00 0.00018663
53 100.00 0.00016143
57 100.00 0.00014287
61 100.00 0.00012845
65 100.00 0.00011483
69 100.00 0.00010454
73 100.00 0.00009544
77 100.00 0.00008783
81 100.00 0.00008196
85 100.00 0.00007568
89 100.00 0.00007043
93 100.00 0.00006603
97 100.00 0.00006197
101 100.00 0.00005839
105 100.00 0.00005545
109 100.00 0.00005264
113 100.00 0.00004974
117 100.00 0.00004738
120 100.00 0.00004579
