1 44.33 3.02527406
2 45.95 2.75291301
3 49.05 2.55486921
4 31.67 2.75999609
5 36.33 2.52053946
6 51.83 2.29177679
7 41.40 2.46665951
8 70.03 1.76945607
9 65.10 1.86735440
10 70.97 1.65441163
101 93.60 0.64535855
201 98.83 0.47065574
301 99.65 0.39617440
401 93.70 0.56481587
501 98.58 0.28915016
601 100.00 0.20458880
701 99.97 0.19879991
801 99.92 0.18004019
901 99.92 0.17471733
1001 83.20 1.23931626
1101 98.83 0.20732185
1201 99.97 0.16975337
1301 91.95 0.40140321
1401 99.60 0.17549542
1501 99.97 0.15690727
1601 97.60 0.25881810
1701 98.42 0.23784312
1800 99.62 0.17228746
