1 10.00 2.30164337
81 60.00 0.97557068
161 88.00 0.40734470
241 99.00 0.06158681
321 98.00 0.19941264
401 100.00 0.00313510
481 100.00 0.00135059
561 100.00 0.00082145
641 100.00 0.00057689
721 100.00 0.00043952
801 100.00 0.00035267
881 100.00 0.00029295
961 100.00 0.00024971
1041 100.00 0.00021695
1121 100.00 0.00019128
1201 100.00 0.00017056
1281 100.00 0.00015364
1361 100.00 0.00013951
1441 100.00 0.00012763
1521 100.00 0.00011746
1601 100.00 0.00010867
1681 100.00 0.00010099
1761 100.00 0.00009426
1841 100.00 0.00008832
1921 100.00 0.00008303
2001 100.00 0.00007830
2081 100.00 0.00007403
2161 100.00 0.00007016
2241 100.00 0.00006666
2321 100.00 0.00006346
2401 100.00 0.00006056
2481 100.00 0.00005788
2561 100.00 0.00005542
2641 100.00 0.00005315
2721 100.00 0.00005104
2801 100.00 0.00004909
2881 100.00 0.00004728
2961 100.00 0.00004557
3041 100.00 0.00004397
3121 100.00 0.00004249
3201 100.00 0.00004109
3281 100.00 0.00003978
3361 100.00 0.00003856
3441 100.00 0.00003740
3521 100.00 0.00003631
3601 100.00 0.00003527
3681 100.00 0.00003427
3761 100.00 0.00003335
3841 100.00 0.00003246
3921 100.00 0.00003162
4001 100.00 0.00003081
4081 100.00 0.00003004
4161 100.00 0.00002931
4241 100.00 0.00002861
4321 100.00 0.00002793
4401 100.00 0.00002729
4481 100.00 0.00002668
4561 100.00 0.00002610
4641 100.00 0.00002552
4721 100.00 0.00002498
4800 100.00 0.00002447
