1 10.12 2.30095835
5 11.24 2.29319434
9 26.13 2.25290789
13 73.84 0.82850327
17 84.71 0.52205063
21 89.40 0.37142592
25 91.59 0.28932868
29 93.68 0.21901521
33 94.73 0.18188344
37 95.56 0.15557526
41 94.69 0.17313695
45 96.96 0.10840022
49 96.92 0.10746497
53 97.70 0.08152526
57 98.12 0.06897061
61 97.72 0.07584675
65 98.50 0.05717034
69 98.82 0.04768720
73 98.96 0.04277311
77 99.26 0.03417357
81 99.41 0.02864703
85 99.49 0.02532906
89 99.37 0.02604721
93 99.31 0.03219816
97 99.72 0.01796884
101 99.79 0.01455770
105 99.79 0.01298990
109 99.90 0.00950438
113 99.92 0.00815203
117 99.95 0.00677192
120 99.96 0.00611638
