1 16.09 2.29848513
2 27.89 2.29246439
3 41.26 2.28031843
4 35.60 2.24368259
5 25.44 2.05199782
6 44.75 1.42116918
7 56.08 1.09090009
8 61.47 0.98964606
9 66.49 0.88788031
10 66.31 0.85675924
11 69.76 0.80713913
21 79.45 0.57034502
31 81.64 0.50766781
41 85.18 0.40998659
51 87.70 0.34299913
61 87.66 0.34381139
71 88.57 0.31111890
81 89.76 0.27760388
91 89.67 0.27715654
101 90.15 0.27049671
111 90.80 0.24958892
121 92.69 0.19767123
131 92.58 0.19998741
141 93.03 0.19096220
151 92.61 0.19755763
161 87.72 0.45925628
171 95.44 0.12639777
181 93.63 0.17247896
191 96.37 0.10017934
201 95.68 0.11952065
211 94.19 0.20334652
221 97.01 0.08615452
231 95.82 0.12556235
241 94.36 0.18753493
251 96.97 0.09638633
261 98.73 0.04112561
271 94.96 0.18774266
281 97.78 0.06387496
291 99.58 0.01693108
301 99.05 0.03610442
311 99.58 0.01690457
321 96.12 0.11792933
331 99.81 0.01079824
341 99.69 0.01208756
351 99.96 0.00364526
361 100.00 0.00217746
371 97.82 0.14714387
381 100.00 0.00130660
391 100.00 0.00101041
400 100.00 0.00083134
