1 81.28 0.68245512
2 86.03 0.70444152
3 94.40 0.18081813
4 90.34 0.52862382
5 95.70 0.25064074
6 97.07 0.08788196
7 98.15 0.06006625
8 98.59 0.04343422
9 99.42 0.01903191
10 97.57 0.11982662
11 99.94 0.00369683
12 99.17 0.03047734
13 99.97 0.00241935
14 100.00 0.00091377
15 100.00 0.00062420
16 100.00 0.00051678
17 100.00 0.00044687
18 100.00 0.00038749
19 100.00 0.00034356
20 100.00 0.00030714
25 100.00 0.00020119
33 100.00 0.00013182
41 100.00 0.00009743
49 100.00 0.00007749
57 100.00 0.00006424
65 100.00 0.00005462
73 100.00 0.00004769
81 100.00 0.00004199
89 100.00 0.00003761
97 100.00 0.00003409
105 100.00 0.00003095
113 100.00 0.00002844
121 100.00 0.00002629
129 100.00 0.00002437
137 100.00 0.00002275
145 100.00 0.00002133
153 100.00 0.00002009
161 100.00 0.00001895
169 100.00 0.00001787
177 100.00 0.00001696
185 100.00 0.00001614
193 100.00 0.00001540
201 100.00 0.00001473
209 100.00 0.00001408
217 100.00 0.00001343
225 100.00 0.00001287
233 100.00 0.00001241
240 100.00 0.00001197
