1 75.95 0.79951401
2 86.10 0.45219940
3 89.47 0.35361384
4 91.45 0.29067397
5 92.48 0.25280765
6 92.62 0.24327108
7 94.55 0.18722874
8 95.31 0.16056271
9 95.74 0.14697368
10 96.26 0.12952966
13 96.06 0.12692522
17 98.45 0.05763369
21 99.10 0.03832895
25 99.54 0.02385824
29 99.74 0.01582934
33 99.87 0.01096606
37 99.97 0.00621551
41 100.00 0.00428163
45 100.00 0.00331949
49 100.00 0.00254120
53 100.00 0.00200766
57 100.00 0.00171787
61 100.00 0.00144549
65 100.00 0.00126135
69 100.00 0.00113236
73 100.00 0.00098867
77 100.00 0.00089156
80 100.00 0.00083266
