1 13.00 2.30161101
2 13.00 2.30072802
3 13.00 2.29984975
4 14.00 2.29897708
5 14.00 2.29810899
6 15.00 2.29724556
7 17.00 2.29638290
8 18.00 2.29552448
9 19.00 2.29466701
10 19.00 2.29380554
11 20.00 2.29294014
12 20.00 2.29207397
13 21.00 2.29120302
14 24.00 2.29033136
15 26.00 2.28945923
16 28.00 2.28858405
17 30.00 2.28770345
18 31.00 2.28681910
19 31.00 2.28592873
20 32.00 2.28503191
21 34.00 2.28412718
22 35.00 2.28321654
23 35.00 2.28230089
24 38.00 2.28138322
25 38.00 2.28046495
26 39.00 2.27954173
27 40.00 2.27860981
28 42.00 2.27767199
29 43.00 2.27672696
30 43.00 2.27577156
31 43.00 2.27480334
32 43.00 2.27382731
33 45.00 2.27284133
34 45.00 2.27184600
35 49.00 2.27084178
36 51.00 2.26982331
37 51.00 2.26879233
38 52.00 2.26774710
39 51.00 2.26669085
40 51.00 2.26562232
41 51.00 2.26454049
42 51.00 2.26344365
43 51.00 2.26233256
44 51.00 2.26120120
45 49.00 2.26005071
46 49.00 2.25888455
47 49.00 2.25769937
48 50.00 2.25649720
49 50.00 2.25527442
50 50.00 2.25403422
51 50.00 2.25277460
52 49.00 2.25149286
53 48.00 2.25018746
54 48.00 2.24886137
55 48.00 2.24751437
56 49.00 2.24614501
57 49.00 2.24475050
58 49.00 2.24332714
59 50.00 2.24187690
60 51.00 2.24040037
61 52.00 2.23889250
62 52.00 2.23735362
63 51.00 2.23578477
64 51.00 2.23418564
65 51.00 2.23254943
66 51.00 2.23087949
67 54.00 2.22917324
68 55.00 2.22742724
69 54.00 2.22564059
70 53.00 2.22381222
71 53.00 2.22194499
72 52.00 2.22004139
73 52.00 2.21809685
74 52.00 2.21610296
75 52.00 2.21406060
76 51.00 2.21196616
77 50.00 2.20981771
78 50.00 2.20761544
79 49.00 2.20535767
80 48.00 2.20305079
81 48.00 2.20068491
82 48.00 2.19825953
83 49.00 2.19577616
84 49.00 2.19323665
85 49.00 2.19063824
86 49.00 2.18797475
87 49.00 2.18524009
88 49.00 2.18243217
89 49.00 2.17955512
90 49.00 2.17660481
91 49.00 2.17357826
92 49.00 2.17047757
93 49.00 2.16729242
94 49.00 2.16403061
95 50.00 2.16069221
96 50.00 2.15726238
97 50.00 2.15373474
98 50.00 2.15011096
99 51.00 2.14639491
100 51.00 2.14257801
151 75.00 1.73261246
301 100.00 0.15397829
451 100.00 0.03277152
601 100.00 0.01441488
751 100.00 0.00851718
901 100.00 0.00581490
1051 100.00 0.00432030
1201 100.00 0.00339006
1351 100.00 0.00276336
1501 100.00 0.00231644
1651 100.00 0.00198375
1801 100.00 0.00172759
1951 100.00 0.00152508
2101 100.00 0.00136149
2251 100.00 0.00122694
2401 100.00 0.00111454
2551 100.00 0.00101939
2701 100.00 0.00093797
2851 100.00 0.00086758
3001 100.00 0.00080619
3151 100.00 0.00075222
3301 100.00 0.00070448
3451 100.00 0.00066194
3601 100.00 0.00062385
3751 100.00 0.00058956
3901 100.00 0.00055855
4051 100.00 0.00053038
4201 100.00 0.00050469
4351 100.00 0.00048118
4501 100.00 0.00045958
4651 100.00 0.00043970
4801 100.00 0.00042132
4951 100.00 0.00040430
5101 100.00 0.00038850
5251 100.00 0.00037380
5401 100.00 0.00036007
5551 100.00 0.00034723
5701 100.00 0.00033522
5851 100.00 0.00032394
6000 100.00 0.00031340
