1 9.00 2.30268502
201 52.00 2.29404485
401 63.00 2.25949353
601 67.00 1.48945650
801 100.00 0.02594136
1001 100.00 0.00572231
1201 100.00 0.00281025
1401 100.00 0.00177135
1601 100.00 0.00126024
1801 100.00 0.00096287
2001 100.00 0.00077103
2201 100.00 0.00063828
2401 100.00 0.00054160
2601 100.00 0.00046844
2801 100.00 0.00041135
3001 100.00 0.00036567
3201 100.00 0.00032841
3401 100.00 0.00029749
3601 100.00 0.00027148
3801 100.00 0.00024931
4001 100.00 0.00023023
4201 100.00 0.00021365
4401 100.00 0.00019912
4601 100.00 0.00018629
4801 100.00 0.00017488
5001 100.00 0.00016469
5201 100.00 0.00015553
5401 100.00 0.00014726
5601 100.00 0.00013976
5801 100.00 0.00013293
6000 100.00 0.00012671
