1 54.57 2.26611952
5 81.70 0.67892688
9 88.76 0.40265350
13 90.34 0.33778549
17 91.58 0.29558013
21 92.33 0.26705774
25 93.21 0.23720471
29 93.89 0.21402423
33 94.49 0.19487849
37 95.01 0.17819694
41 95.38 0.16223769
45 95.81 0.15065730
49 96.09 0.13819285
53 96.32 0.12882075
57 96.59 0.11856832
61 96.89 0.10962946
65 97.14 0.10148061
69 97.24 0.09643797
73 97.42 0.09039740
77 97.64 0.08400343
81 97.89 0.07784778
85 98.05 0.07191892
89 98.17 0.06803622
93 98.29 0.06357914
97 98.41 0.05969218
101 98.53 0.05589671
105 98.58 0.05384139
109 98.70 0.04952955
113 98.83 0.04622960
117 98.93 0.04337255
120 98.92 0.04262172
