1 22.00 2.29760377
21 60.00 0.86746888
41 75.60 0.73783441
61 79.20 0.52722672
81 90.80 0.23123322
101 83.20 0.47367164
121 96.60 0.15655739
141 98.80 0.05932979
161 91.80 0.26632765
181 90.20 0.21405335
201 100.00 0.00784235
221 99.00 0.04464153
241 100.00 0.00322090
261 100.00 0.00113508
281 100.00 0.00069514
301 100.00 0.00049334
321 100.00 0.00037695
341 100.00 0.00030404
361 100.00 0.00025417
381 100.00 0.00021782
401 100.00 0.00018980
421 100.00 0.00016806
441 100.00 0.00015025
461 100.00 0.00013569
481 100.00 0.00012372
501 100.00 0.00011360
521 100.00 0.00010498
541 100.00 0.00009755
561 100.00 0.00009110
581 100.00 0.00008537
601 100.00 0.00008030
621 100.00 0.00007576
641 100.00 0.00007172
661 100.00 0.00006806
681 100.00 0.00006477
701 100.00 0.00006178
721 100.00 0.00005904
741 100.00 0.00005653
761 100.00 0.00005423
781 100.00 0.00005211
801 100.00 0.00005016
821 100.00 0.00004833
841 100.00 0.00004664
861 100.00 0.00004506
881 100.00 0.00004357
901 100.00 0.00004217
921 100.00 0.00004085
941 100.00 0.00003960
960 100.00 0.00003849
