1 10.00 2.30264044
81 13.00 2.29870427
161 20.00 2.29433560
241 41.00 2.28821719
321 57.00 2.27808964
401 57.00 2.25821137
481 50.00 2.20701659
561 28.00 2.01200306
641 39.00 1.52892184
721 69.00 1.08418930
801 73.00 0.79390174
881 77.00 0.55204678
961 91.00 0.33585308
1041 92.00 0.28829119
1121 99.00 0.12622401
1201 100.00 0.05985844
1281 100.00 0.03616283
1361 100.00 0.02520244
1441 100.00 0.01895067
1521 100.00 0.01509368
1601 100.00 0.01248231
1681 100.00 0.01061224
1761 100.00 0.00918748
1841 100.00 0.00807766
1921 100.00 0.00718525
2001 100.00 0.00644633
2081 100.00 0.00582847
2161 100.00 0.00530305
2241 100.00 0.00485132
2321 100.00 0.00445883
2401 100.00 0.00411377
2481 100.00 0.00380980
2561 100.00 0.00353977
2641 100.00 0.00329877
2721 100.00 0.00308288
2801 100.00 0.00288830
2881 100.00 0.00271265
2961 100.00 0.00255322
3041 100.00 0.00240822
3121 100.00 0.00227581
3201 100.00 0.00215482
3281 100.00 0.00204384
3361 100.00 0.00194139
3441 100.00 0.00184711
3521 100.00 0.00175995
3601 100.00 0.00167938
3681 100.00 0.00160453
3761 100.00 0.00153492
3841 100.00 0.00147004
3921 100.00 0.00140956
4001 100.00 0.00135301
4081 100.00 0.00130023
4161 100.00 0.00125050
4241 100.00 0.00120395
4321 100.00 0.00116019
4401 100.00 0.00111899
4481 100.00 0.00108016
4561 100.00 0.00104352
4641 100.00 0.00100889
4721 100.00 0.00097615
4800 100.00 0.00094549
