1 16.00 2.30101042
81 100.00 0.00095880
161 100.00 0.00028170
241 100.00 0.00015550
321 100.00 0.00010474
401 100.00 0.00007787
481 100.00 0.00006145
561 100.00 0.00005045
641 100.00 0.00004261
721 100.00 0.00003675
801 100.00 0.00003223
881 100.00 0.00002864
961 100.00 0.00002572
1041 100.00 0.00002331
1121 100.00 0.00002128
1201 100.00 0.00001956
1281 100.00 0.00001809
1361 100.00 0.00001680
1441 100.00 0.00001567
1521 100.00 0.00001468
1601 100.00 0.00001380
1681 100.00 0.00001301
1761 100.00 0.00001231
1841 100.00 0.00001167
1921 100.00 0.00001109
2001 100.00 0.00001056
2081 100.00 0.00001008
2161 100.00 0.00000963
2241 100.00 0.00000922
2321 100.00 0.00000885
2400 100.00 0.00000850
