1 39.80 2.22988191
2 17.90 2.06972270
3 42.90 1.68127205
4 36.30 1.77515624
5 40.80 1.80398417
6 54.60 1.49979970
7 40.40 1.81214664
8 60.10 1.19913676
9 80.00 0.71252236
10 78.00 0.59487453
101 100.00 0.00142138
201 100.00 0.00049824
301 100.00 0.00028689
401 100.00 0.00019705
501 100.00 0.00014818
601 100.00 0.00011785
701 100.00 0.00009727
801 100.00 0.00008250
901 100.00 0.00007141
1001 100.00 0.00006279
1101 100.00 0.00005592
1201 100.00 0.00005032
1301 100.00 0.00004569
1401 100.00 0.00004179
1501 100.00 0.00003848
1601 100.00 0.00003562
1701 100.00 0.00003313
1800 100.00 0.00003097
