39600 100.00 0.00018792
39601 100.00 0.00018789
39602 100.00 0.00018785
39603 100.00 0.00018782
39604 100.00 0.00018779
39605 100.00 0.00018776
39606 100.00 0.00018772
39607 100.00 0.00018769
39608 100.00 0.00018766
39609 100.00 0.00018762
39610 100.00 0.00018759
39611 100.00 0.00018756
39612 100.00 0.00018753
39613 100.00 0.00018750
39614 100.00 0.00018747
39615 100.00 0.00018743
39616 100.00 0.00018741
39617 100.00 0.00018737
39618 100.00 0.00018733
39619 100.00 0.00018729
39620 100.00 0.00018726
39621 100.00 0.00018723
39622 100.00 0.00018720
39623 100.00 0.00018716
39624 100.00 0.00018713
39625 100.00 0.00018710
39626 100.00 0.00018707
39627 100.00 0.00018703
39628 100.00 0.00018700
39629 100.00 0.00018697
39630 100.00 0.00018693
39631 100.00 0.00018690
39632 100.00 0.00018687
39633 100.00 0.00018684
39634 100.00 0.00018681
39635 100.00 0.00018677
39636 100.00 0.00018674
39637 100.00 0.00018671
39638 100.00 0.00018667
39639 100.00 0.00018664
39640 100.00 0.00018660
39641 100.00 0.00018657
39642 100.00 0.00018654
39643 100.00 0.00018650
39644 100.00 0.00018648
39645 100.00 0.00018645
39646 100.00 0.00018641
39647 100.00 0.00018638
39648 100.00 0.00018635
39649 100.00 0.00018631
39800 100.00 0.00018152
40000 100.00 0.00017549
40200 100.00 0.00016983
40400 100.00 0.00016449
40600 100.00 0.00015944
40800 100.00 0.00015470
41000 100.00 0.00015019
41200 100.00 0.00014593
41400 100.00 0.00014188
41600 100.00 0.00013803
41800 100.00 0.00013437
42000 100.00 0.00013090
42200 100.00 0.00012758
42400 100.00 0.00012440
42600 100.00 0.00012138
42800 100.00 0.00011848
43000 100.00 0.00011572
43200 100.00 0.00011306
43400 100.00 0.00011053
43600 100.00 0.00010809
43800 100.00 0.00010575
44000 100.00 0.00010350
44200 100.00 0.00010134
44400 100.00 0.00009927
44600 100.00 0.00009728
44800 100.00 0.00009533
45000 100.00 0.00009348
45200 100.00 0.00009169
45400 100.00 0.00008995
45600 100.00 0.00008829
45800 100.00 0.00008668
46000 100.00 0.00008511
46200 100.00 0.00008360
46400 100.00 0.00008215
46600 100.00 0.00008074
46800 100.00 0.00007937
47000 100.00 0.00007803
47200 100.00 0.00007676
47400 100.00 0.00007551
47600 100.00 0.00007430
47800 100.00 0.00007312
48000 100.00 0.00007198
48200 100.00 0.00007087
48400 100.00 0.00006980
48600 100.00 0.00006875
48800 100.00 0.00006773
49000 100.00 0.00006674
49200 100.00 0.00006577
49400 100.00 0.00006483
49600 100.00 0.00006393
49800 100.00 0.00006304
50000 100.00 0.00006217
50200 100.00 0.00006132
50400 100.00 0.00006050
50600 100.00 0.00005970
50800 100.00 0.00005891
51000 100.00 0.00005814
51200 100.00 0.00005740
51400 100.00 0.00005667
51600 100.00 0.00005595
51800 100.00 0.00005525
52000 100.00 0.00005458
52200 100.00 0.00005391
52400 100.00 0.00005326
52600 100.00 0.00005263
52800 100.00 0.00005200
53000 100.00 0.00005140
53200 100.00 0.00005080
53400 100.00 0.00005022
53600 100.00 0.00004965
53800 100.00 0.00004908
54000 100.00 0.00004855
54200 100.00 0.00004801
54400 100.00 0.00004748
54600 100.00 0.00004697
54800 100.00 0.00004647
55000 100.00 0.00004597
55200 100.00 0.00004548
55400 100.00 0.00004500
55600 100.00 0.00004454
55800 100.00 0.00004409
56000 100.00 0.00004364
56200 100.00 0.00004320
56400 100.00 0.00004278
56600 100.00 0.00004236
56800 100.00 0.00004193
57000 100.00 0.00004153
57200 100.00 0.00004113
57400 100.00 0.00004074
57600 100.00 0.00004034
57800 100.00 0.00003996
58000 100.00 0.00003960
58200 100.00 0.00003923
58400 100.00 0.00003886
58600 100.00 0.00003851
58800 100.00 0.00003816
59000 100.00 0.00003782
59200 100.00 0.00003748
59400 100.00 0.00003715
59600 100.00 0.00003683
59800 100.00 0.00003651
60000 100.00 0.00003619
60200 100.00 0.00003587
60400 100.00 0.00003556
60600 100.00 0.00003528
60800 100.00 0.00003497
61000 100.00 0.00003468
61200 100.00 0.00003440
61400 100.00 0.00003412
61600 100.00 0.00003385
61800 100.00 0.00003356
62000 100.00 0.00003329
62200 100.00 0.00003303
62400 100.00 0.00003277
62600 100.00 0.00003251
62800 100.00 0.00003226
63000 100.00 0.00003201
63200 100.00 0.00003175
63400 100.00 0.00003151
63600 100.00 0.00003126
63800 100.00 0.00003104
64000 100.00 0.00003081
64200 100.00 0.00003057
64400 100.00 0.00003035
64600 100.00 0.00003013
64800 100.00 0.00002991
65000 100.00 0.00002970
65200 100.00 0.00002947
65400 100.00 0.00002927
65600 100.00 0.00002906
65800 100.00 0.00002885
66000 100.00 0.00002865
66200 100.00 0.00002845
66400 100.00 0.00002824
66600 100.00 0.00002805
66800 100.00 0.00002785
67000 100.00 0.00002765
67200 100.00 0.00002747
67400 100.00 0.00002730
67600 100.00 0.00002711
67800 100.00 0.00002692
68000 100.00 0.00002674
68200 100.00 0.00002656
68400 100.00 0.00002639
68600 100.00 0.00002622
68800 100.00 0.00002605
69000 100.00 0.00002588
69200 100.00 0.00002571
69400 100.00 0.00002555
69600 100.00 0.00002538
69800 100.00 0.00002521
70000 100.00 0.00002507
70200 100.00 0.00002491
70400 100.00 0.00002475
70600 100.00 0.00002460
70800 100.00 0.00002445
71000 100.00 0.00002430
71200 100.00 0.00002415
71400 100.00 0.00002401
71600 100.00 0.00002386
71800 100.00 0.00002372
72000 100.00 0.00002358
72200 100.00 0.00002344
72400 100.00 0.00002330
72600 100.00 0.00002316
72800 100.00 0.00002302
73000 100.00 0.00002289
73200 100.00 0.00002276
73400 100.00 0.00002264
73600 100.00 0.00002251
73800 100.00 0.00002238
74000 100.00 0.00002225
74200 100.00 0.00002213
74400 100.00 0.00002200
74600 100.00 0.00002189
74800 100.00 0.00002176
75000 100.00 0.00002163
75200 100.00 0.00002153
75400 100.00 0.00002140
75599 100.00 0.00002129
