1 10.00 2.30134392
2 10.00 2.29994285
3 10.00 2.29830360
4 10.00 2.29664093
5 16.20 2.29466563
6 17.90 2.29242808
7 18.70 2.28964829
8 23.40 2.28617436
9 24.90 2.28178817
10 29.20 2.27599460
11 30.50 2.26816261
12 35.20 2.25722706
13 32.90 2.24138123
14 27.50 2.21673197
15 23.30 2.17822301
16 22.30 2.11801076
17 22.40 2.03220803
18 28.80 1.91226310
19 27.40 1.87878001
20 34.70 1.64699093
21 28.10 1.73365980
22 33.90 1.54204315
23 39.00 1.39206460
24 35.80 1.59925807
25 51.30 1.31795147
26 49.30 1.26730043
27 39.40 1.56033626
28 39.10 1.34199008
29 49.70 1.21781188
30 34.80 1.38406265
31 44.90 1.22358000
32 52.80 1.18484786
33 42.20 1.31396830
34 42.60 1.32677686
35 47.00 1.13338348
36 54.50 1.07408702
37 35.20 1.53928262
38 47.80 1.13882539
39 59.80 1.05137408
40 57.50 1.01126651
41 31.60 1.52023768
42 53.80 1.13904107
43 56.90 1.03567076
44 57.90 0.99812061
45 47.20 1.19300365
46 56.10 1.06512189
47 58.60 0.96576798
48 52.70 1.17151684
49 57.10 1.09534612
50 53.10 1.33430225
51 63.70 0.92978853
52 59.70 0.97926441
53 44.00 1.28310731
54 61.40 0.94104782
55 63.30 0.86599416
56 63.40 0.85863182
57 59.30 0.98180398
58 58.90 0.99384509
59 58.60 0.99862987
60 33.70 1.54087409
61 63.50 0.90703261
62 63.80 0.85381265
63 66.80 0.87407811
64 65.30 0.82850920
65 66.50 0.81140289
66 66.50 0.80632037
67 58.40 1.00398254
68 67.90 0.78758274
69 66.50 0.83182779
70 69.60 0.75693573
71 68.50 0.80511570
72 66.10 0.88849257
73 68.80 0.76368007
74 72.50 0.72759502
75 69.30 0.71946934
76 73.80 0.76797001
77 60.50 0.97324112
78 72.30 0.72176920
79 71.80 0.72106798
80 72.80 0.69046135
81 71.50 0.71285962
82 71.70 0.83001755
83 72.30 0.70633993
84 68.50 0.76453625
85 70.90 0.74213457
86 75.80 0.64902592
87 72.30 0.73894401
88 73.20 0.69187936
89 78.80 0.61631992
90 72.40 0.71099697
91 72.40 0.73289253
92 72.50 0.69310461
93 73.20 0.66978729
94 78.80 0.60824010
95 79.30 0.60019879
96 78.30 0.55392744
97 73.80 0.65724108
98 76.00 0.61827466
99 79.30 0.58112547
100 74.40 0.63804850
101 49.60 1.23740223
151 82.60 0.47678645
201 92.20 0.23914715
251 94.80 0.16489585
301 94.20 0.18197463
351 93.50 0.16982451
401 94.60 0.14887823
451 96.30 0.11889336
501 99.80 0.01567344
551 99.80 0.02050804
601 95.40 0.12708898
651 100.00 0.00478337
701 100.00 0.00170027
751 100.00 0.00101691
801 100.00 0.00072038
851 100.00 0.00054563
901 100.00 0.00044093
951 100.00 0.00036908
1001 100.00 0.00031449
1051 100.00 0.00027316
1101 100.00 0.00024190
1151 100.00 0.00021790
1201 100.00 0.00019685
1251 100.00 0.00018007
1301 100.00 0.00016521
1351 100.00 0.00015287
1401 100.00 0.00014107
1451 100.00 0.00013142
1501 100.00 0.00012417
1551 100.00 0.00011644
1601 100.00 0.00010943
1651 100.00 0.00010347
1701 100.00 0.00009839
1751 100.00 0.00009338
1801 100.00 0.00008876
1851 100.00 0.00008465
1901 100.00 0.00008084
1951 100.00 0.00007807
2001 100.00 0.00007493
2051 100.00 0.00007165
2101 100.00 0.00006908
2151 100.00 0.00006661
2201 100.00 0.00006403
2251 100.00 0.00006188
2301 100.00 0.00005961
2351 100.00 0.00005800
2400 100.00 0.00005647
