1 29.40 29.68562317
2 45.40 19.96120529
3 10.00 12.89929752
4 21.30 8.02997532
5 10.00 4.97580843
6 10.00 3.22810154
7 10.00 2.51259661
8 10.00 2.37200890
9 10.00 2.37013760
10 10.00 2.36962705
101 10.00 2.36934085
201 10.00 2.36921992
301 10.00 2.36926007
401 10.00 2.36928692
501 10.00 2.36928077
601 10.00 2.36927490
701 10.00 2.36924791
801 10.00 2.36925340
901 10.00 2.36924438
1001 10.00 2.36925592
1101 10.00 2.36925688
1201 10.00 2.36924305
1301 10.00 2.36929364
1401 10.00 2.36924987
1501 10.00 2.36931581
1601 10.00 2.36929832
1701 10.00 2.36925249
1800 10.00 2.36923795
