1 57.08 0.96416374
2 71.38 0.72826170
3 75.50 0.64158873
4 83.84 0.45657198
5 81.52 0.49346626
6 85.00 0.41897547
7 86.40 0.38055691
8 87.12 0.35681282
9 88.08 0.32991986
10 86.73 0.36672324
11 85.02 0.40601717
21 88.79 0.30793842
31 92.08 0.21721546
41 92.93 0.18456554
51 88.17 0.50992892
61 95.31 0.12914912
71 90.78 0.22372478
81 96.21 0.09736203
91 97.12 0.07951465
101 97.20 0.07386955
111 87.17 0.51572759
121 93.76 0.19439523
131 98.94 0.02991968
141 99.22 0.02149458
151 98.92 0.03465320
161 99.16 0.02716353
171 100.00 0.00089704
181 100.00 0.00026464
191 100.00 0.00017451
201 100.00 0.00013278
211 100.00 0.00010948
221 100.00 0.00009134
231 100.00 0.00007969
241 100.00 0.00007025
251 100.00 0.00006259
261 100.00 0.00005635
271 100.00 0.00005133
281 100.00 0.00004740
291 100.00 0.00004356
301 100.00 0.00004048
311 100.00 0.00003772
321 100.00 0.00003529
331 100.00 0.00003326
341 100.00 0.00003136
351 100.00 0.00002957
361 100.00 0.00002806
371 100.00 0.00002664
381 100.00 0.00002540
391 100.00 0.00002418
400 100.00 0.00002323
