1 68.00 6.11054277
2 34.00 5.80902224
3 32.00 5.66814814
4 17.00 5.81418877
5 30.00 5.54048948
6 26.00 5.40643015
7 37.00 4.97292490
8 41.00 4.68141441
9 50.00 4.42393684
10 63.00 4.15139723
11 37.00 4.54146557
12 65.00 3.84693246
13 65.00 4.14200034
14 62.00 3.59041390
15 58.00 3.78093376
16 59.00 3.45325313
17 77.00 3.02672272
18 81.00 2.79727082
19 69.00 3.03625665
20 81.00 2.66821585
21 80.00 2.60076737
22 72.00 3.04772515
23 78.00 2.47530766
24 81.00 2.40709558
25 66.00 2.69247947
26 88.00 2.14285669
27 86.00 2.10442986
28 96.00 1.82089696
29 90.00 1.88979282
30 99.00 1.67821863
31 98.00 1.53774347
32 99.00 1.52234137
33 100.00 1.38442111
34 100.00 1.31042929
35 99.00 1.27058749
36 100.00 1.18821874
37 100.00 1.13555202
38 100.00 1.08431590
39 100.00 1.03671243
40 67.00 2.45896516
801 100.00 0.27554684
1601 100.00 0.28375358
2401 100.00 0.27189605
3201 100.00 0.25910139
4001 100.00 0.25715479
4801 100.00 0.24871194
5601 100.00 0.24779556
6401 100.00 0.25129247
7201 100.00 0.25268976
8001 100.00 0.26547623
8801 100.00 0.24767741
9601 100.00 0.28487459
10401 100.00 0.24625344
11201 100.00 0.24694542
12001 100.00 0.25117047
12801 100.00 0.25955927
13601 99.00 0.29074031
14401 100.00 0.24781371
15201 100.00 0.25090163
16001 100.00 0.24652851
16801 100.00 0.24559363
17601 100.00 0.24612623
18000 100.00 0.24526800
