1 26.00 29.71086731
2 36.40 19.97848129
3 22.00 12.88303928
4 10.00 8.00891705
5 20.80 4.90651503
6 10.00 3.21833911
7 10.00 2.50872974
8 10.00 2.37067103
9 10.00 2.36976843
10 10.00 2.36952853
11 10.00 2.36943755
12 10.00 2.36937594
13 10.00 2.36925969
14 10.00 2.36933746
15 10.00 2.36935744
16 10.00 2.36949086
17 10.00 2.36940665
18 10.00 2.36946321
19 10.00 2.36939692
20 10.00 2.36942530
21 10.00 2.36928453
22 10.00 2.36938076
23 10.00 2.36935749
24 10.00 2.36933346
25 10.00 2.36936321
26 10.00 2.36948328
27 10.00 2.36941991
28 10.00 2.36939921
29 10.00 2.36937485
30 10.00 2.36933661
401 10.00 2.36926861
801 10.00 2.36929078
1201 10.00 2.36933684
1601 10.00 2.36930938
2001 10.00 2.36936436
2401 10.00 2.36935282
2801 10.00 2.36932564
3201 10.00 2.36932726
3601 10.00 2.36937051
4001 10.00 2.36944823
4401 10.00 2.36932445
4801 10.00 2.36941910
5201 10.00 2.36934123
5601 10.00 2.36945577
6001 10.00 2.36932921
6401 10.00 2.36930861
6801 10.00 2.36937609
7200 10.00 2.36940517
