1 12.00 2.30385303
2 14.00 2.30279112
3 16.00 2.30173969
4 18.00 2.30069494
5 18.00 2.29966116
6 21.00 2.29863596
7 21.00 2.29761195
8 21.00 2.29658580
9 22.00 2.29556561
10 23.00 2.29454637
11 27.00 2.29352713
12 27.00 2.29251099
13 28.00 2.29149914
14 29.00 2.29048681
15 31.00 2.28947353
16 33.00 2.28845501
17 33.00 2.28743243
18 34.00 2.28640509
19 35.00 2.28537750
20 37.00 2.28434682
21 37.00 2.28331184
22 40.00 2.28227258
23 40.00 2.28122234
24 42.00 2.28015971
25 42.00 2.27908468
26 42.00 2.27799511
27 44.00 2.27689552
28 46.00 2.27578425
29 48.00 2.27466011
30 49.00 2.27352357
31 50.00 2.27237797
32 52.00 2.27122211
33 52.00 2.27005100
34 54.00 2.26886535
35 56.00 2.26766491
36 57.00 2.26644588
37 58.00 2.26520872
38 59.00 2.26395130
39 59.00 2.26267433
40 60.00 2.26137686
41 60.00 2.26005960
42 61.00 2.25871801
43 62.00 2.25734735
44 63.00 2.25595117
45 63.00 2.25452995
46 64.00 2.25308061
47 65.00 2.25160360
48 66.00 2.25009727
49 65.00 2.24856162
50 67.00 2.24699616
51 68.00 2.24539590
52 69.00 2.24376535
53 70.00 2.24210024
54 70.00 2.24040079
55 70.00 2.23865986
56 70.00 2.23687840
57 70.00 2.23506165
58 70.00 2.23320174
59 70.00 2.23130274
60 69.00 2.22936320
61 70.00 2.22737980
62 70.00 2.22534871
63 70.00 2.22326946
64 70.00 2.22113895
65 70.00 2.21895504
66 70.00 2.21671534
67 71.00 2.21441245
68 72.00 2.21204758
69 72.00 2.20961952
70 72.00 2.20712686
71 73.00 2.20457101
72 73.00 2.20194435
73 73.00 2.19924331
74 73.00 2.19646645
75 73.00 2.19361138
76 74.00 2.19067216
77 73.00 2.18764663
78 73.00 2.18453646
79 74.00 2.18134570
80 74.00 2.17806101
81 74.00 2.17468214
82 74.00 2.17120123
83 73.00 2.16761303
84 73.00 2.16390705
85 74.00 2.16008949
86 74.00 2.15615129
87 74.00 2.15208745
88 74.00 2.14790344
89 74.00 2.14358759
90 74.00 2.13912821
91 74.00 2.13452315
92 74.00 2.12978077
93 72.00 2.12488842
94 72.00 2.11982751
95 72.00 2.11459517
96 72.00 2.10919213
97 71.00 2.10360742
98 71.00 2.09784079
99 72.00 2.09188390
100 72.00 2.08572030
101 72.00 2.07934594
102 72.00 2.07275558
103 72.00 2.06594157
104 71.00 2.05890298
105 71.00 2.05163217
106 71.00 2.04410505
107 71.00 2.03632784
108 71.00 2.02828526
109 71.00 2.01997352
110 71.00 2.01138115
111 71.00 2.00249457
112 71.00 1.99330568
113 71.00 1.98378694
114 71.00 1.97394240
115 72.00 1.96375668
116 72.00 1.95322740
117 72.00 1.94235086
118 72.00 1.93110752
119 72.00 1.91948390
120 72.00 1.90749288
121 75.00 1.89512181
122 75.00 1.88235211
123 76.00 1.86916780
124 75.00 1.85556746
125 75.00 1.84154463
126 76.00 1.82710361
127 76.00 1.81223452
128 77.00 1.79694295
129 77.00 1.78122318
130 77.00 1.76504958
131 77.00 1.74844575
132 78.00 1.73142517
133 79.00 1.71398711
134 80.00 1.69612324
135 80.00 1.67786038
136 80.00 1.65921438
137 80.00 1.64019597
138 80.00 1.62080920
139 80.00 1.60109222
140 80.00 1.58104551
141 80.00 1.56067801
142 80.00 1.54001069
143 81.00 1.51906550
144 81.00 1.49788070
145 81.00 1.47646391
146 81.00 1.45482039
147 81.00 1.43297267
148 82.00 1.41097021
149 82.00 1.38882971
150 83.00 1.36656797
151 83.00 1.34421253
152 83.00 1.32176769
153 84.00 1.29925048
154 85.00 1.27669048
155 85.00 1.25412083
156 86.00 1.23155415
157 86.00 1.20902538
158 86.00 1.18653500
159 87.00 1.16411853
160 87.00 1.14180398
161 87.00 1.11960840
162 87.00 1.09756613
163 87.00 1.07567251
164 88.00 1.05397105
165 89.00 1.03246641
166 89.00 1.01114833
167 89.00 0.99005705
168 89.00 0.96921957
169 89.00 0.94864291
170 89.00 0.92835832
171 89.00 0.90838069
172 90.00 0.88872415
173 90.00 0.86940295
174 90.00 0.85042977
175 90.00 0.83181769
176 90.00 0.81357020
177 90.00 0.79570061
178 90.00 0.77821076
179 90.00 0.76110506
180 90.00 0.74438989
181 90.00 0.72807372
182 91.00 0.71215385
183 91.00 0.69662440
184 91.00 0.68148255
185 91.00 0.66672003
186 92.00 0.65233260
187 93.00 0.63831437
188 92.00 0.62466532
189 92.00 0.61137170
190 92.00 0.59843296
191 92.00 0.58583206
192 91.00 0.57356465
193 92.00 0.56161100
194 92.00 0.54997170
195 93.00 0.53862256
196 93.00 0.52756393
197 93.00 0.51678598
198 93.00 0.50627995
199 93.00 0.49603382
200 93.00 0.48604041
201 93.00 0.47628987
202 93.00 0.46676606
203 93.00 0.45747107
204 93.00 0.44839501
205 94.00 0.43952763
206 95.00 0.43085817
207 95.00 0.42238277
208 95.00 0.41410226
209 95.00 0.40600708
210 95.00 0.39808598
211 95.00 0.39033809
212 95.00 0.38275287
213 95.00 0.37533066
214 96.00 0.36806190
215 96.00 0.36093730
216 96.00 0.35395128
217 96.00 0.34710819
218 96.00 0.34040406
219 96.00 0.33383614
220 96.00 0.32740578
221 96.00 0.32110336
222 96.00 0.31492475
223 96.00 0.30887350
224 96.00 0.30294496
225 96.00 0.29713136
226 96.00 0.29143316
227 96.00 0.28585127
228 97.00 0.28038177
229 97.00 0.27502546
230 97.00 0.26977003
231 98.00 0.26463032
232 98.00 0.25958645
233 98.00 0.25464940
234 98.00 0.24981083
235 98.00 0.24507219
236 98.00 0.24042918
237 98.00 0.23588085
238 98.00 0.23142262
239 98.00 0.22705799
240 98.00 0.22278196
241 98.00 0.21859613
242 98.00 0.21449879
243 98.00 0.21048526
244 98.00 0.20655841
245 98.00 0.20271295
246 98.00 0.19895279
247 98.00 0.19526911
248 98.00 0.19166210
249 98.00 0.18813132
250 98.00 0.18467508
251 98.00 0.18129410
252 98.00 0.17798470
253 99.00 0.17474794
254 99.00 0.17158119
255 99.00 0.16847794
256 99.00 0.16544589
257 99.00 0.16247812
258 99.00 0.15957738
259 99.00 0.15673926
260 99.00 0.15396473
261 100.00 0.15125009
262 100.00 0.14859445
263 100.00 0.14598954
264 100.00 0.14344458
265 100.00 0.14095695
266 100.00 0.13852260
267 100.00 0.13614233
268 100.00 0.13381919
269 100.00 0.13154399
270 100.00 0.12932342
271 100.00 0.12714782
272 100.00 0.12502280
273 100.00 0.12294317
274 100.00 0.12090932
275 100.00 0.11892036
276 100.00 0.11697319
277 100.00 0.11506871
278 100.00 0.11320500
279 100.00 0.11138195
280 100.00 0.10959983
281 100.00 0.10785770
282 100.00 0.10615204
283 100.00 0.10448429
284 100.00 0.10285271
285 100.00 0.10125698
286 100.00 0.09969678
287 100.00 0.09816678
288 100.00 0.09667343
289 100.00 0.09521097
290 100.00 0.09377817
291 100.00 0.09237514
292 100.00 0.09100184
293 100.00 0.08965644
294 100.00 0.08833976
295 100.00 0.08705146
296 100.00 0.08578991
297 100.00 0.08455389
298 100.00 0.08334096
299 100.00 0.08215351
300 100.00 0.08098906
301 100.00 0.07984979
302 100.00 0.07873450
303 100.00 0.07764307
304 100.00 0.07657313
305 100.00 0.07552451
306 100.00 0.07449787
307 100.00 0.07349095
308 100.00 0.07250705
309 100.00 0.07154052
310 100.00 0.07059465
311 100.00 0.06966696
312 100.00 0.06875888
313 100.00 0.06786773
314 100.00 0.06699400
315 100.00 0.06613818
316 100.00 0.06529867
317 100.00 0.06447449
318 100.00 0.06366765
319 100.00 0.06287587
320 100.00 0.06209865
321 100.00 0.06133699
322 100.00 0.06058931
323 100.00 0.05985520
324 100.00 0.05913567
325 100.00 0.05842914
326 100.00 0.05773654
327 100.00 0.05705626
328 100.00 0.05638992
329 100.00 0.05573456
330 100.00 0.05509186
331 100.00 0.05446118
332 100.00 0.05384177
333 100.00 0.05323258
334 100.00 0.05263543
335 100.00 0.05204848
336 100.00 0.05147214
337 100.00 0.05090632
338 100.00 0.05034988
339 100.00 0.04980345
340 100.00 0.04926629
341 100.00 0.04873926
342 100.00 0.04822032
343 100.00 0.04771107
344 100.00 0.04720998
345 100.00 0.04671741
346 100.00 0.04623289
347 100.00 0.04575737
348 100.00 0.04528895
349 100.00 0.04482833
350 100.00 0.04437593
351 100.00 0.04393047
352 100.00 0.04349240
353 100.00 0.04306192
354 100.00 0.04263799
355 100.00 0.04222024
356 100.00 0.04181032
357 100.00 0.04140645
358 100.00 0.04100854
359 100.00 0.04061763
360 100.00 0.04023228
361 100.00 0.03985305
362 100.00 0.03948008
363 100.00 0.03911224
364 100.00 0.03875033
365 100.00 0.03839401
366 100.00 0.03804354
367 100.00 0.03769775
368 100.00 0.03735768
369 100.00 0.03702271
370 100.00 0.03669241
371 100.00 0.03636744
372 100.00 0.03604706
373 100.00 0.03573129
374 100.00 0.03542070
375 100.00 0.03511448
376 100.00 0.03481260
377 100.00 0.03451515
378 100.00 0.03422175
379 100.00 0.03393267
380 100.00 0.03364804
381 100.00 0.03336685
382 100.00 0.03309000
383 100.00 0.03281705
384 100.00 0.03254775
385 100.00 0.03228239
386 100.00 0.03202051
387 100.00 0.03176248
388 100.00 0.03150796
389 100.00 0.03125669
390 100.00 0.03100916
391 100.00 0.03076466
392 100.00 0.03052386
393 100.00 0.03028616
394 100.00 0.03005134
395 100.00 0.02981981
396 100.00 0.02959133
397 100.00 0.02936595
398 100.00 0.02914314
399 100.00 0.02892309
400 100.00 0.02870628
401 100.00 0.02849189
501 100.00 0.01583156
601 100.00 0.01074779
701 100.00 0.00813499
801 100.00 0.00658538
901 100.00 0.00557794
1001 100.00 0.00487962
1101 100.00 0.00437272
1201 100.00 0.00399190
1301 100.00 0.00369821
1401 100.00 0.00346669
1501 100.00 0.00328091
1601 100.00 0.00312966
1701 100.00 0.00300519
1801 100.00 0.00290167
1901 100.00 0.00281484
2001 100.00 0.00274151
2101 100.00 0.00267913
2201 100.00 0.00262577
2301 100.00 0.00257994
2401 100.00 0.00254043
2501 100.00 0.00250625
2601 100.00 0.00247657
2701 100.00 0.00245073
2801 100.00 0.00242810
2901 100.00 0.00240835
3001 100.00 0.00239104
3101 100.00 0.00237585
3201 100.00 0.00236247
3301 100.00 0.00235059
3401 100.00 0.00234006
3501 100.00 0.00233069
3601 100.00 0.00232246
3701 100.00 0.00231513
3801 100.00 0.00230862
3901 100.00 0.00230279
4001 100.00 0.00229756
4101 100.00 0.00229288
4201 100.00 0.00228869
4301 100.00 0.00228492
4401 100.00 0.00228150
4501 100.00 0.00227835
4601 100.00 0.00227549
4701 100.00 0.00227281
4801 100.00 0.00227033
4901 100.00 0.00226803
5001 100.00 0.00226589
5101 100.00 0.00226393
5201 100.00 0.00226209
5301 100.00 0.00226033
5401 100.00 0.00225865
5501 100.00 0.00225702
5601 100.00 0.00225545
5701 100.00 0.00225391
5801 100.00 0.00225243
5901 100.00 0.00225098
6001 100.00 0.00224960
6101 100.00 0.00224823
6201 100.00 0.00224689
6301 100.00 0.00224559
6401 100.00 0.00224427
6501 100.00 0.00224298
6601 100.00 0.00224169
6701 100.00 0.00224040
6801 100.00 0.00223917
6901 100.00 0.00223800
7001 100.00 0.00223686
7101 100.00 0.00223572
7201 100.00 0.00223456
7301 100.00 0.00223342
7401 100.00 0.00223227
7501 100.00 0.00223110
7601 100.00 0.00222996
7701 100.00 0.00222880
7801 100.00 0.00222767
7901 100.00 0.00222652
8001 100.00 0.00222537
8101 100.00 0.00222421
8201 100.00 0.00222305
8301 100.00 0.00222193
8401 100.00 0.00222080
8501 100.00 0.00221966
8601 100.00 0.00221851
8701 100.00 0.00221734
8801 100.00 0.00221617
8901 100.00 0.00221502
9001 100.00 0.00221385
9101 100.00 0.00221264
9201 100.00 0.00221147
9301 100.00 0.00221030
9401 100.00 0.00220917
9501 100.00 0.00220802
9601 100.00 0.00220690
9701 100.00 0.00220574
9801 100.00 0.00220459
9901 100.00 0.00220348
10001 100.00 0.00220232
10101 100.00 0.00220119
10201 100.00 0.00220008
10301 100.00 0.00219899
10401 100.00 0.00219788
10501 100.00 0.00219672
10601 100.00 0.00219556
10701 100.00 0.00219443
10801 100.00 0.00219331
10901 100.00 0.00219218
11001 100.00 0.00219107
11101 100.00 0.00218995
11201 100.00 0.00218886
11301 100.00 0.00218778
11401 100.00 0.00218671
11501 100.00 0.00218563
11601 100.00 0.00218454
11701 100.00 0.00218347
11801 100.00 0.00218237
11901 100.00 0.00218132
12001 100.00 0.00218024
12101 100.00 0.00217916
12201 100.00 0.00217808
12301 100.00 0.00217702
12401 100.00 0.00217595
12501 100.00 0.00217488
12601 100.00 0.00217380
12701 100.00 0.00217276
12801 100.00 0.00217170
12901 100.00 0.00217061
13001 100.00 0.00216955
13101 100.00 0.00216846
13201 100.00 0.00216743
13301 100.00 0.00216639
13401 100.00 0.00216538
13501 100.00 0.00216437
13601 100.00 0.00216336
13701 100.00 0.00216235
13801 100.00 0.00216136
13901 100.00 0.00216036
14001 100.00 0.00215936
14101 100.00 0.00215838
14201 100.00 0.00215737
14301 100.00 0.00215638
14401 100.00 0.00215540
14501 100.00 0.00215442
14601 100.00 0.00215344
14701 100.00 0.00215247
14801 100.00 0.00215146
14901 100.00 0.00215048
15001 100.00 0.00214947
15101 100.00 0.00214846
15201 100.00 0.00214748
15301 100.00 0.00214647
15401 100.00 0.00214549
15501 100.00 0.00214453
15601 100.00 0.00214354
15701 100.00 0.00214258
15801 100.00 0.00214164
15901 100.00 0.00214070
16001 100.00 0.00213976
16101 100.00 0.00213885
16201 100.00 0.00213794
16301 100.00 0.00213702
16401 100.00 0.00213612
16501 100.00 0.00213522
16601 100.00 0.00213432
16701 100.00 0.00213342
16801 100.00 0.00213250
16901 100.00 0.00213160
17001 100.00 0.00213069
17101 100.00 0.00212978
17201 100.00 0.00212887
17301 100.00 0.00212793
17401 100.00 0.00212699
17501 100.00 0.00212605
17601 100.00 0.00212511
17701 100.00 0.00212418
17801 100.00 0.00212327
17901 100.00 0.00212235
18001 100.00 0.00212146
18101 100.00 0.00212059
18201 100.00 0.00211971
18301 100.00 0.00211884
18401 100.00 0.00211797
18501 100.00 0.00211711
18601 100.00 0.00211626
18701 100.00 0.00211540
18801 100.00 0.00211455
18901 100.00 0.00211368
19001 100.00 0.00211282
19101 100.00 0.00211200
19201 100.00 0.00211114
19301 100.00 0.00211030
19401 100.00 0.00210947
19501 100.00 0.00210864
19601 100.00 0.00210780
19701 100.00 0.00210697
19801 100.00 0.00210613
19901 100.00 0.00210531
20001 100.00 0.00210448
20101 100.00 0.00210366
20201 100.00 0.00210285
20301 100.00 0.00210203
20401 100.00 0.00210122
20501 100.00 0.00210042
20601 100.00 0.00209959
20701 100.00 0.00209880
20801 100.00 0.00209798
20901 100.00 0.00209719
21001 100.00 0.00209638
21101 100.00 0.00209559
21201 100.00 0.00209480
21301 100.00 0.00209401
21401 100.00 0.00209323
21501 100.00 0.00209244
21601 100.00 0.00209165
21701 100.00 0.00209086
21801 100.00 0.00209008
21901 100.00 0.00208931
22001 100.00 0.00208854
22101 100.00 0.00208776
22201 100.00 0.00208701
22301 100.00 0.00208625
22401 100.00 0.00208549
22501 100.00 0.00208475
22601 100.00 0.00208400
22701 100.00 0.00208329
22801 100.00 0.00208254
22901 100.00 0.00208180
23001 100.00 0.00208109
23101 100.00 0.00208035
23201 100.00 0.00207964
23301 100.00 0.00207891
23401 100.00 0.00207819
23501 100.00 0.00207747
23601 100.00 0.00207674
23701 100.00 0.00207603
23801 100.00 0.00207530
23901 100.00 0.00207458
24000 100.00 0.00207385
