1 40.65 2.23213615
41 100.00 0.00422776
81 100.00 0.00145011
121 100.00 0.00082610
161 100.00 0.00056375
201 100.00 0.00042174
241 100.00 0.00033401
281 100.00 0.00027488
321 100.00 0.00023248
361 100.00 0.00020071
401 100.00 0.00017611
441 100.00 0.00015656
481 100.00 0.00014067
521 100.00 0.00012753
561 100.00 0.00011650
601 100.00 0.00010712
641 100.00 0.00009904
681 100.00 0.00009203
721 100.00 0.00008588
761 100.00 0.00008045
801 100.00 0.00007562
841 100.00 0.00007130
881 100.00 0.00006743
921 100.00 0.00006392
961 100.00 0.00006074
1001 100.00 0.00005784
1041 100.00 0.00005519
1081 100.00 0.00005276
1121 100.00 0.00005051
1161 100.00 0.00004844
1200 100.00 0.00004657
