1 9.76 2.30217807
2 10.08 2.30184536
3 10.02 2.30144250
4 10.02 2.30119532
5 10.06 2.30090822
6 10.04 2.30059398
7 10.04 2.30027496
8 10.04 2.29989321
9 10.04 2.29962407
10 10.12 2.29927547
11 10.12 2.29892688
12 10.12 2.29851079
13 10.20 2.29821417
25 22.10 2.29239563
37 31.58 2.27991538
49 29.68 2.23765968
61 21.30 1.97730730
73 47.56 1.35608122
85 57.12 1.05771001
97 58.62 0.94777800
109 64.72 0.91897837
121 68.06 0.79719563
133 66.86 0.90486982
145 73.28 0.71573720
157 73.90 0.70218385
169 72.40 0.70095335
181 74.08 0.68748616
193 76.66 0.64083406
205 78.86 0.58104495
217 79.02 0.55712842
229 81.18 0.53011123
241 77.74 0.56846233
253 79.46 0.52899521
265 80.52 0.51117570
277 83.26 0.45545225
289 84.70 0.42289753
301 78.02 0.55833182
313 81.56 0.47685487
325 81.98 0.48464153
337 86.30 0.38493733
349 86.36 0.36879358
361 78.88 0.55303669
373 89.16 0.30035034
385 89.16 0.30366904
397 89.10 0.30225082
409 91.12 0.26229943
421 91.34 0.24988995
433 88.80 0.30960578
445 88.88 0.30180161
457 92.86 0.21905683
469 91.36 0.23038786
481 88.84 0.31846981
493 94.14 0.17786595
505 93.34 0.20024334
517 93.24 0.19507373
529 95.24 0.15097149
541 95.14 0.14363682
553 94.80 0.15261941
565 68.02 1.07137526
577 95.90 0.12608720
589 96.00 0.11732930
601 97.08 0.09916753
613 96.96 0.10220895
625 97.28 0.09128177
637 97.46 0.08557462
649 98.16 0.07173981
661 97.14 0.08951319
673 98.42 0.05751617
685 90.86 0.23607911
697 98.46 0.05348554
709 99.20 0.04398907
721 98.88 0.04799603
733 99.54 0.03280459
745 99.76 0.02441021
757 99.64 0.02971729
769 98.54 0.06047659
781 99.80 0.02190623
793 99.92 0.01581320
805 99.92 0.01369548
817 99.94 0.01178883
829 99.94 0.01075414
841 99.94 0.00882277
853 99.94 0.00836697
865 99.94 0.00717247
877 99.94 0.00619669
889 99.96 0.00577877
901 100.00 0.00559227
913 99.98 0.00475741
925 100.00 0.00438749
937 100.00 0.00407632
949 100.00 0.00358822
961 100.00 0.00330353
973 100.00 0.00311287
985 100.00 0.00287356
997 100.00 0.00262664
1009 100.00 0.00249742
1021 100.00 0.00234145
1033 100.00 0.00218514
1045 100.00 0.00204585
1057 100.00 0.00199244
1069 100.00 0.00183958
1081 100.00 0.00178883
1093 100.00 0.00167074
1105 100.00 0.00160618
1117 100.00 0.00152254
1129 100.00 0.00146123
1141 100.00 0.00138556
1153 100.00 0.00135032
1165 100.00 0.00128558
1177 100.00 0.00123452
1189 100.00 0.00117933
1200 100.00 0.00116143
