1 40.82 2.27612817
2 24.58 1.70685832
3 28.00 2.17089719
4 44.14 1.39092847
5 32.04 2.16706233
6 60.61 1.25197326
7 54.41 1.09110538
13 71.60 0.78165153
19 78.51 0.61662392
25 70.95 0.68898190
31 82.93 0.44983827
37 77.73 0.51701046
43 77.11 0.69129931
49 87.61 0.33406453
55 87.94 0.31721649
61 84.70 0.40573048
67 83.25 0.41774692
73 82.47 0.50307878
79 70.50 1.02509983
85 91.78 0.21943220
91 90.75 0.26118142
97 81.24 0.96157864
103 73.90 1.37347417
109 69.52 1.48000598
115 70.46 0.78941584
121 86.25 0.37915338
127 79.77 0.76287849
133 87.26 0.34808939
139 77.26 2.15428968
145 87.23 0.48069662
151 92.38 0.20408176
157 74.51 1.41669493
163 89.98 0.26768060
169 75.05 1.31638041
175 78.08 0.98790544
181 83.53 0.57548000
187 91.30 0.23831766
193 97.17 0.08197618
199 92.21 0.25666332
205 94.82 0.14603724
211 91.24 0.23494330
217 96.88 0.08348684
223 95.74 0.12517870
229 84.31 0.84434732
235 83.72 0.70372048
241 83.53 0.70964509
247 92.25 0.21929469
253 80.22 0.83887303
259 95.93 0.10816372
265 97.93 0.06544674
271 97.43 0.07022612
277 85.91 0.57216684
283 98.33 0.05369737
289 61.43 2.43323334
295 98.10 0.05708059
301 94.77 0.16212764
307 98.24 0.05593725
313 97.94 0.05556573
319 99.05 0.03610222
325 90.23 0.34055003
331 99.04 0.03047484
337 98.33 0.04566751
343 99.14 0.03115922
349 95.31 0.12319042
355 91.23 0.46220825
361 82.84 0.91003342
367 98.56 0.03982598
373 99.24 0.02368706
379 75.89 1.73394047
385 87.60 0.53612243
391 98.40 0.04437978
397 99.43 0.02236366
403 98.55 0.04359232
409 75.93 2.04278499
415 91.17 0.31917963
421 98.23 0.05901649
427 91.43 0.31470220
433 98.61 0.04155487
439 99.69 0.01423152
445 99.05 0.02984179
451 99.07 0.02932445
457 83.83 0.64513858
463 96.83 0.09120817
469 98.46 0.05677266
475 98.35 0.06124272
481 99.90 0.00571180
487 98.80 0.03498922
493 89.18 0.38699082
499 99.74 0.01155615
505 99.48 0.02024672
511 99.11 0.02712239
517 96.38 0.14867668
523 99.28 0.02454679
529 99.46 0.01776258
535 99.21 0.02258836
541 99.87 0.00700655
547 99.98 0.00264466
553 74.78 1.42904051
559 99.56 0.01640959
565 99.48 0.02448397
571 99.17 0.02829325
577 99.95 0.00405391
583 99.97 0.00312440
589 99.93 0.00334632
595 100.00 0.00150129
600 99.99 0.00139515
