1 10.00 2.30153626
2 10.00 2.30074424
3 10.00 2.30001199
4 10.00 2.29929858
5 19.00 2.29852593
6 23.00 2.29775894
7 27.00 2.29696584
8 27.00 2.29611576
9 32.00 2.29520339
10 36.00 2.29421365
11 38.00 2.29311657
12 43.00 2.29190928
13 61.00 2.29060167
14 63.00 2.28913683
15 62.00 2.28754538
16 71.00 2.28573149
17 72.00 2.28364795
18 78.00 2.28133243
19 81.00 2.27858800
20 83.00 2.27542150
21 82.00 2.27187133
41 49.00 1.35425928
61 100.00 0.16612983
81 100.00 0.01306290
101 100.00 0.00350572
121 100.00 0.00187607
141 100.00 0.00124520
161 100.00 0.00091650
181 100.00 0.00071707
201 100.00 0.00058514
221 100.00 0.00049187
241 100.00 0.00042259
261 100.00 0.00036924
281 100.00 0.00032720
301 100.00 0.00029336
321 100.00 0.00026533
341 100.00 0.00024186
361 100.00 0.00022195
381 100.00 0.00020487
401 100.00 0.00019008
421 100.00 0.00017714
441 100.00 0.00016572
461 100.00 0.00015556
481 100.00 0.00014652
501 100.00 0.00013840
521 100.00 0.00013107
541 100.00 0.00012442
561 100.00 0.00011838
581 100.00 0.00011285
601 100.00 0.00010781
621 100.00 0.00010314
641 100.00 0.00009886
661 100.00 0.00009488
681 100.00 0.00009118
701 100.00 0.00008774
721 100.00 0.00008453
741 100.00 0.00008154
761 100.00 0.00007874
781 100.00 0.00007611
801 100.00 0.00007364
821 100.00 0.00007132
841 100.00 0.00006913
861 100.00 0.00006706
881 100.00 0.00006509
901 100.00 0.00006323
921 100.00 0.00006148
941 100.00 0.00005981
961 100.00 0.00005822
981 100.00 0.00005671
1001 100.00 0.00005528
1021 100.00 0.00005390
1041 100.00 0.00005258
1061 100.00 0.00005134
1081 100.00 0.00005014
1101 100.00 0.00004899
1121 100.00 0.00004790
1141 100.00 0.00004684
1161 100.00 0.00004583
1181 100.00 0.00004487
1201 100.00 0.00004393
1221 100.00 0.00004303
1241 100.00 0.00004217
1261 100.00 0.00004133
1281 100.00 0.00004053
1301 100.00 0.00003974
1321 100.00 0.00003899
1341 100.00 0.00003828
1361 100.00 0.00003758
1381 100.00 0.00003690
1401 100.00 0.00003625
1421 100.00 0.00003561
1441 100.00 0.00003501
1461 100.00 0.00003441
1481 100.00 0.00003383
1501 100.00 0.00003328
1521 100.00 0.00003274
1541 100.00 0.00003222
1561 100.00 0.00003172
1581 100.00 0.00003123
1601 100.00 0.00003076
1621 100.00 0.00003028
1641 100.00 0.00002984
1661 100.00 0.00002939
1681 100.00 0.00002897
1701 100.00 0.00002855
1721 100.00 0.00002815
1741 100.00 0.00002776
1761 100.00 0.00002736
1781 100.00 0.00002701
1801 100.00 0.00002664
1821 100.00 0.00002628
1841 100.00 0.00002593
1861 100.00 0.00002559
1881 100.00 0.00002526
1901 100.00 0.00002494
1921 100.00 0.00002463
1941 100.00 0.00002432
1961 100.00 0.00002403
1981 100.00 0.00002372
2001 100.00 0.00002345
2021 100.00 0.00002316
2041 100.00 0.00002289
2061 100.00 0.00002262
2081 100.00 0.00002236
2101 100.00 0.00002211
2121 100.00 0.00002185
2141 100.00 0.00002160
2161 100.00 0.00002137
2181 100.00 0.00002114
2201 100.00 0.00002090
2221 100.00 0.00002068
2241 100.00 0.00002046
2261 100.00 0.00002024
2281 100.00 0.00002003
2301 100.00 0.00001982
2321 100.00 0.00001962
2341 100.00 0.00001941
2361 100.00 0.00001921
2381 100.00 0.00001902
2401 100.00 0.00001882
2421 100.00 0.00001863
2441 100.00 0.00001845
2461 100.00 0.00001827
2481 100.00 0.00001810
2501 100.00 0.00001793
2521 100.00 0.00001777
2541 100.00 0.00001759
2561 100.00 0.00001743
2581 100.00 0.00001727
2601 100.00 0.00001711
2621 100.00 0.00001696
2641 100.00 0.00001680
2661 100.00 0.00001665
2681 100.00 0.00001651
2701 100.00 0.00001636
2721 100.00 0.00001622
2741 100.00 0.00001607
2761 100.00 0.00001594
2781 100.00 0.00001579
2801 100.00 0.00001566
2821 100.00 0.00001553
2841 100.00 0.00001540
2861 100.00 0.00001527
2881 100.00 0.00001515
2901 100.00 0.00001502
2921 100.00 0.00001490
2941 100.00 0.00001478
2961 100.00 0.00001466
2981 100.00 0.00001454
3001 100.00 0.00001443
3021 100.00 0.00001432
3041 100.00 0.00001420
3061 100.00 0.00001410
3081 100.00 0.00001398
3101 100.00 0.00001387
3121 100.00 0.00001377
3141 100.00 0.00001366
3161 100.00 0.00001356
3181 100.00 0.00001346
3201 100.00 0.00001336
3221 100.00 0.00001326
3241 100.00 0.00001317
3261 100.00 0.00001307
3281 100.00 0.00001298
3301 100.00 0.00001288
3321 100.00 0.00001279
3341 100.00 0.00001270
3361 100.00 0.00001261
3381 100.00 0.00001252
3401 100.00 0.00001243
3421 100.00 0.00001234
3441 100.00 0.00001226
3461 100.00 0.00001218
3481 100.00 0.00001210
3501 100.00 0.00001201
3521 100.00 0.00001193
3541 100.00 0.00001185
3561 100.00 0.00001178
3581 100.00 0.00001170
3601 100.00 0.00001162
3621 100.00 0.00001154
3641 100.00 0.00001148
3661 100.00 0.00001140
3681 100.00 0.00001132
3701 100.00 0.00001124
3721 100.00 0.00001118
3741 100.00 0.00001111
3761 100.00 0.00001104
3781 100.00 0.00001098
3801 100.00 0.00001090
3821 100.00 0.00001084
3841 100.00 0.00001077
3861 100.00 0.00001070
3881 100.00 0.00001064
3901 100.00 0.00001057
3921 100.00 0.00001051
3941 100.00 0.00001045
3961 100.00 0.00001039
3981 100.00 0.00001032
4001 100.00 0.00001026
4021 100.00 0.00001020
4041 100.00 0.00001014
4061 100.00 0.00001008
4081 100.00 0.00001003
4101 100.00 0.00000997
4121 100.00 0.00000991
4141 100.00 0.00000985
4161 100.00 0.00000980
4181 100.00 0.00000974
4201 100.00 0.00000969
4221 100.00 0.00000964
4241 100.00 0.00000958
4261 100.00 0.00000953
4281 100.00 0.00000948
4301 100.00 0.00000943
4321 100.00 0.00000938
4341 100.00 0.00000932
4361 100.00 0.00000928
4381 100.00 0.00000923
4401 100.00 0.00000917
4421 100.00 0.00000912
4441 100.00 0.00000907
4461 100.00 0.00000903
4481 100.00 0.00000899
4501 100.00 0.00000894
4521 100.00 0.00000889
4541 100.00 0.00000885
4561 100.00 0.00000880
4581 100.00 0.00000876
4601 100.00 0.00000871
4621 100.00 0.00000867
4641 100.00 0.00000862
4661 100.00 0.00000858
4681 100.00 0.00000854
4701 100.00 0.00000849
4721 100.00 0.00000845
4741 100.00 0.00000841
4761 100.00 0.00000837
4781 100.00 0.00000833
4801 100.00 0.00000829
4821 100.00 0.00000825
4841 100.00 0.00000821
4861 100.00 0.00000816
4881 100.00 0.00000813
4901 100.00 0.00000809
4921 100.00 0.00000806
4941 100.00 0.00000802
4961 100.00 0.00000797
4981 100.00 0.00000794
5001 100.00 0.00000790
5021 100.00 0.00000787
5041 100.00 0.00000782
5061 100.00 0.00000778
5081 100.00 0.00000775
5101 100.00 0.00000771
5121 100.00 0.00000767
5141 100.00 0.00000764
5161 100.00 0.00000761
5181 100.00 0.00000757
5201 100.00 0.00000754
5221 100.00 0.00000751
5241 100.00 0.00000747
5261 100.00 0.00000743
5281 100.00 0.00000741
5301 100.00 0.00000737
5321 100.00 0.00000734
5341 100.00 0.00000731
5361 100.00 0.00000729
5381 100.00 0.00000725
5401 100.00 0.00000722
5421 100.00 0.00000719
5441 100.00 0.00000715
5461 100.00 0.00000712
5481 100.00 0.00000710
5501 100.00 0.00000707
5521 100.00 0.00000704
5541 100.00 0.00000701
5561 100.00 0.00000698
5581 100.00 0.00000695
5601 100.00 0.00000692
5621 100.00 0.00000689
5641 100.00 0.00000686
5661 100.00 0.00000684
5681 100.00 0.00000680
5701 100.00 0.00000678
5721 100.00 0.00000675
5741 100.00 0.00000671
5761 100.00 0.00000669
5781 100.00 0.00000666
5801 100.00 0.00000663
5821 100.00 0.00000661
5841 100.00 0.00000658
5861 100.00 0.00000656
5881 100.00 0.00000653
5901 100.00 0.00000651
5921 100.00 0.00000648
5941 100.00 0.00000645
5961 100.00 0.00000643
5981 100.00 0.00000641
6000 100.00 0.00000639
