1 10.00 2.29864330
21 57.40 1.06255116
41 73.00 0.61373807
61 73.40 0.78202505
81 88.00 0.27856706
101 89.80 0.28001303
121 97.40 0.10826429
141 97.20 0.11819530
161 97.20 0.10897746
181 94.60 0.14132108
201 98.80 0.05504043
221 90.60 0.43468515
241 97.20 0.10132280
261 100.00 0.00235416
281 100.00 0.00098653
301 100.00 0.00062265
321 100.00 0.00045837
341 100.00 0.00036199
361 100.00 0.00029813
381 100.00 0.00025320
401 100.00 0.00021979
421 100.00 0.00019414
441 100.00 0.00017380
461 100.00 0.00015697
481 100.00 0.00014308
501 100.00 0.00013141
521 100.00 0.00012137
541 100.00 0.00011272
561 100.00 0.00010516
581 100.00 0.00009846
601 100.00 0.00009254
621 100.00 0.00008728
641 100.00 0.00008255
661 100.00 0.00007833
681 100.00 0.00007449
701 100.00 0.00007100
721 100.00 0.00006779
741 100.00 0.00006486
761 100.00 0.00006215
781 100.00 0.00005963
801 100.00 0.00005729
821 100.00 0.00005511
841 100.00 0.00005309
861 100.00 0.00005121
881 100.00 0.00004945
901 100.00 0.00004781
921 100.00 0.00004627
941 100.00 0.00004480
960 100.00 0.00004347
