1 23.80 2.29801078
2 36.50 2.28825087
3 27.70 2.24415384
4 28.90 1.84998650
5 46.00 1.47826585
6 61.20 1.02263527
7 72.90 0.87757616
8 66.50 0.82830196
9 87.00 0.45390052
10 75.60 0.64377405
11 90.40 0.32789118
12 91.50 0.26709367
13 96.70 0.13220340
14 98.50 0.10158717
15 99.30 0.05409077
16 99.30 0.03778719
17 99.70 0.01810992
18 99.60 0.02089536
19 99.90 0.01161827
20 100.00 0.00396761
21 100.00 0.00278914
22 100.00 0.00218483
23 100.00 0.00180502
24 100.00 0.00154641
25 100.00 0.00134412
26 100.00 0.00119181
27 100.00 0.00107648
28 100.00 0.00097388
29 100.00 0.00089781
30 100.00 0.00082527
31 100.00 0.00076338
32 100.00 0.00071298
33 100.00 0.00066602
34 100.00 0.00062795
35 100.00 0.00058996
36 100.00 0.00055919
37 100.00 0.00052969
38 100.00 0.00050258
39 100.00 0.00047868
40 100.00 0.00045757
41 100.00 0.00043718
61 100.00 0.00022795
81 100.00 0.00015066
101 100.00 0.00011111
121 100.00 0.00008725
141 100.00 0.00007142
161 100.00 0.00006020
181 100.00 0.00005188
201 100.00 0.00004546
221 100.00 0.00004037
241 100.00 0.00003624
261 100.00 0.00003283
281 100.00 0.00002997
301 100.00 0.00002755
321 100.00 0.00002546
341 100.00 0.00002365
361 100.00 0.00002207
381 100.00 0.00002066
401 100.00 0.00001942
421 100.00 0.00001832
441 100.00 0.00001733
461 100.00 0.00001642
481 100.00 0.00001561
501 100.00 0.00001486
521 100.00 0.00001418
541 100.00 0.00001356
561 100.00 0.00001298
581 100.00 0.00001245
600 100.00 0.00001198
