1 22.20 29.68452415
2 10.40 19.98738174
3 10.00 12.95199833
4 10.00 7.97684689
5 10.00 4.95494776
6 10.00 3.21986313
7 10.00 2.50889750
8 10.00 2.37085853
9 10.00 2.36976461
10 10.00 2.36948438
11 10.00 2.36937099
12 10.00 2.36933708
13 10.00 2.36929135
14 10.00 2.36934175
15 10.00 2.36927123
16 10.00 2.36923928
17 10.00 2.36923580
18 10.00 2.36931949
19 10.00 2.36933270
20 10.00 2.36925993
201 10.00 2.36928482
401 10.00 2.36936617
601 10.00 2.36925864
801 10.00 2.36939874
1001 10.00 2.36937857
1201 10.00 2.36932545
1401 10.00 2.36935430
1601 10.00 2.36935959
1801 10.00 2.36931052
2001 10.00 2.36927047
2201 10.00 2.36934204
2401 10.00 2.36938257
2601 10.00 2.36927333
2801 10.00 2.36924863
3001 10.00 2.36934915
3201 10.00 2.36925106
3401 10.00 2.36941347
3600 10.00 2.36935182
