1 18.00 2.29914260
2 20.00 2.29710561
3 20.00 2.29509348
4 22.00 2.29311013
5 23.00 2.29112887
6 27.00 2.28913301
7 30.00 2.28710425
8 34.00 2.28506380
9 37.00 2.28300565
10 36.00 2.28091764
11 36.00 2.27879924
12 36.00 2.27663171
13 37.00 2.27439511
14 39.00 2.27209359
15 39.00 2.26971734
16 39.00 2.26726353
17 39.00 2.26473051
18 40.00 2.26211089
19 40.00 2.25938183
20 40.00 2.25655556
21 41.00 2.25360411
22 40.00 2.25051105
23 37.00 2.24727935
24 38.00 2.24390244
25 38.00 2.24036503
26 37.00 2.23662573
27 38.00 2.23269123
28 39.00 2.22854447
29 38.00 2.22415233
30 38.00 2.21950471
31 39.00 2.21457738
32 39.00 2.20935351
33 39.00 2.20383531
34 38.00 2.19797009
35 39.00 2.19174767
36 39.00 2.18515068
37 40.00 2.17812777
38 41.00 2.17065114
39 41.00 2.16266209
40 42.00 2.15415013
41 42.00 2.14506602
42 42.00 2.13540947
43 41.00 2.12506944
44 42.00 2.11410397
45 42.00 2.10241175
46 41.00 2.09002286
47 42.00 2.07682526
48 43.00 2.06277168
49 48.00 2.04792523
50 49.00 2.03221413
51 52.00 2.01570168
52 53.00 1.99819624
53 54.00 1.97980481
54 56.00 1.96030256
55 58.00 1.93994612
56 57.00 1.91853461
57 60.00 1.89606184
58 61.00 1.87253556
59 61.00 1.84786755
60 63.00 1.82184288
61 66.00 1.79469776
62 66.00 1.76651776
63 67.00 1.73668933
64 70.00 1.70546734
65 70.00 1.67282578
66 71.00 1.63893536
67 71.00 1.60336670
68 74.00 1.56638083
69 76.00 1.52848411
70 79.00 1.48853263
71 81.00 1.44745278
72 79.00 1.40559658
73 83.00 1.36237139
74 84.00 1.31848681
75 86.00 1.27413601
76 85.00 1.22904763
77 85.00 1.18413657
78 85.00 1.13912606
79 85.00 1.09494022
80 87.00 1.05094384
81 86.00 1.00797302
82 88.00 0.96724747
83 89.00 0.92533682
84 90.00 0.88670160
85 93.00 0.84846219
86 93.00 0.81078701
87 94.00 0.77610041
88 94.00 0.74188842
89 93.00 0.71075061
90 94.00 0.68129972
91 93.00 0.65118226
92 94.00 0.62323402
93 95.00 0.59682193
94 96.00 0.57130952
95 96.00 0.54693683
96 96.00 0.52432349
97 96.00 0.50377493
98 97.00 0.48524214
99 96.00 0.46243971
100 96.00 0.44401304
101 96.00 0.42614876
201 100.00 0.02721293
301 100.00 0.00902466
401 100.00 0.00492125
501 100.00 0.00325324
601 100.00 0.00237843
701 100.00 0.00184985
801 100.00 0.00150005
901 100.00 0.00125345
1001 100.00 0.00107132
1101 100.00 0.00093192
1201 100.00 0.00082215
1301 100.00 0.00073373
1401 100.00 0.00066117
1501 100.00 0.00060065
1601 100.00 0.00054950
1701 100.00 0.00050576
1801 100.00 0.00046795
1901 100.00 0.00043502
2001 100.00 0.00040605
2101 100.00 0.00038044
2201 100.00 0.00035764
2301 100.00 0.00033721
2401 100.00 0.00031880
2501 100.00 0.00030217
2601 100.00 0.00028705
2701 100.00 0.00027326
2801 100.00 0.00026064
2901 100.00 0.00024905
3001 100.00 0.00023837
3101 100.00 0.00022850
3201 100.00 0.00021935
3301 100.00 0.00021086
3401 100.00 0.00020295
3501 100.00 0.00019557
3601 100.00 0.00018866
3701 100.00 0.00018220
3801 100.00 0.00017613
3901 100.00 0.00017042
4001 100.00 0.00016504
4101 100.00 0.00015996
4201 100.00 0.00015517
4301 100.00 0.00015064
4401 100.00 0.00014634
4501 100.00 0.00014225
4601 100.00 0.00013838
4701 100.00 0.00013470
4801 100.00 0.00013120
4901 100.00 0.00012786
5001 100.00 0.00012467
5101 100.00 0.00012163
5201 100.00 0.00011871
5301 100.00 0.00011592
5401 100.00 0.00011326
5501 100.00 0.00011071
5601 100.00 0.00010826
5701 100.00 0.00010592
5801 100.00 0.00010365
5901 100.00 0.00010148
6001 100.00 0.00009939
6101 100.00 0.00009739
6201 100.00 0.00009544
6301 100.00 0.00009357
6401 100.00 0.00009177
6501 100.00 0.00009004
6601 100.00 0.00008836
6701 100.00 0.00008673
6801 100.00 0.00008516
6901 100.00 0.00008365
7001 100.00 0.00008219
7101 100.00 0.00008076
7201 100.00 0.00007938
7301 100.00 0.00007806
7401 100.00 0.00007677
7501 100.00 0.00007551
7601 100.00 0.00007430
7701 100.00 0.00007313
7801 100.00 0.00007198
7901 100.00 0.00007087
8001 100.00 0.00006979
8101 100.00 0.00006874
8201 100.00 0.00006771
8301 100.00 0.00006672
8401 100.00 0.00006576
8501 100.00 0.00006481
8601 100.00 0.00006390
8701 100.00 0.00006300
8801 100.00 0.00006214
8901 100.00 0.00006128
9001 100.00 0.00006046
9101 100.00 0.00005966
9201 100.00 0.00005886
9301 100.00 0.00005810
9401 100.00 0.00005735
9501 100.00 0.00005661
9601 100.00 0.00005589
9701 100.00 0.00005520
9801 100.00 0.00005451
9901 100.00 0.00005385
10001 100.00 0.00005320
10101 100.00 0.00005256
10201 100.00 0.00005194
10301 100.00 0.00005132
10401 100.00 0.00005073
10501 100.00 0.00005014
10601 100.00 0.00004958
10701 100.00 0.00004901
10801 100.00 0.00004848
10901 100.00 0.00004794
11001 100.00 0.00004741
11101 100.00 0.00004689
11201 100.00 0.00004640
11301 100.00 0.00004590
11401 100.00 0.00004541
11501 100.00 0.00004493
11601 100.00 0.00004447
11701 100.00 0.00004402
11801 100.00 0.00004355
11901 100.00 0.00004312
12001 100.00 0.00004268
12101 100.00 0.00004227
12201 100.00 0.00004184
12301 100.00 0.00004144
12401 100.00 0.00004104
12501 100.00 0.00004064
12601 100.00 0.00004026
12701 100.00 0.00003987
12801 100.00 0.00003951
12901 100.00 0.00003913
13001 100.00 0.00003877
13101 100.00 0.00003842
13201 100.00 0.00003807
13301 100.00 0.00003773
13401 100.00 0.00003739
13501 100.00 0.00003706
13601 100.00 0.00003673
13701 100.00 0.00003640
13801 100.00 0.00003609
13901 100.00 0.00003578
14001 100.00 0.00003548
14101 100.00 0.00003517
14201 100.00 0.00003488
14301 100.00 0.00003459
14401 100.00 0.00003430
14501 100.00 0.00003401
14601 100.00 0.00003374
14701 100.00 0.00003347
14801 100.00 0.00003321
14901 100.00 0.00003293
15001 100.00 0.00003267
15101 100.00 0.00003240
15201 100.00 0.00003216
15301 100.00 0.00003191
15401 100.00 0.00003166
15501 100.00 0.00003142
15601 100.00 0.00003117
15701 100.00 0.00003095
15801 100.00 0.00003071
15901 100.00 0.00003047
16001 100.00 0.00003025
16101 100.00 0.00003003
16201 100.00 0.00002981
16301 100.00 0.00002959
16401 100.00 0.00002937
16501 100.00 0.00002916
16601 100.00 0.00002895
16701 100.00 0.00002874
16801 100.00 0.00002854
16901 100.00 0.00002834
17001 100.00 0.00002814
17101 100.00 0.00002795
17201 100.00 0.00002775
17301 100.00 0.00002756
17401 100.00 0.00002737
17501 100.00 0.00002718
17601 100.00 0.00002700
17701 100.00 0.00002682
17801 100.00 0.00002664
17901 100.00 0.00002647
18001 100.00 0.00002629
18101 100.00 0.00002613
18201 100.00 0.00002596
18301 100.00 0.00002577
18401 100.00 0.00002561
18501 100.00 0.00002545
18601 100.00 0.00002529
18701 100.00 0.00002513
18801 100.00 0.00002497
18901 100.00 0.00002481
19001 100.00 0.00002466
19101 100.00 0.00002451
19201 100.00 0.00002436
19301 100.00 0.00002421
19401 100.00 0.00002406
19501 100.00 0.00002391
19601 100.00 0.00002377
19701 100.00 0.00002362
19801 100.00 0.00002349
19901 100.00 0.00002334
20001 100.00 0.00002320
20101 100.00 0.00002306
20201 100.00 0.00002294
20301 100.00 0.00002280
20401 100.00 0.00002266
20501 100.00 0.00002253
20601 100.00 0.00002240
20701 100.00 0.00002228
20801 100.00 0.00002215
20901 100.00 0.00002202
21001 100.00 0.00002189
21101 100.00 0.00002178
21201 100.00 0.00002166
21301 100.00 0.00002154
21401 100.00 0.00002142
21501 100.00 0.00002130
21601 100.00 0.00002118
21701 100.00 0.00002107
21801 100.00 0.00002096
21901 100.00 0.00002084
22001 100.00 0.00002073
22101 100.00 0.00002061
22201 100.00 0.00002051
22301 100.00 0.00002041
22401 100.00 0.00002029
22501 100.00 0.00002019
22601 100.00 0.00002008
22701 100.00 0.00001998
22801 100.00 0.00001988
22901 100.00 0.00001977
23001 100.00 0.00001967
23101 100.00 0.00001957
23201 100.00 0.00001947
23301 100.00 0.00001937
23401 100.00 0.00001928
23501 100.00 0.00001918
23601 100.00 0.00001908
23701 100.00 0.00001899
23801 100.00 0.00001890
23901 100.00 0.00001880
24001 100.00 0.00001870
24101 100.00 0.00001862
24201 100.00 0.00001853
24301 100.00 0.00001843
24401 100.00 0.00001835
24501 100.00 0.00001825
24601 100.00 0.00001817
24701 100.00 0.00001809
24801 100.00 0.00001799
24901 100.00 0.00001791
25001 100.00 0.00001783
25101 100.00 0.00001774
25201 100.00 0.00001766
25301 100.00 0.00001758
25401 100.00 0.00001750
25501 100.00 0.00001742
25601 100.00 0.00001733
25701 100.00 0.00001726
25801 100.00 0.00001718
25901 100.00 0.00001711
26001 100.00 0.00001702
26101 100.00 0.00001695
26201 100.00 0.00001687
26301 100.00 0.00001680
26401 100.00 0.00001672
26501 100.00 0.00001664
26601 100.00 0.00001658
26701 100.00 0.00001650
26801 100.00 0.00001642
26901 100.00 0.00001636
27001 100.00 0.00001628
27101 100.00 0.00001621
27201 100.00 0.00001615
27301 100.00 0.00001608
27401 100.00 0.00001601
27501 100.00 0.00001593
27601 100.00 0.00001586
27701 100.00 0.00001580
27801 100.00 0.00001574
27901 100.00 0.00001567
28001 100.00 0.00001560
28101 100.00 0.00001553
28201 100.00 0.00001547
28301 100.00 0.00001541
28401 100.00 0.00001534
28501 100.00 0.00001528
28601 100.00 0.00001522
28701 100.00 0.00001516
28801 100.00 0.00001510
28901 100.00 0.00001503
29001 100.00 0.00001497
29101 100.00 0.00001491
29201 100.00 0.00001485
29301 100.00 0.00001479
29401 100.00 0.00001474
29501 100.00 0.00001467
29601 100.00 0.00001463
29701 100.00 0.00001456
29801 100.00 0.00001450
29901 100.00 0.00001444
30001 100.00 0.00001439
30101 100.00 0.00001434
30201 100.00 0.00001428
30301 100.00 0.00001423
30401 100.00 0.00001417
30501 100.00 0.00001412
30601 100.00 0.00001407
30701 100.00 0.00001401
30801 100.00 0.00001395
30901 100.00 0.00001390
31001 100.00 0.00001385
31101 100.00 0.00001379
31201 100.00 0.00001374
31301 100.00 0.00001369
31401 100.00 0.00001364
31501 100.00 0.00001359
31601 100.00 0.00001355
31701 100.00 0.00001349
31801 100.00 0.00001344
31901 100.00 0.00001340
32001 100.00 0.00001335
32101 100.00 0.00001330
32201 100.00 0.00001326
32301 100.00 0.00001320
32401 100.00 0.00001316
32501 100.00 0.00001311
32601 100.00 0.00001306
32701 100.00 0.00001302
32801 100.00 0.00001297
32901 100.00 0.00001291
33001 100.00 0.00001288
33101 100.00 0.00001282
33201 100.00 0.00001277
33301 100.00 0.00001273
33401 100.00 0.00001269
33501 100.00 0.00001265
33601 100.00 0.00001260
33701 100.00 0.00001256
33801 100.00 0.00001251
33901 100.00 0.00001248
34001 100.00 0.00001243
34101 100.00 0.00001238
34201 100.00 0.00001235
34301 100.00 0.00001229
34401 100.00 0.00001227
34501 100.00 0.00001221
34601 100.00 0.00001219
34701 100.00 0.00001214
34801 100.00 0.00001209
34901 100.00 0.00001206
35001 100.00 0.00001202
35101 100.00 0.00001199
35201 100.00 0.00001194
35301 100.00 0.00001189
35401 100.00 0.00001186
35501 100.00 0.00001182
35601 100.00 0.00001178
35701 100.00 0.00001175
35801 100.00 0.00001171
35901 100.00 0.00001166
36000 100.00 0.00001162
