1 16.15 2.29840629
21 60.05 0.96611892
41 71.00 0.72799082
61 78.75 0.57292574
81 86.55 0.33484797
101 85.55 0.37364651
121 95.60 0.14745943
141 96.00 0.14901649
161 95.55 0.15941339
181 95.35 0.11598635
201 98.95 0.04466269
221 97.30 0.12708443
241 95.70 0.11330108
261 97.85 0.05450188
281 98.95 0.03125967
301 99.55 0.01348917
321 100.00 0.00217046
341 99.35 0.01975201
361 99.90 0.00424312
381 100.00 0.00049663
401 100.00 0.00033156
421 100.00 0.00025839
441 100.00 0.00021482
461 100.00 0.00018452
481 100.00 0.00016247
501 100.00 0.00014537
521 100.00 0.00013160
541 100.00 0.00012034
561 100.00 0.00011084
581 100.00 0.00010269
601 100.00 0.00009566
621 100.00 0.00008951
641 100.00 0.00008402
661 100.00 0.00007914
681 100.00 0.00007482
701 100.00 0.00007095
721 100.00 0.00006746
741 100.00 0.00006428
761 100.00 0.00006139
781 100.00 0.00005875
801 100.00 0.00005631
821 100.00 0.00005405
841 100.00 0.00005197
861 100.00 0.00005004
881 100.00 0.00004823
901 100.00 0.00004654
921 100.00 0.00004497
941 100.00 0.00004348
960 100.00 0.00004216
