1 10.00 2.30040627
41 63.20 0.86061364
81 49.20 1.39585578
121 80.00 0.43024052
161 89.60 0.28809906
201 99.60 0.02990827
241 100.00 0.00602211
281 100.00 0.00116630
321 100.00 0.00063532
361 100.00 0.00043157
401 100.00 0.00032393
441 100.00 0.00025721
481 100.00 0.00021275
521 100.00 0.00018086
561 100.00 0.00015717
601 100.00 0.00013870
641 100.00 0.00012394
681 100.00 0.00011182
721 100.00 0.00010175
761 100.00 0.00009327
801 100.00 0.00008603
841 100.00 0.00007974
881 100.00 0.00007425
921 100.00 0.00006942
961 100.00 0.00006513
1001 100.00 0.00006131
1041 100.00 0.00005790
1081 100.00 0.00005486
1121 100.00 0.00005210
1161 100.00 0.00004961
1201 100.00 0.00004732
1241 100.00 0.00004523
1281 100.00 0.00004333
1321 100.00 0.00004156
1361 100.00 0.00003992
1401 100.00 0.00003841
1441 100.00 0.00003700
1481 100.00 0.00003568
1521 100.00 0.00003445
1561 100.00 0.00003330
1601 100.00 0.00003222
1641 100.00 0.00003120
1681 100.00 0.00003025
1721 100.00 0.00002934
1761 100.00 0.00002848
1801 100.00 0.00002767
1841 100.00 0.00002690
1881 100.00 0.00002617
1920 100.00 0.00002549
