1 57.40 2.22865269
41 100.00 0.00422180
81 100.00 0.00146069
121 100.00 0.00083291
161 100.00 0.00056901
201 100.00 0.00042623
241 100.00 0.00033786
281 100.00 0.00027824
321 100.00 0.00023536
361 100.00 0.00020324
401 100.00 0.00017840
441 100.00 0.00015861
481 100.00 0.00014254
521 100.00 0.00012925
561 100.00 0.00011808
601 100.00 0.00010857
641 100.00 0.00010038
681 100.00 0.00009327
721 100.00 0.00008705
761 100.00 0.00008154
801 100.00 0.00007665
841 100.00 0.00007228
881 100.00 0.00006836
921 100.00 0.00006482
961 100.00 0.00006160
1001 100.00 0.00005867
1041 100.00 0.00005598
1081 100.00 0.00005351
1121 100.00 0.00005124
1161 100.00 0.00004914
1200 100.00 0.00004724
