1 39.07 1.50146856
2 57.18 1.07923761
3 68.03 0.78738554
5 78.01 0.57414827
7 81.14 0.51536467
9 84.49 0.44281587
11 84.39 0.42846916
13 83.41 0.43223085
15 86.26 0.36596118
17 88.86 0.30975487
19 86.54 0.36410347
21 81.07 0.49395295
23 82.18 0.50990942
25 81.00 0.55921758
27 89.33 0.27963686
29 83.85 0.46199254
31 88.40 0.31551637
33 62.96 1.27110003
35 85.36 0.41776982
37 83.84 0.47920643
39 88.68 0.29894244
41 90.57 0.25134324
43 87.23 0.36484975
45 88.98 0.30284850
47 86.20 0.36472106
49 79.28 0.61477266
51 83.77 0.38774847
53 90.62 0.25273810
55 80.56 0.55110086
57 90.53 0.24844548
59 86.13 0.40308527
61 85.72 0.34899747
63 84.69 0.44354265
65 89.35 0.28841886
67 91.94 0.22193886
69 80.73 0.54591694
71 89.30 0.30875676
73 92.98 0.18320033
75 92.04 0.20905364
77 77.53 1.05399838
79 88.60 0.29534122
81 91.92 0.20740624
83 83.52 0.65727549
85 92.73 0.19199338
87 86.01 0.53922034
89 92.65 0.20774152
91 90.39 0.24715772
93 88.24 0.36173890
95 94.85 0.13893247
97 92.88 0.19049098
99 87.50 0.34820234
101 85.86 0.53771857
103 95.44 0.12273778
105 91.44 0.19849744
107 92.07 0.20940864
109 93.73 0.16432497
111 91.92 0.25842902
113 94.79 0.16657627
115 91.84 0.22225134
117 91.19 0.25421858
119 94.86 0.14484470
121 83.26 1.52332628
123 93.50 0.19712724
125 93.47 0.20134675
127 91.32 0.29484656
129 97.46 0.07177519
131 93.44 0.19185239
133 97.46 0.06523296
135 95.36 0.12393103
137 97.67 0.06101789
139 95.28 0.11801881
141 84.18 0.90434476
143 97.73 0.06189856
145 96.32 0.09711689
147 91.44 0.28274067
149 97.98 0.05238771
151 92.29 0.40684866
153 98.50 0.04170027
155 96.39 0.09066879
157 88.75 0.47957621
159 98.31 0.04362187
161 97.45 0.07003867
163 94.21 0.18247016
165 97.51 0.06885108
167 97.09 0.12110345
169 91.88 0.25573952
171 97.46 0.07685747
173 90.18 0.34729194
175 98.92 0.03108254
177 96.33 0.12732433
179 99.23 0.02574884
181 94.29 0.19348202
183 99.09 0.02645799
185 98.49 0.04229841
187 75.78 2.34342718
189 92.19 0.25508082
191 94.72 0.19445595
193 98.79 0.03416291
195 99.46 0.01660576
197 99.02 0.02746600
199 96.69 0.08849340
200 98.43 0.04153913
