1 50.66 2.26805885
3 67.39 1.82650061
5 81.41 0.72505908
7 86.53 0.48171472
9 88.58 0.40499143
11 89.70 0.36228707
13 90.45 0.33366675
15 91.04 0.31401666
17 91.62 0.29528576
19 92.11 0.27865945
21 92.46 0.26435319
23 92.86 0.25015297
25 93.22 0.23785308
27 93.49 0.22722041
29 93.82 0.21704960
31 94.06 0.20528800
33 94.47 0.19483150
35 94.75 0.18644749
37 94.98 0.17681697
39 95.20 0.16985762
41 95.38 0.16172328
43 95.64 0.15448080
45 95.82 0.14861518
47 95.96 0.14262282
49 96.08 0.13760358
51 96.23 0.13218501
53 96.41 0.12720355
55 96.56 0.12193984
57 96.68 0.11846736
59 96.80 0.11344378
60 96.84 0.11107867
