1 70.75 0.97216827
2 86.66 0.44403195
3 87.94 0.39205219
4 89.60 0.34152130
5 90.92 0.30231330
6 93.00 0.23373448
7 93.37 0.21753842
8 93.04 0.22654734
9 95.24 0.16336788
10 95.98 0.13996937
11 96.27 0.13056042
12 96.62 0.11805924
13 96.43 0.12371187
14 97.43 0.09122820
15 97.81 0.07952601
19 98.88 0.04692679
25 99.05 0.03647965
31 99.82 0.01302613
37 99.94 0.00690994
43 100.00 0.00333698
49 100.00 0.00235533
55 100.00 0.00173484
61 100.00 0.00136179
67 100.00 0.00111782
73 100.00 0.00093753
79 100.00 0.00081769
85 100.00 0.00070948
91 100.00 0.00062889
97 100.00 0.00056103
103 100.00 0.00050778
109 100.00 0.00046142
115 100.00 0.00042141
120 100.00 0.00039254
