1 72.06 1.08965871
2 83.25 0.62428298
3 82.57 0.92530403
4 96.01 0.13141511
5 78.11 1.58108861
6 90.15 0.73868829
7 97.01 0.09772762
8 98.19 0.06270251
9 98.57 0.04763195
10 98.68 0.04377628
11 97.30 0.10142197
12 99.94 0.00409203
13 99.99 0.00185652
14 100.00 0.00108477
15 99.99 0.00070163
16 100.00 0.00054734
17 100.00 0.00038640
18 100.00 0.00032112
19 100.00 0.00027828
20 100.00 0.00024569
21 100.00 0.00021976
22 100.00 0.00019970
23 100.00 0.00018371
24 100.00 0.00016748
25 100.00 0.00015523
26 100.00 0.00014478
27 100.00 0.00013811
28 100.00 0.00012805
29 100.00 0.00012129
30 100.00 0.00011508
31 100.00 0.00010805
32 100.00 0.00010331
33 100.00 0.00009820
34 100.00 0.00009435
35 100.00 0.00009093
36 100.00 0.00008597
37 100.00 0.00008273
38 100.00 0.00007940
39 100.00 0.00007684
40 100.00 0.00007411
49 100.00 0.00005606
65 100.00 0.00003904
81 100.00 0.00002962
97 100.00 0.00002394
113 100.00 0.00002007
129 100.00 0.00001717
145 100.00 0.00001497
161 100.00 0.00001331
177 100.00 0.00001193
193 100.00 0.00001080
209 100.00 0.00000989
225 100.00 0.00000926
241 100.00 0.00000841
257 100.00 0.00000783
273 100.00 0.00000733
289 100.00 0.00000686
305 100.00 0.00000652
321 100.00 0.00000611
337 100.00 0.00000579
353 100.00 0.00000552
369 100.00 0.00000523
385 100.00 0.00000501
401 100.00 0.00000477
417 100.00 0.00000460
433 100.00 0.00000438
449 100.00 0.00000422
465 100.00 0.00000407
480 100.00 0.00000392
