1 59.90 3.03678484
2 47.70 2.81594520
3 28.20 2.73183618
4 35.00 2.59883890
5 19.90 2.89082112
6 47.50 2.22895160
7 43.20 2.41087880
8 70.50 1.71401985
9 55.00 2.35720954
10 68.80 1.73170130
101 100.00 0.44503454
201 100.00 0.39076558
301 100.00 0.35917326
401 100.00 0.31047294
501 100.00 0.20230891
601 100.00 0.16996474
701 100.00 0.16389804
801 99.70 0.21047553
901 100.00 0.14913922
1001 100.00 0.14560360
1101 100.00 0.13101205
1201 100.00 0.14385380
1301 100.00 0.12533272
1401 100.00 0.11248304
1501 100.00 0.14986794
1601 100.00 0.17660488
1701 100.00 0.15876437
1800 98.50 0.26190201
