1 28.00 2.29304137
2 39.00 2.28342676
3 44.00 2.27330401
4 58.00 2.26198881
5 68.00 2.24884911
6 73.00 2.23303349
7 79.00 2.21328926
8 79.00 2.18777752
9 79.00 2.15396523
10 69.00 2.10842779
11 68.00 2.04574243
12 75.00 1.95808402
13 76.00 1.83747672
14 77.00 1.68169179
15 75.00 1.48951954
16 79.00 1.27114475
17 78.00 1.07374268
18 80.00 0.89929210
19 83.00 0.76780865
20 90.00 0.61055540
21 92.00 0.48243025
22 81.00 0.52896397
23 98.00 0.31977448
24 91.00 0.32562622
25 97.00 0.26226626
26 99.00 0.19580960
27 95.00 0.19241833
28 99.00 0.13827976
29 99.00 0.11877815
30 99.00 0.10574886
31 100.00 0.08468248
32 99.00 0.07589106
33 99.00 0.08996638
34 100.00 0.05722099
35 100.00 0.05017378
36 100.00 0.05047914
37 100.00 0.03913811
38 100.00 0.03746155
39 100.00 0.03225048
40 100.00 0.02955444
41 100.00 0.02730588
42 100.00 0.02520160
43 100.00 0.02394905
44 100.00 0.02238424
45 100.00 0.02009679
46 100.00 0.01893095
47 100.00 0.01809521
48 100.00 0.01699499
49 100.00 0.01562398
50 100.00 0.01476660
1001 100.00 0.00012900
2001 100.00 0.00005520
3001 100.00 0.00003394
4001 100.00 0.00002411
5001 100.00 0.00001853
6001 100.00 0.00001496
7001 100.00 0.00001248
8001 100.00 0.00001068
9001 100.00 0.00000932
10001 100.00 0.00000824
11001 100.00 0.00000739
12001 100.00 0.00000668
13001 100.00 0.00000609
14001 100.00 0.00000559
15001 100.00 0.00000516
16001 100.00 0.00000479
17001 100.00 0.00000447
18001 100.00 0.00000419
19001 100.00 0.00000393
20001 100.00 0.00000371
21001 100.00 0.00000351
22001 100.00 0.00000332
23001 100.00 0.00000316
24000 100.00 0.00000301
