1 10.01 2.30180908
2 10.98 2.30048736
3 10.20 2.29929188
4 11.06 2.29769982
7 16.14 2.29170564
10 26.36 2.27967786
13 43.33 2.24427990
16 37.54 2.04055741
19 47.02 1.33879448
22 57.13 1.10970434
25 63.48 0.96195671
28 62.18 1.06134557
31 67.06 0.84155778
34 60.84 1.20868992
37 68.92 0.84768476
40 75.36 0.71720698
43 67.00 0.85894229
46 67.84 0.78645040
49 69.69 0.77441108
52 74.29 0.69610028
55 78.26 0.60957350
58 76.53 0.66387728
61 70.84 0.95848691
64 77.12 0.60518402
67 72.82 0.79812372
70 80.48 0.55153431
73 72.42 0.72888058
76 81.22 0.52823267
79 79.44 0.58192225
82 80.03 0.59379121
85 79.72 0.55281380
88 83.38 0.46845619
91 83.02 0.47008843
94 78.17 0.56973976
97 81.92 0.49318616
100 82.93 0.48315253
103 77.16 0.63549861
106 82.44 0.48635399
109 85.45 0.40849810
112 83.67 0.45217178
115 84.36 0.42294352
118 86.18 0.38352538
121 85.82 0.39282560
124 79.34 0.57054468
127 74.33 0.72998757
130 68.69 0.93737394
133 86.13 0.38131809
136 87.47 0.34596373
139 85.16 0.39202004
142 84.69 0.41920334
145 87.59 0.33925808
148 88.02 0.32439110
151 84.80 0.42603303
154 74.15 0.68181112
157 85.87 0.39929372
160 88.25 0.32489689
163 81.98 0.48020999
166 89.37 0.29349327
169 89.62 0.29028626
172 85.80 0.37375363
175 84.69 0.40641573
178 88.15 0.31286194
181 89.55 0.28620828
184 90.33 0.26297762
187 90.01 0.26923485
190 89.70 0.28736850
193 90.07 0.27814483
196 89.16 0.30273115
199 91.36 0.23515067
202 84.40 0.48024459
205 91.56 0.23185253
208 91.49 0.23591322
211 91.21 0.24329001
214 86.27 0.41036564
217 92.04 0.22050706
220 92.07 0.21778813
223 86.08 0.36976575
226 86.69 0.41233959
229 92.02 0.21622153
232 90.56 0.24810503
235 92.62 0.20549293
238 87.81 0.33577164
241 85.86 0.41583823
244 82.08 0.55912798
247 88.81 0.29963346
250 90.23 0.25007836
253 91.11 0.22278488
256 94.52 0.15915949
259 82.99 0.68799278
262 86.75 0.36213916
265 93.09 0.18899627
268 86.34 0.38852547
271 93.11 0.18030160
274 90.89 0.23207860
277 94.81 0.14726654
280 91.34 0.22619530
283 88.27 0.29740620
286 89.64 0.27790818
289 91.64 0.24426949
292 91.88 0.21155058
295 84.68 0.57906739
298 88.92 0.36115722
300 91.34 0.23580959
