1 87.88 0.40744613
2 91.52 0.29606294
3 93.63 0.22067678
4 95.06 0.17178532
5 96.07 0.13735899
6 96.38 0.12439869
7 97.25 0.09579129
8 97.31 0.09139031
9 97.87 0.07457685
10 98.03 0.06752308
11 98.36 0.05909395
12 98.80 0.04567482
13 98.78 0.04552372
14 99.06 0.03631810
15 98.96 0.03813070
16 99.06 0.03377745
17 99.47 0.02379025
18 99.39 0.02512848
19 99.61 0.01900663
20 99.49 0.01982756
21 99.65 0.01683565
22 99.78 0.01271761
23 99.83 0.01111943
24 99.87 0.01027456
25 99.72 0.01279520
26 99.94 0.00742878
27 99.93 0.00714513
28 99.95 0.00578644
29 99.94 0.00639676
30 99.98 0.00440026
31 99.97 0.00440395
32 99.98 0.00404145
33 99.99 0.00332374
34 100.00 0.00294859
35 99.99 0.00269265
36 99.99 0.00245582
37 99.99 0.00221569
38 100.00 0.00207145
39 100.00 0.00185712
40 100.00 0.00182104
41 100.00 0.00161582
42 100.00 0.00149876
43 100.00 0.00148628
44 100.00 0.00139496
45 100.00 0.00127425
46 100.00 0.00120136
47 100.00 0.00116538
48 100.00 0.00108303
49 100.00 0.00105324
50 100.00 0.00100401
51 100.00 0.00097476
52 100.00 0.00091292
53 100.00 0.00089958
54 100.00 0.00085638
55 100.00 0.00083029
56 100.00 0.00077800
57 100.00 0.00075822
58 100.00 0.00074304
59 100.00 0.00072697
60 100.00 0.00067738
