1 10.00 2.30271697
81 10.00 2.29921186
161 11.00 2.29534888
241 23.00 2.28995967
321 46.00 2.28095520
401 53.00 2.26341975
481 37.00 2.21916795
561 29.00 2.07958913
641 37.00 1.77740067
721 49.00 1.29815871
801 56.00 1.10585868
881 66.00 0.93611738
961 75.00 0.75523692
1041 76.00 0.67453548
1121 94.00 0.30353259
1201 96.00 0.19852481
1281 99.00 0.10206292
1361 100.00 0.05509665
1441 100.00 0.03385750
1521 100.00 0.02380541
1601 100.00 0.01778236
1681 100.00 0.01393112
1761 100.00 0.01130748
1841 100.00 0.00941216
1921 100.00 0.00799693
2001 100.00 0.00690744
2081 100.00 0.00604961
2161 100.00 0.00535277
2241 100.00 0.00478358
2321 100.00 0.00431046
2401 100.00 0.00391064
2481 100.00 0.00357043
2561 100.00 0.00327735
2641 100.00 0.00302344
2721 100.00 0.00280098
2801 100.00 0.00260514
2881 100.00 0.00243169
2961 100.00 0.00227702
3041 100.00 0.00213860
3121 100.00 0.00201388
3201 100.00 0.00190112
3281 100.00 0.00179877
3361 100.00 0.00170564
3441 100.00 0.00162029
3521 100.00 0.00154215
3601 100.00 0.00147024
3681 100.00 0.00140396
3761 100.00 0.00134262
3841 100.00 0.00128575
3921 100.00 0.00123295
4001 100.00 0.00118375
4081 100.00 0.00113789
4161 100.00 0.00109492
4241 100.00 0.00105468
4321 100.00 0.00101697
4401 100.00 0.00098156
4481 100.00 0.00094824
4561 100.00 0.00091675
4641 100.00 0.00088708
4721 100.00 0.00085908
4800 100.00 0.00083283
