1 10.05 2.30135179
2 17.70 2.29988555
3 29.53 2.29838595
4 33.70 2.29665757
7 36.55 2.28887409
10 36.99 2.26969311
13 33.32 2.18751263
16 30.53 1.72075628
19 49.51 1.25201808
22 54.08 1.08507032
25 62.62 0.92063335
28 66.02 0.85953822
31 61.92 1.05899611
34 69.22 0.82813026
37 70.50 0.81205382
40 70.36 0.86550851
43 74.19 0.73924762
46 71.30 0.74039069
49 75.34 0.70045166
52 77.38 0.61901267
55 75.80 0.63841349
58 75.48 0.64798314
61 70.34 0.80709144
64 78.12 0.61407464
67 72.34 0.75368093
70 76.96 0.65229600
73 75.46 0.63212940
76 81.16 0.52419403
79 77.05 0.60319604
82 80.64 0.54214276
85 81.98 0.49937064
88 83.94 0.46000837
91 67.27 0.84970964
94 77.73 0.57045263
97 84.25 0.44347888
100 82.47 0.49904910
103 83.33 0.46735452
106 85.11 0.41643766
109 85.40 0.42121893
112 80.15 0.53652079
115 86.14 0.38641861
118 77.89 0.63447501
121 85.61 0.40143758
124 78.47 0.64959271
127 85.26 0.41104928
130 86.30 0.37601971
133 88.98 0.31224053
136 88.72 0.31853635
139 80.40 0.55634774
142 87.37 0.35216067
145 89.09 0.30214856
148 87.89 0.33040128
151 88.91 0.30935723
154 89.81 0.28529206
157 80.43 0.56951949
160 90.29 0.27473653
163 84.58 0.43883234
166 90.92 0.25554990
169 83.86 0.44750248
172 86.18 0.37183562
175 86.68 0.35048036
178 73.63 0.81906947
181 81.64 0.47987745
184 85.22 0.42271727
187 90.72 0.26111140
190 88.92 0.30610394
193 90.58 0.25253013
196 89.91 0.29565388
199 89.39 0.28023778
202 55.38 2.86343039
205 75.68 0.86328959
208 85.45 0.42556653
211 93.12 0.19172817
214 90.91 0.25681820
217 92.97 0.20053660
220 93.39 0.19278093
223 84.05 0.42452108
226 87.24 0.31836300
229 92.43 0.21292362
232 92.20 0.21385575
235 92.77 0.19987005
238 87.78 0.34579723
241 94.33 0.16465847
244 94.78 0.15100739
247 95.11 0.14415221
250 86.02 0.40111026
253 94.50 0.15374235
256 93.05 0.18536265
259 94.69 0.15603614
262 79.34 0.80589894
265 95.38 0.13586285
268 92.16 0.21452001
271 64.72 1.56680009
274 95.38 0.13372085
277 94.40 0.15313868
280 96.45 0.11025575
283 91.25 0.24667743
286 78.46 0.88974204
289 83.00 0.56919290
292 96.16 0.11883811
295 96.67 0.10575149
298 60.96 2.01357016
300 88.00 0.42306794
