1 71.60 3.02277241
2 11.20 2.88351493
3 40.40 2.68226562
4 37.60 2.48952570
5 46.40 2.43674307
6 41.60 2.77075176
7 44.80 2.38152890
8 48.00 2.13503468
9 48.00 2.55212564
10 79.20 1.56372473
11 68.80 1.63759925
12 86.00 1.15635262
13 74.80 1.54917464
14 94.80 1.00907093
15 90.00 1.03409945
16 97.60 0.89933790
17 70.00 1.64084034
18 95.20 0.99050292
19 90.80 1.06037818
20 98.80 0.83738928
21 99.60 0.81460880
22 100.00 0.79319836
23 100.00 0.78037723
24 100.00 0.77184819
25 100.00 0.76386540
26 100.00 0.75783023
27 100.00 0.75140355
28 100.00 0.74512566
29 100.00 0.73938100
30 100.00 0.73372561
401 100.00 0.25668612
801 100.00 0.12617152
1201 100.00 0.10110398
1601 100.00 0.08237361
2001 86.00 0.46667522
2401 100.00 0.08850773
2801 100.00 0.08570159
3201 100.00 0.08695551
3601 100.00 0.09163533
4001 100.00 0.07660689
4401 100.00 0.08518372
4801 100.00 0.12766349
5201 100.00 0.08267031
5601 100.00 0.08211245
6001 100.00 0.07307381
6401 100.00 0.07262001
6801 100.00 0.09213149
7200 100.00 0.07659748
