1 11.60 2.29913166
81 83.20 1.01734110
161 99.20 0.11386512
241 100.00 0.03095911
321 100.00 0.01399633
401 100.00 0.00829469
481 100.00 0.00566334
561 100.00 0.00420254
641 100.00 0.00329243
721 100.00 0.00267944
801 100.00 0.00224246
881 100.00 0.00191746
961 100.00 0.00166748
1041 100.00 0.00147008
1121 100.00 0.00131082
1201 100.00 0.00117996
1281 100.00 0.00107075
1361 100.00 0.00097840
1441 100.00 0.00089943
1521 100.00 0.00083122
1601 100.00 0.00077178
1681 100.00 0.00071958
1761 100.00 0.00067343
1841 100.00 0.00063234
1921 100.00 0.00059556
2001 100.00 0.00056249
2081 100.00 0.00053259
2161 100.00 0.00050545
2241 100.00 0.00048072
2321 100.00 0.00045810
2400 100.00 0.00043758
