1 19.50 2.16890563
2 33.70 1.96151458
3 43.70 1.64295687
4 48.10 1.32747301
5 59.80 1.07395640
6 55.20 1.49998806
7 60.00 1.09366788
8 77.20 0.62767101
9 70.90 0.98761524
10 80.90 0.59634545
11 75.40 0.68317543
12 94.80 0.16985475
13 87.30 0.41354017
14 91.20 0.33262985
15 90.80 0.29773860
16 92.10 0.25216559
17 95.50 0.12722341
18 96.50 0.20660829
19 95.10 0.20028069
20 98.40 0.07198391
21 98.60 0.05957148
22 98.80 0.04173150
23 99.90 0.00679474
24 100.00 0.00407022
25 100.00 0.00151366
26 100.00 0.00101916
27 100.00 0.00080416
28 100.00 0.00067193
29 100.00 0.00059999
30 100.00 0.00051356
31 100.00 0.00045883
32 100.00 0.00040913
33 100.00 0.00037776
34 100.00 0.00034208
35 100.00 0.00031638
36 100.00 0.00029653
37 100.00 0.00027449
38 100.00 0.00025782
39 100.00 0.00024152
40 100.00 0.00022764
41 100.00 0.00021671
42 100.00 0.00020431
43 100.00 0.00019634
44 100.00 0.00018513
45 100.00 0.00017745
46 100.00 0.00017220
47 100.00 0.00016215
48 100.00 0.00015613
49 100.00 0.00015025
50 100.00 0.00014455
51 100.00 0.00013914
52 100.00 0.00013612
53 100.00 0.00012974
54 100.00 0.00012640
55 100.00 0.00012134
56 100.00 0.00011736
57 100.00 0.00011398
58 100.00 0.00011216
59 100.00 0.00010708
60 100.00 0.00010404
61 100.00 0.00010102
62 100.00 0.00010100
63 100.00 0.00009702
64 100.00 0.00009386
65 100.00 0.00009116
66 100.00 0.00008930
67 100.00 0.00008766
68 100.00 0.00008484
69 100.00 0.00008248
70 100.00 0.00008398
71 100.00 0.00007945
72 100.00 0.00007711
73 100.00 0.00007619
74 100.00 0.00007448
75 100.00 0.00007254
76 100.00 0.00007118
77 100.00 0.00006987
78 100.00 0.00006830
79 100.00 0.00006793
80 100.00 0.00006590
81 100.00 0.00006560
82 100.00 0.00006446
83 100.00 0.00006241
84 100.00 0.00006128
85 100.00 0.00006014
86 100.00 0.00005921
87 100.00 0.00005816
88 100.00 0.00005773
89 100.00 0.00005613
90 100.00 0.00005572
91 100.00 0.00005441
92 100.00 0.00005397
93 100.00 0.00005322
94 100.00 0.00005351
95 100.00 0.00005135
96 100.00 0.00005073
97 100.00 0.00004993
98 100.00 0.00004921
99 100.00 0.00004856
100 100.00 0.00004808
101 100.00 0.00004717
102 100.00 0.00004652
103 100.00 0.00004565
104 100.00 0.00004557
105 100.00 0.00004439
106 100.00 0.00004389
107 100.00 0.00004329
108 100.00 0.00004303
109 100.00 0.00004222
110 100.00 0.00004214
111 100.00 0.00004188
112 100.00 0.00004070
113 100.00 0.00004011
114 100.00 0.00003964
115 100.00 0.00003923
116 100.00 0.00003922
117 100.00 0.00003875
118 100.00 0.00003826
119 100.00 0.00003748
120 100.00 0.00003694
121 100.00 0.00003664
122 100.00 0.00003632
123 100.00 0.00003617
124 100.00 0.00003553
125 100.00 0.00003527
126 100.00 0.00003464
127 100.00 0.00003426
128 100.00 0.00003409
129 100.00 0.00003387
130 100.00 0.00003319
131 100.00 0.00003296
132 100.00 0.00003264
133 100.00 0.00003210
134 100.00 0.00003200
135 100.00 0.00003159
136 100.00 0.00003144
137 100.00 0.00003094
138 100.00 0.00003065
139 100.00 0.00003050
140 100.00 0.00003009
141 100.00 0.00002996
142 100.00 0.00002960
143 100.00 0.00002957
144 100.00 0.00002922
145 100.00 0.00002883
146 100.00 0.00002841
147 100.00 0.00002818
148 100.00 0.00002805
149 100.00 0.00002785
150 100.00 0.00002737
321 100.00 0.00001061
641 100.00 0.00000467
961 100.00 0.00000293
1281 100.00 0.00000213
1601 100.00 0.00000163
1921 100.00 0.00000132
2241 100.00 0.00000112
2561 100.00 0.00000096
2881 100.00 0.00000084
3201 100.00 0.00000075
3521 100.00 0.00000067
3841 100.00 0.00000061
4161 100.00 0.00000055
4481 100.00 0.00000051
4801 100.00 0.00000046
5121 100.00 0.00000044
5441 100.00 0.00000041
5761 100.00 0.00000038
6081 100.00 0.00000036
6401 100.00 0.00000034
6721 100.00 0.00000032
7041 100.00 0.00000031
7361 100.00 0.00000029
7681 100.00 0.00000027
8001 100.00 0.00000026
8321 100.00 0.00000025
8641 100.00 0.00000024
8961 100.00 0.00000023
9281 100.00 0.00000022
9600 100.00 0.00000021
