1 30.00 29.73448372
2 27.00 19.99687767
3 10.00 12.89076462
4 10.00 7.98824549
5 27.00 4.91333294
6 10.00 3.27800808
7 10.00 2.51760187
8 10.00 2.37390127
9 10.00 2.37104383
10 10.00 2.37001810
11 10.00 2.36960435
12 10.00 2.36956353
13 10.00 2.36947160
14 10.00 2.36934576
15 10.00 2.36957955
16 10.00 2.36965852
17 10.00 2.36951351
18 10.00 2.36950717
19 10.00 2.36941166
20 10.00 2.36964879
21 10.00 2.36937418
22 10.00 2.36968250
23 10.00 2.36948905
24 10.00 2.36946964
25 10.00 2.36948991
26 10.00 2.36960802
27 10.00 2.36930881
28 10.00 2.36974697
29 10.00 2.36951699
30 10.00 2.36954269
31 10.00 2.36944342
32 10.00 2.36958199
33 10.00 2.36957202
34 10.00 2.36960258
35 10.00 2.36958199
36 10.00 2.36942039
37 10.00 2.36948071
38 10.00 2.36966524
39 10.00 2.36961651
40 10.00 2.36937280
801 10.00 2.36981554
1601 10.00 2.36944194
2401 10.00 2.36996980
3201 10.00 2.36961079
4001 10.00 2.36949725
4801 10.00 2.36944995
5601 10.00 2.36962571
6401 10.00 2.36949730
7201 10.00 2.36958294
8001 10.00 2.36944652
8801 10.00 2.36936703
9601 10.00 2.36942544
10401 10.00 2.36958184
11201 10.00 2.36929584
12001 10.00 2.36941605
12801 10.00 2.36945038
13601 10.00 2.36939964
14401 10.00 2.36940794
15201 10.00 2.36945024
16001 10.00 2.36951013
16801 10.00 2.36984630
17601 10.00 2.36956077
18000 10.00 2.36944017
