1 24.50 3.02110386
2 57.30 2.77415528
3 49.40 2.68557167
4 23.30 2.93095675
5 24.30 2.89335737
6 48.20 2.33746929
7 38.40 2.71226425
8 63.90 2.07960985
9 58.80 1.93883977
10 64.80 1.88804975
101 100.00 0.45201890
201 95.30 0.55632306
301 98.60 0.33976273
401 74.90 1.22658765
501 98.60 0.34196482
601 100.00 0.19472999
701 100.00 0.19574462
801 100.00 0.16852424
901 100.00 0.18219016
1001 99.00 0.26294204
1101 100.00 0.14783752
1201 99.90 0.18215699
1301 100.00 0.15720393
1401 100.00 0.17677045
1501 99.90 0.19106306
1601 90.40 0.56918215
1701 99.80 0.18604277
1800 100.00 0.13195476
