27.40 2.28518294
52.10 2.25640376
53.70 2.19748802
61.50 2.05824941
63.60 1.72644660
67.70 1.22774833
66.20 1.02919302
74.30 0.81343995
81.10 0.59383349
81.30 0.60403203
86.70 0.47182916
82.70 0.45936850
87.10 0.41607865
81.50 0.50657070
92.50 0.24658384
90.40 0.33100825
93.60 0.22317572
96.10 0.16264061
83.30 0.56795392
96.70 0.14865220
95.10 0.15906367
94.70 0.16408841
98.80 0.09058142
97.20 0.10589634
98.60 0.07802877
98.10 0.07933551
99.60 0.05376769
98.90 0.07649976
99.80 0.04711672
99.60 0.04788741
99.90 0.03135838
100.00 0.03034260
100.00 0.02597789
100.00 0.02459594
100.00 0.02079396
100.00 0.02290522
100.00 0.01767534
100.00 0.01629297
100.00 0.01443385
100.00 0.01346213
100.00 0.01225252
100.00 0.01194705
100.00 0.01079205
100.00 0.01155897
100.00 0.00971984
100.00 0.00902918
100.00 0.00893569
100.00 0.00831207
100.00 0.00787063
100.00 0.00773703
100.00 0.00708436
100.00 0.00681791
100.00 0.00664995
100.00 0.00640147
100.00 0.00601327
100.00 0.00573919
100.00 0.00558493
100.00 0.00533991
100.00 0.00517082
100.00 0.00495293
100.00 0.00483651
100.00 0.00462491
100.00 0.00463973
100.00 0.00434029
100.00 0.00424980
100.00 0.00411040
100.00 0.00400740
100.00 0.00382972
100.00 0.00373988
100.00 0.00366992
100.00 0.00358578
100.00 0.00342377
100.00 0.00332651
100.00 0.00325708
100.00 0.00319539
100.00 0.00317423
100.00 0.00305934
100.00 0.00301234
100.00 0.00287976
100.00 0.00287668
100.00 0.00277613
100.00 0.00274377
100.00 0.00269208
100.00 0.00258231
100.00 0.00254956
100.00 0.00249756
100.00 0.00243652
100.00 0.00239100
100.00 0.00235305
100.00 0.00229547
100.00 0.00227166
100.00 0.00218415
100.00 0.00215480
100.00 0.00213947
100.00 0.00214088
100.00 0.00205621
100.00 0.00203602
100.00 0.00197595
100.00 0.00194212
100.00 0.00191029
100.00 0.00186391
100.00 0.00185577
100.00 0.00181467
100.00 0.00179236
100.00 0.00180449
100.00 0.00173445
100.00 0.00173504
100.00 0.00166052
100.00 0.00166926
100.00 0.00163685
100.00 0.00161903
100.00 0.00156937
100.00 0.00156849
100.00 0.00154272
100.00 0.00151890
100.00 0.00148991
100.00 0.00146933
100.00 0.00146676
100.00 0.00142515
100.00 0.00142882
100.00 0.00140089
100.00 0.00138765
100.00 0.00136407
100.00 0.00132773
100.00 0.00135238
100.00 0.00130849
100.00 0.00130972
100.00 0.00127027
100.00 0.00125350
100.00 0.00125218
100.00 0.00122608
100.00 0.00122127
100.00 0.00119430
100.00 0.00119553
100.00 0.00117241
100.00 0.00116064
100.00 0.00114440
100.00 0.00112813
100.00 0.00112513
100.00 0.00112571
100.00 0.00111677
100.00 0.00108681
100.00 0.00106262
100.00 0.00105839
100.00 0.00105650
100.00 0.00104312
100.00 0.00102800
100.00 0.00101220
100.00 0.00100923
100.00 0.00099621
100.00 0.00098494
100.00 0.00098877
100.00 0.00097738
100.00 0.00096043
100.00 0.00096080
100.00 0.00093881
100.00 0.00093981
100.00 0.00091749
100.00 0.00090860
100.00 0.00091312
100.00 0.00089618
100.00 0.00088843
100.00 0.00087599
100.00 0.00086869
100.00 0.00086065
100.00 0.00085023
100.00 0.00085099
100.00 0.00085151
100.00 0.00083605
100.00 0.00082575
100.00 0.00081452
100.00 0.00081746
100.00 0.00080127
100.00 0.00079561
100.00 0.00078771
100.00 0.00078259
100.00 0.00078606
100.00 0.00076684
100.00 0.00075908
100.00 0.00075718
100.00 0.00075490
100.00 0.00075073
100.00 0.00074055
100.00 0.00072978
100.00 0.00072486
100.00 0.00072449
100.00 0.00071650
100.00 0.00071526
100.00 0.00070544
100.00 0.00070087
100.00 0.00068868
100.00 0.00068054
100.00 0.00068521
100.00 0.00069058
100.00 0.00067630
100.00 0.00067327
100.00 0.00066721
100.00 0.00066702
100.00 0.00065435
100.00 0.00064891
100.00 0.00064865
100.00 0.00063895
100.00 0.00063591
100.00 0.00063198
100.00 0.00062770
100.00 0.00062584
100.00 0.00061714
100.00 0.00062270
100.00 0.00061158
100.00 0.00060550
100.00 0.00060530
100.00 0.00059529
100.00 0.00060530
100.00 0.00059167
100.00 0.00058719
100.00 0.00058409
100.00 0.00057275
100.00 0.00057416
100.00 0.00056893
100.00 0.00056852
100.00 0.00056632
100.00 0.00056237
100.00 0.00055855
100.00 0.00055149
100.00 0.00054755
100.00 0.00054600
100.00 0.00054563
100.00 0.00054249
100.00 0.00053037
100.00 0.00053081
100.00 0.00052830
100.00 0.00052328
100.00 0.00053237
100.00 0.00052062
100.00 0.00052407
100.00 0.00051090
100.00 0.00050591
100.00 0.00050564
100.00 0.00050081
100.00 0.00050289
100.00 0.00049713
100.00 0.00049221
100.00 0.00049284
100.00 0.00048525
100.00 0.00049082
100.00 0.00048747
100.00 0.00047876
100.00 0.00047943
100.00 0.00047182
100.00 0.00047662
100.00 0.00047034
100.00 0.00047289
100.00 0.00046788
100.00 0.00046658
100.00 0.00046144
100.00 0.00045660
100.00 0.00045704
100.00 0.00045749
100.00 0.00045360
100.00 0.00045043
100.00 0.00044667
100.00 0.00044283
100.00 0.00043642
100.00 0.00043898
100.00 0.00043569
100.00 0.00043209
100.00 0.00042918
100.00 0.00042508
100.00 0.00042618
100.00 0.00042918
100.00 0.00042371
100.00 0.00042153
100.00 0.00041411
100.00 0.00041500
100.00 0.00041680
100.00 0.00041315
100.00 0.00041242
100.00 0.00041333
100.00 0.00041032
100.00 0.00041301
100.00 0.00040034
100.00 0.00039996
100.00 0.00040301
100.00 0.00039276
100.00 0.00039456
100.00 0.00039050
100.00 0.00038670
100.00 0.00038923
100.00 0.00038423
100.00 0.00038691
100.00 0.00038474
100.00 0.00037790
100.00 0.00037810
100.00 0.00037922
100.00 0.00037470
100.00 0.00037830
100.00 0.00037660
100.00 0.00036940
100.00 0.00036942
100.00 0.00036842
100.00 0.00036817
100.00 0.00036117
100.00 0.00036079
100.00 0.00036148
100.00 0.00035981
100.00 0.00035608
100.00 0.00035391
100.00 0.00035572
100.00 0.00035666
100.00 0.00035700
100.00 0.00035128
100.00 0.00034720
100.00 0.00034477
100.00 0.00034405
100.00 0.00034183
100.00 0.00034155
100.00 0.00034268
100.00 0.00033926
100.00 0.00033978
100.00 0.00033963
100.00 0.00033827
100.00 0.00033206
100.00 0.00033547
100.00 0.00033022
100.00 0.00033026
100.00 0.00033017
100.00 0.00032512
100.00 0.00032990
100.00 0.00032372
100.00 0.00032143
100.00 0.00032565
100.00 0.00032123
100.00 0.00031718
100.00 0.00031812
100.00 0.00031397
100.00 0.00031535
100.00 0.00031674
100.00 0.00031195
100.00 0.00031154
100.00 0.00030972
100.00 0.00030532
100.00 0.00030874
100.00 0.00030268
100.00 0.00030665
100.00 0.00030304
100.00 0.00030243
100.00 0.00030234
100.00 0.00030328
100.00 0.00029883
100.00 0.00029608
100.00 0.00029833
100.00 0.00030147
100.00 0.00029442
100.00 0.00029321
100.00 0.00029268
100.00 0.00029325
100.00 0.00029018
100.00 0.00028841
100.00 0.00028578
100.00 0.00028540
100.00 0.00028630
100.00 0.00028682
100.00 0.00028293
100.00 0.00028050
100.00 0.00028017
100.00 0.00028014
100.00 0.00027692
100.00 0.00027773
100.00 0.00027750
100.00 0.00027479
100.00 0.00027474
100.00 0.00027867
100.00 0.00027275
100.00 0.00027334
100.00 0.00027183
100.00 0.00027176
100.00 0.00026900
100.00 0.00026479
100.00 0.00026848
100.00 0.00026735
100.00 0.00026393
100.00 0.00026389
100.00 0.00026380
100.00 0.00026486
100.00 0.00026450
100.00 0.00026267
100.00 0.00025771
100.00 0.00026282
100.00 0.00025845
100.00 0.00025590
100.00 0.00025746
100.00 0.00025373
100.00 0.00025701
100.00 0.00025898
100.00 0.00025008
100.00 0.00025222
100.00 0.00025172
100.00 0.00025136
100.00 0.00025164
100.00 0.00025080
100.00 0.00024738
100.00 0.00024607
100.00 0.00024652
100.00 0.00024498
100.00 0.00024324
100.00 0.00024456
100.00 0.00024560
100.00 0.00024293
100.00 0.00024514
100.00 0.00024106
100.00 0.00023893
100.00 0.00023860
100.00 0.00023929
100.00 0.00023627
100.00 0.00023849
100.00 0.00023968
100.00 0.00023814
100.00 0.00023400
100.00 0.00023321
100.00 0.00023185
100.00 0.00023493
100.00 0.00023178
100.00 0.00023092
100.00 0.00022946
100.00 0.00023078
100.00 0.00023008
100.00 0.00023072
100.00 0.00022532
100.00 0.00022925
100.00 0.00022728
100.00 0.00022359
100.00 0.00022517
100.00 0.00022516
100.00 0.00022385
100.00 0.00022223
100.00 0.00022259
100.00 0.00022360
100.00 0.00022049
100.00 0.00022226
100.00 0.00022083
100.00 0.00021903
100.00 0.00022465
100.00 0.00021628
100.00 0.00021632
100.00 0.00021542
100.00 0.00021576
100.00 0.00021551
100.00 0.00021342
100.00 0.00021321
100.00 0.00021644
100.00 0.00021455
100.00 0.00021056
100.00 0.00021042
100.00 0.00020965
100.00 0.00020931
100.00 0.00021014
100.00 0.00020961
100.00 0.00020746
100.00 0.00020635
100.00 0.00020562
100.00 0.00020600
100.00 0.00020456
100.00 0.00020639
100.00 0.00020341
100.00 0.00020246
100.00 0.00020298
100.00 0.00020306
100.00 0.00020156
100.00 0.00020302
100.00 0.00020224
100.00 0.00020144
100.00 0.00019754
100.00 0.00019941
100.00 0.00019690
100.00 0.00019792
100.00 0.00019969
100.00 0.00019889
100.00 0.00019608
100.00 0.00019505
100.00 0.00019586
100.00 0.00019472
100.00 0.00019385
100.00 0.00019432
100.00 0.00019393
100.00 0.00019316
100.00 0.00019189
100.00 0.00019180
100.00 0.00019072
100.00 0.00018961
100.00 0.00019105
100.00 0.00018890
100.00 0.00019036
100.00 0.00018834
100.00 0.00019002
100.00 0.00018728
100.00 0.00018533
100.00 0.00018527
100.00 0.00018616
100.00 0.00018433
100.00 0.00018319
100.00 0.00018697
100.00 0.00018412
100.00 0.00018203
100.00 0.00018292
100.00 0.00018299
100.00 0.00018410
100.00 0.00018154
100.00 0.00018107
100.00 0.00018225
100.00 0.00018372
100.00 0.00017783
100.00 0.00017982
100.00 0.00018151
100.00 0.00018143
100.00 0.00017993
100.00 0.00017827
100.00 0.00017876
100.00 0.00017678
100.00 0.00017693
100.00 0.00017511
100.00 0.00017450
100.00 0.00017497
100.00 0.00017404
100.00 0.00017419
100.00 0.00017449
100.00 0.00017252
100.00 0.00017304
100.00 0.00017450
100.00 0.00017218
100.00 0.00016925
100.00 0.00017135
100.00 0.00017045
100.00 0.00016910
100.00 0.00017112
100.00 0.00017111
100.00 0.00016995
100.00 0.00016962
100.00 0.00016574
100.00 0.00016785
100.00 0.00016856
100.00 0.00016801
100.00 0.00016727
100.00 0.00016656
100.00 0.00016506
100.00 0.00016585
100.00 0.00016416
100.00 0.00016368
100.00 0.00016315
100.00 0.00016364
100.00 0.00016355
100.00 0.00016337
100.00 0.00016285
100.00 0.00016419
100.00 0.00016092
100.00 0.00016185
100.00 0.00016308
100.00 0.00016235
100.00 0.00016099
100.00 0.00015907
100.00 0.00015871
100.00 0.00015975
100.00 0.00015822
100.00 0.00015908
100.00 0.00015972
100.00 0.00015929
100.00 0.00015756
100.00 0.00015943
100.00 0.00015701
100.00 0.00015615
100.00 0.00015675
100.00 0.00015619
100.00 0.00015450
100.00 0.00015603
100.00 0.00015406
100.00 0.00015423
100.00 0.00015416
100.00 0.00015267
100.00 0.00015336
100.00 0.00015243
100.00 0.00015206
100.00 0.00015176
100.00 0.00015329
100.00 0.00015097
100.00 0.00015109
100.00 0.00015176
100.00 0.00014999
100.00 0.00014958
100.00 0.00015279
100.00 0.00015091
100.00 0.00014768
100.00 0.00014817
100.00 0.00014784
100.00 0.00015132
100.00 0.00014904
100.00 0.00014884
100.00 0.00014646
100.00 0.00014825
100.00 0.00014787
100.00 0.00014714
100.00 0.00014700
100.00 0.00014705
100.00 0.00014540
100.00 0.00014606
100.00 0.00014425
100.00 0.00014466
100.00 0.00014341
100.00 0.00014291
100.00 0.00014270
100.00 0.00014286
100.00 0.00014289
100.00 0.00014222
100.00 0.00014391
100.00 0.00014190
100.00 0.00014082
100.00 0.00014158
100.00 0.00014099
100.00 0.00014165
100.00 0.00014230
100.00 0.00013972
100.00 0.00014181
100.00 0.00014005
100.00 0.00013991
100.00 0.00014021
100.00 0.00013991
100.00 0.00013715
100.00 0.00013953
100.00 0.00014027
100.00 0.00013732
100.00 0.00013663
100.00 0.00013733
100.00 0.00013601
100.00 0.00013739
100.00 0.00013870
100.00 0.00013620
100.00 0.00013656
100.00 0.00013664
100.00 0.00013541
100.00 0.00013438
100.00 0.00013421
100.00 0.00013464
100.00 0.00013308
100.00 0.00013342
100.00 0.00013388
100.00 0.00013433
100.00 0.00013239
100.00 0.00013314
100.00 0.00013360
100.00 0.00013485
100.00 0.00013338
100.00 0.00013056
100.00 0.00013171
100.00 0.00013102
100.00 0.00013056
100.00 0.00013200
100.00 0.00013089
100.00 0.00013131
100.00 0.00012985
100.00 0.00013098
100.00 0.00012947
100.00 0.00012857
100.00 0.00012877
100.00 0.00012990
100.00 0.00012874
100.00 0.00012789
100.00 0.00012751
100.00 0.00012729
100.00 0.00012805
100.00 0.00012888
100.00 0.00012719
100.00 0.00012682
100.00 0.00012716
100.00 0.00012634
100.00 0.00012597
100.00 0.00012586
100.00 0.00012585
100.00 0.00012519
100.00 0.00012433
100.00 0.00012449
100.00 0.00012417
100.00 0.00012365
100.00 0.00012449
100.00 0.00012512
100.00 0.00012421
100.00 0.00012292
100.00 0.00012338
100.00 0.00012370
100.00 0.00012337
100.00 0.00012253
100.00 0.00012272
100.00 0.00012237
100.00 0.00012060
100.00 0.00012174
100.00 0.00012139
100.00 0.00012024
100.00 0.00012163
100.00 0.00012084
100.00 0.00012008
100.00 0.00011970
100.00 0.00011831
100.00 0.00011975
100.00 0.00012055
100.00 0.00012061
100.00 0.00011789
100.00 0.00011866
100.00 0.00011912
100.00 0.00011839
100.00 0.00011872
100.00 0.00011880
100.00 0.00011748
100.00 0.00011705
100.00 0.00011648
100.00 0.00011760
100.00 0.00011606
100.00 0.00011808
100.00 0.00011664
100.00 0.00011651
100.00 0.00011711
100.00 0.00011623
100.00 0.00011598
100.00 0.00011564
100.00 0.00011484
100.00 0.00011497
100.00 0.00011551
100.00 0.00011564
100.00 0.00011474
100.00 0.00011461
100.00 0.00011584
100.00 0.00011342
100.00 0.00011468
100.00 0.00011435
100.00 0.00011365
100.00 0.00011328
100.00 0.00011318
100.00 0.00011242
100.00 0.00011304
100.00 0.00011271
100.00 0.00011172
100.00 0.00011278
100.00 0.00011088
100.00 0.00011269
100.00 0.00011146
100.00 0.00011085
100.00 0.00011044
100.00 0.00011019
100.00 0.00011059
100.00 0.00011028
100.00 0.00011092
100.00 0.00011203
100.00 0.00011022
100.00 0.00010981
100.00 0.00011052
100.00 0.00010853
100.00 0.00011063
100.00 0.00010850
100.00 0.00010849
100.00 0.00010953
100.00 0.00010852
100.00 0.00010707
100.00 0.00010890
100.00 0.00010771
100.00 0.00010656
100.00 0.00010726
100.00 0.00010714
100.00 0.00010681
100.00 0.00010777
100.00 0.00010711
100.00 0.00010626
100.00 0.00010598
100.00 0.00010696
100.00 0.00010650
100.00 0.00010589
100.00 0.00010621
100.00 0.00010476
100.00 0.00010565
100.00 0.00010606
100.00 0.00010570
100.00 0.00010549
100.00 0.00010572
100.00 0.00010464
100.00 0.00010585
100.00 0.00010506
100.00 0.00010462
100.00 0.00010514
100.00 0.00010321
100.00 0.00010439
100.00 0.00010321
100.00 0.00010419
100.00 0.00010253
100.00 0.00010156
100.00 0.00010322
100.00 0.00010249
100.00 0.00010224
100.00 0.00010245
100.00 0.00010238
100.00 0.00010237
100.00 0.00010110
100.00 0.00010166
100.00 0.00010094
100.00 0.00010137
100.00 0.00010143
100.00 0.00009988
100.00 0.00010074
100.00 0.00010085
100.00 0.00010098
100.00 0.00010043
100.00 0.00009941
100.00 0.00010104
100.00 0.00009993
100.00 0.00010047
100.00 0.00010045
100.00 0.00009835
100.00 0.00009919
100.00 0.00009976
100.00 0.00009888
100.00 0.00009872
100.00 0.00009851
100.00 0.00009825
100.00 0.00009923
100.00 0.00009743
100.00 0.00009912
100.00 0.00009821
100.00 0.00009779
100.00 0.00009672
100.00 0.00009673
100.00 0.00009728
100.00 0.00009802
100.00 0.00009677
100.00 0.00009752
100.00 0.00009675
100.00 0.00009690
100.00 0.00009767
100.00 0.00009659
100.00 0.00009612
100.00 0.00009576
100.00 0.00009572
100.00 0.00009583
100.00 0.00009745
100.00 0.00009609
100.00 0.00009637
100.00 0.00009505
100.00 0.00009446
100.00 0.00009570
100.00 0.00009467
100.00 0.00009514
100.00 0.00009546
100.00 0.00009482
100.00 0.00009359
100.00 0.00009380
100.00 0.00009294
100.00 0.00009372
100.00 0.00009272
100.00 0.00009242
100.00 0.00009240
100.00 0.00009273
100.00 0.00009331
100.00 0.00009310
100.00 0.00009258
100.00 0.00009272
100.00 0.00009181
100.00 0.00009112
100.00 0.00009172
100.00 0.00009192
100.00 0.00009227
100.00 0.00009125
100.00 0.00009115
100.00 0.00009119
100.00 0.00009145
100.00 0.00009059
100.00 0.00009219
100.00 0.00009126
100.00 0.00009121
100.00 0.00009066
100.00 0.00009082
100.00 0.00009061
100.00 0.00009081
100.00 0.00009110
100.00 0.00009009
100.00 0.00008971
100.00 0.00009089
100.00 0.00009039
100.00 0.00008875
100.00 0.00008937
100.00 0.00009047
100.00 0.00008865
100.00 0.00008853
100.00 0.00008914
100.00 0.00008809
100.00 0.00008815
100.00 0.00008913
100.00 0.00008768
100.00 0.00008887
100.00 0.00008904
100.00 0.00008797
100.00 0.00008779
100.00 0.00008746
100.00 0.00008808
100.00 0.00008718
100.00 0.00008671
100.00 0.00008772
100.00 0.00008733
100.00 0.00008678
100.00 0.00008628
100.00 0.00008657
100.00 0.00008643
100.00 0.00008712
100.00 0.00008704
100.00 0.00008563
100.00 0.00008629
100.00 0.00008572
100.00 0.00008685
100.00 0.00008497
100.00 0.00008577
100.00 0.00008514
100.00 0.00008583
100.00 0.00008466
100.00 0.00008529
100.00 0.00008499
100.00 0.00008502
100.00 0.00008549
100.00 0.00008439
100.00 0.00008501
100.00 0.00008368
100.00 0.00008480
100.00 0.00008396
100.00 0.00008450
100.00 0.00008419
100.00 0.00008416
100.00 0.00008353
100.00 0.00008427
100.00 0.00008416
100.00 0.00008310
100.00 0.00008345
100.00 0.00008390
100.00 0.00008253
100.00 0.00008340
100.00 0.00008187
100.00 0.00008285
100.00 0.00008281
100.00 0.00008314
100.00 0.00008264
100.00 0.00008162
100.00 0.00008184
100.00 0.00008248
100.00 0.00008214
100.00 0.00008115
100.00 0.00008161
100.00 0.00008094
100.00 0.00008210
100.00 0.00008117
100.00 0.00008063
100.00 0.00008126
100.00 0.00008119
100.00 0.00008063
100.00 0.00008087
100.00 0.00008077
100.00 0.00008149
100.00 0.00008044
100.00 0.00008045
100.00 0.00007986
100.00 0.00008024
100.00 0.00008177
100.00 0.00007982
100.00 0.00007956
100.00 0.00008010
100.00 0.00007972
100.00 0.00008030
100.00 0.00007989
100.00 0.00007999
100.00 0.00007911
100.00 0.00007878
100.00 0.00007936
100.00 0.00007868
100.00 0.00007944
100.00 0.00007851
100.00 0.00007884
100.00 0.00007865
100.00 0.00007853
100.00 0.00007741
100.00 0.00007834
100.00 0.00007810
100.00 0.00007759
100.00 0.00007848
100.00 0.00007770
100.00 0.00007878
100.00 0.00007725
100.00 0.00007781
100.00 0.00007782
100.00 0.00007780
100.00 0.00007737
100.00 0.00007755
100.00 0.00007826
100.00 0.00007685
100.00 0.00007724
100.00 0.00007634
100.00 0.00007747
100.00 0.00007716
100.00 0.00007613
100.00 0.00007798
100.00 0.00007604
100.00 0.00007598
100.00 0.00007668
100.00 0.00007562
100.00 0.00007641
100.00 0.00007602
100.00 0.00007580
100.00 0.00007711
100.00 0.00007556
100.00 0.00007588
100.00 0.00007547
100.00 0.00007602
100.00 0.00007506
100.00 0.00007562
100.00 0.00007508
100.00 0.00007503
100.00 0.00007471
100.00 0.00007455
100.00 0.00007458
100.00 0.00007483
100.00 0.00007543
100.00 0.00007435
100.00 0.00007327
100.00 0.00007470
100.00 0.00007418
100.00 0.00007422
100.00 0.00007402
100.00 0.00007444
100.00 0.00007393
100.00 0.00007347
100.00 0.00007398
100.00 0.00007323
100.00 0.00007324
100.00 0.00007347
100.00 0.00007349
100.00 0.00007431
100.00 0.00007327
100.00 0.00007366
100.00 0.00007277
100.00 0.00007385
100.00 0.00007228
100.00 0.00007321
100.00 0.00007258
100.00 0.00007284
100.00 0.00007280
100.00 0.00007282
100.00 0.00007140
100.00 0.00007228
100.00 0.00007240
100.00 0.00007189
100.00 0.00007177
100.00 0.00007221
100.00 0.00007240
100.00 0.00007145
100.00 0.00007176
100.00 0.00007182
100.00 0.00007140
100.00 0.00007147
100.00 0.00007105
100.00 0.00007106
100.00 0.00007183
100.00 0.00007090
100.00 0.00007070
100.00 0.00007042
100.00 0.00007002
100.00 0.00007011
100.00 0.00007068
100.00 0.00007014
100.00 0.00007025
100.00 0.00007023
100.00 0.00007082
100.00 0.00007027
100.00 0.00007071
100.00 0.00007032
100.00 0.00006979
100.00 0.00006936
100.00 0.00006980
100.00 0.00007024
100.00 0.00006926
100.00 0.00006983
100.00 0.00006939
100.00 0.00006894
100.00 0.00006941
100.00 0.00006916
100.00 0.00006908
100.00 0.00006890
100.00 0.00006864
100.00 0.00006873
100.00 0.00006955
100.00 0.00006822
100.00 0.00006849
100.00 0.00006864
100.00 0.00006810
100.00 0.00006824
100.00 0.00006812
100.00 0.00006929
100.00 0.00006855
100.00 0.00006808
100.00 0.00006830
100.00 0.00006783
100.00 0.00006744
100.00 0.00006752
100.00 0.00006760
100.00 0.00006764
100.00 0.00006737
100.00 0.00006714
100.00 0.00006813
100.00 0.00006685
100.00 0.00006765
100.00 0.00006688
100.00 0.00006668
100.00 0.00006652
100.00 0.00006670
100.00 0.00006700
100.00 0.00006618
100.00 0.00006728
100.00 0.00006639
100.00 0.00006691
100.00 0.00006603
100.00 0.00006638
100.00 0.00006710
100.00 0.00006589
100.00 0.00006600
100.00 0.00006617
100.00 0.00006607
100.00 0.00006594
100.00 0.00006628
100.00 0.00006573
100.00 0.00006610
100.00 0.00006526
100.00 0.00006534
100.00 0.00006628
100.00 0.00006506
100.00 0.00006591
100.00 0.00006554
100.00 0.00006504
100.00 0.00006480
100.00 0.00006540
100.00 0.00006503
100.00 0.00006519
100.00 0.00006458
100.00 0.00006482
100.00 0.00006606
100.00 0.00006454
100.00 0.00006431
100.00 0.00006377
100.00 0.00006449
100.00 0.00006434
100.00 0.00006423
100.00 0.00006429
100.00 0.00006371
100.00 0.00006420
100.00 0.00006368
100.00 0.00006394
100.00 0.00006361
100.00 0.00006398
100.00 0.00006389
100.00 0.00006387
100.00 0.00006316
100.00 0.00006345
100.00 0.00006412
100.00 0.00006327
100.00 0.00006367
100.00 0.00006353
100.00 0.00006324
100.00 0.00006229
100.00 0.00006322
100.00 0.00006378
100.00 0.00006233
100.00 0.00006256
100.00 0.00006384
100.00 0.00006281
100.00 0.00006297
100.00 0.00006245
100.00 0.00006203
100.00 0.00006211
100.00 0.00006250
100.00 0.00006270
100.00 0.00006249
100.00 0.00006251
100.00 0.00006156
100.00 0.00006212
100.00 0.00006146
100.00 0.00006275
100.00 0.00006256
100.00 0.00006134
100.00 0.00006154
100.00 0.00006161
100.00 0.00006112
100.00 0.00006150
100.00 0.00006105
100.00 0.00006184
100.00 0.00006161
100.00 0.00006113
100.00 0.00006137
100.00 0.00006129
100.00 0.00006085
100.00 0.00006061
100.00 0.00006124
100.00 0.00006038
100.00 0.00006058
100.00 0.00006111
