41 100.00 0.00000301
42 100.00 0.00000301
43 100.00 0.00000301
44 100.00 0.00000301
45 100.00 0.00000301
46 100.00 0.00000301
47 100.00 0.00000301
48 100.00 0.00000301
49 100.00 0.00000301
50 100.00 0.00000301
51 100.00 0.00000301
52 100.00 0.00000301
53 100.00 0.00000301
54 100.00 0.00000301
55 100.00 0.00000301
56 100.00 0.00000301
57 100.00 0.00000301
58 100.00 0.00000301
59 100.00 0.00000301
60 100.00 0.00000301
61 100.00 0.00000301
62 100.00 0.00000301
63 100.00 0.00000301
64 100.00 0.00000301
65 100.00 0.00000301
66 100.00 0.00000301
91 100.00 0.00000300
116 100.00 0.00000299
141 100.00 0.00000298
166 100.00 0.00000298
191 100.00 0.00000297
216 100.00 0.00000296
241 100.00 0.00000296
266 100.00 0.00000295
291 100.00 0.00000295
316 100.00 0.00000294
341 100.00 0.00000294
366 100.00 0.00000293
391 100.00 0.00000292
416 100.00 0.00000291
441 100.00 0.00000291
466 100.00 0.00000291
491 100.00 0.00000290
516 100.00 0.00000290
541 100.00 0.00000289
566 100.00 0.00000288
591 100.00 0.00000288
616 100.00 0.00000287
641 100.00 0.00000286
666 100.00 0.00000286
691 100.00 0.00000286
716 100.00 0.00000285
741 100.00 0.00000284
766 100.00 0.00000284
791 100.00 0.00000283
816 100.00 0.00000282
841 100.00 0.00000282
866 100.00 0.00000280
891 100.00 0.00000280
916 100.00 0.00000279
941 100.00 0.00000279
966 100.00 0.00000278
991 100.00 0.00000277
1016 100.00 0.00000277
1040 100.00 0.00000276
