1 10.00 2.30297935
81 13.00 2.30006111
161 19.00 2.29705977
241 25.00 2.29325509
321 48.00 2.28775954
401 62.00 2.27852547
481 51.00 2.25931585
561 39.00 2.20814550
641 28.00 1.99242264
721 40.00 1.53450692
801 48.00 1.17942947
881 64.00 0.94774795
961 58.00 0.94030678
1041 76.00 0.64810333
1121 86.00 0.50633416
1201 92.00 0.39857925
1281 93.00 0.27972196
1361 98.00 0.15695442
1441 99.00 0.12148895
1521 100.00 0.05009651
1601 100.00 0.03011692
1681 100.00 0.02047281
1761 100.00 0.01493817
1841 100.00 0.01149721
1921 100.00 0.00918334
2001 100.00 0.00754508
2081 100.00 0.00633860
2161 100.00 0.00542265
2241 100.00 0.00471217
2321 100.00 0.00414319
2401 100.00 0.00368173
2481 100.00 0.00330166
2561 100.00 0.00298295
2641 100.00 0.00271380
2721 100.00 0.00248345
2801 100.00 0.00228480
2881 100.00 0.00211215
2961 100.00 0.00196082
3041 100.00 0.00182700
3121 100.00 0.00170831
3201 100.00 0.00160244
3281 100.00 0.00150740
3361 100.00 0.00142174
3441 100.00 0.00134421
3521 100.00 0.00127364
3601 100.00 0.00120937
3681 100.00 0.00115054
3761 100.00 0.00109661
3841 100.00 0.00104687
3921 100.00 0.00100100
4001 100.00 0.00095852
4081 100.00 0.00091911
4161 100.00 0.00088242
4241 100.00 0.00084823
4321 100.00 0.00081628
4401 100.00 0.00078638
4481 100.00 0.00075833
4561 100.00 0.00073201
4641 100.00 0.00070726
4721 100.00 0.00068397
4800 100.00 0.00066230
