1 50.60 2.20556097
2 28.80 1.84447548
3 15.30 3.17299237
4 43.50 1.73062320
5 53.20 1.32986937
6 66.50 1.08150989
7 50.40 1.41496620
8 43.10 1.80773749
9 80.00 0.79990104
10 75.70 0.63262560
101 100.00 0.00132613
201 100.00 0.00047975
301 100.00 0.00027856
401 100.00 0.00019200
501 100.00 0.00014472
601 100.00 0.00011515
701 100.00 0.00009510
801 100.00 0.00008072
901 100.00 0.00006991
1001 100.00 0.00006152
1101 100.00 0.00005482
1201 100.00 0.00004937
1301 100.00 0.00004484
1401 100.00 0.00004104
1501 100.00 0.00003779
1601 100.00 0.00003499
1701 100.00 0.00003255
1800 100.00 0.00003044
