1 65.46 0.89924477
5 97.26 0.09641152
9 97.52 0.07816768
13 99.71 0.01353709
17 99.88 0.00702016
21 100.00 0.00162183
25 100.00 0.00073621
29 100.00 0.00073495
33 100.00 0.00036170
37 100.00 0.00028427
41 100.00 0.00023066
45 100.00 0.00019476
49 100.00 0.00016804
53 100.00 0.00014823
57 100.00 0.00013104
61 100.00 0.00011859
65 100.00 0.00010674
69 100.00 0.00009770
73 100.00 0.00008939
77 100.00 0.00008280
81 100.00 0.00007644
85 100.00 0.00007115
89 100.00 0.00006663
93 100.00 0.00006256
97 100.00 0.00005904
101 100.00 0.00005571
105 100.00 0.00005252
109 100.00 0.00004985
113 100.00 0.00004749
117 100.00 0.00004539
120 100.00 0.00004360
