1 100.00 0.00000241
2 100.00 0.00000242
3 100.00 0.00000240
4 100.00 0.00000242
5 100.00 0.00000243
6 100.00 0.00000241
7 100.00 0.00000242
8 100.00 0.00000243
9 100.00 0.00000240
10 100.00 0.00000244
11 100.00 0.00000241
12 100.00 0.00000241
13 100.00 0.00000241
14 100.00 0.00000240
15 100.00 0.00000239
16 100.00 0.00000241
17 100.00 0.00000242
18 100.00 0.00000240
19 100.00 0.00000241
20 100.00 0.00000243
21 100.00 0.00000241
22 100.00 0.00000242
23 100.00 0.00000240
24 100.00 0.00000243
25 100.00 0.00000241
26 100.00 0.00000240
27 100.00 0.00000242
28 100.00 0.00000240
29 100.00 0.00000242
30 100.00 0.00000240
31 100.00 0.00000241
32 100.00 0.00000241
33 100.00 0.00000241
34 100.00 0.00000240
35 100.00 0.00000241
36 100.00 0.00000242
37 100.00 0.00000240
38 100.00 0.00000239
39 100.00 0.00000240
40 100.00 0.00000241
41 100.00 0.00000241
81 100.00 0.00000242
121 100.00 0.00000240
161 100.00 0.00000240
201 100.00 0.00000240
241 100.00 0.00000240
281 100.00 0.00000239
321 100.00 0.00000239
361 100.00 0.00000241
401 100.00 0.00000239
441 100.00 0.00000241
481 100.00 0.00000240
521 100.00 0.00000240
561 100.00 0.00000239
601 100.00 0.00000240
641 100.00 0.00000240
681 100.00 0.00000239
721 100.00 0.00000239
761 100.00 0.00000238
801 100.00 0.00000239
841 100.00 0.00000238
881 100.00 0.00000237
921 100.00 0.00000237
961 100.00 0.00000238
1001 100.00 0.00000237
1041 100.00 0.00000238
1081 100.00 0.00000238
1121 100.00 0.00000237
1161 100.00 0.00000236
1200 100.00 0.00000235
