1 14.10 2.29836213
2 26.20 2.29015683
3 34.00 2.26034866
4 31.30 1.99135164
5 43.60 1.48804425
6 53.40 1.24049740
7 62.80 0.96350175
8 70.40 0.78562111
9 79.40 0.59252388
10 88.80 0.39894433
11 89.40 0.36754274
12 95.90 0.17236013
13 95.00 0.15364117
14 98.00 0.09386684
15 99.10 0.05727158
16 99.70 0.02690741
17 99.90 0.01491730
18 99.30 0.02083460
19 100.00 0.00413323
20 100.00 0.00275855
21 100.00 0.00221971
22 100.00 0.00184075
23 100.00 0.00159230
24 100.00 0.00139358
25 100.00 0.00124621
26 100.00 0.00112258
27 100.00 0.00103617
28 100.00 0.00094474
29 100.00 0.00086728
30 100.00 0.00080598
31 100.00 0.00075234
32 100.00 0.00070950
33 100.00 0.00066491
34 100.00 0.00062273
35 100.00 0.00058974
36 100.00 0.00055980
37 100.00 0.00053123
38 100.00 0.00050749
39 100.00 0.00048647
40 100.00 0.00046203
41 100.00 0.00044251
61 100.00 0.00023524
81 100.00 0.00015676
101 100.00 0.00011602
121 100.00 0.00009133
141 100.00 0.00007492
161 100.00 0.00006326
181 100.00 0.00005458
201 100.00 0.00004786
221 100.00 0.00004255
241 100.00 0.00003823
261 100.00 0.00003466
281 100.00 0.00003166
301 100.00 0.00002911
321 100.00 0.00002691
341 100.00 0.00002501
361 100.00 0.00002334
381 100.00 0.00002186
401 100.00 0.00002056
421 100.00 0.00001939
441 100.00 0.00001834
461 100.00 0.00001738
481 100.00 0.00001652
501 100.00 0.00001573
521 100.00 0.00001501
541 100.00 0.00001435
561 100.00 0.00001374
581 100.00 0.00001318
600 100.00 0.00001269
