1 46.60 6.11279116
2 44.20 5.75856066
3 23.20 5.66131535
4 22.00 5.78846588
5 31.80 5.43191481
6 45.20 4.97447214
7 57.60 4.53734608
8 55.80 4.38753214
9 72.20 3.88515177
10 46.00 4.39375105
11 66.20 3.85685997
12 64.00 3.89363990
13 85.80 3.17722926
14 68.40 3.54369888
15 89.00 2.92823977
16 46.60 4.15015697
17 67.00 3.32391348
18 72.20 2.97787857
19 80.20 2.81761699
20 47.40 3.69840431
201 97.40 0.48497571
401 92.60 0.68032371
601 100.00 0.40756849
801 100.00 0.37119076
1001 100.00 0.38233947
1201 100.00 0.36266090
1401 69.40 1.27103207
1601 100.00 0.39728099
1801 100.00 0.36797881
2001 100.00 0.37189887
2201 100.00 0.35213948
2401 100.00 0.35991292
2601 100.00 0.36833301
2801 100.00 0.35040774
3001 100.00 0.36150882
3201 100.00 0.34984300
3401 100.00 0.37384448
3600 100.00 0.41447325
