1 10.00 2.30255948
41 23.80 2.29751185
81 57.20 2.28397827
121 36.60 2.09186286
161 79.40 0.59704211
201 97.20 0.14229662
241 100.00 0.01712731
281 100.00 0.00688296
321 100.00 0.00387464
361 100.00 0.00259061
401 100.00 0.00189991
441 100.00 0.00147497
481 100.00 0.00119358
521 100.00 0.00099344
561 100.00 0.00084649
601 100.00 0.00073377
641 100.00 0.00064527
681 100.00 0.00057413
721 100.00 0.00051593
761 100.00 0.00046736
801 100.00 0.00042647
841 100.00 0.00039151
881 100.00 0.00036139
921 100.00 0.00033517
961 100.00 0.00031219
1001 100.00 0.00029187
1041 100.00 0.00027382
1081 100.00 0.00025769
1121 100.00 0.00024319
1161 100.00 0.00023010
1200 100.00 0.00021850
