1 32.40 2.29241154
2 42.90 2.28130728
3 47.90 2.26751816
4 56.60 2.24883342
5 64.40 2.22209379
6 63.00 2.18093207
7 63.70 2.11452025
8 67.10 2.00304927
9 67.90 1.82017954
10 71.00 1.55308264
11 75.10 1.25762510
12 75.30 1.04205614
13 65.70 1.03687932
14 78.40 0.82653760
15 77.80 0.70329301
16 79.90 0.66336652
17 81.40 0.64457950
18 84.10 0.53198896
19 83.20 0.52642981
20 86.10 0.46749509
21 87.90 0.43216822
22 82.30 0.51582697
23 86.30 0.46118832
24 87.40 0.40083659
25 91.10 0.32273429
26 90.20 0.33565990
27 85.80 0.42152119
28 90.60 0.31558933
29 92.70 0.26557118
30 93.00 0.25157549
31 94.00 0.22076681
32 93.00 0.24780867
33 91.30 0.27560054
34 91.20 0.31225935
35 94.10 0.19468447
36 96.00 0.17142513
37 95.10 0.17612081
38 95.60 0.16830256
39 94.20 0.17966014
40 92.40 0.23932381
41 96.80 0.13605035
42 95.90 0.14562878
43 97.30 0.12530183
44 96.90 0.11742425
45 97.70 0.11787831
46 96.00 0.14082326
47 98.90 0.08487323
48 98.00 0.09557346
49 97.90 0.08389225
50 98.20 0.08669308
201 100.00 0.00196812
401 100.00 0.00066435
601 100.00 0.00037085
801 100.00 0.00025231
1001 100.00 0.00018693
1201 100.00 0.00014724
1401 100.00 0.00011967
1601 100.00 0.00010201
1801 100.00 0.00008691
2001 100.00 0.00007612
2201 100.00 0.00006754
2401 100.00 0.00006074
2601 100.00 0.00005471
2801 100.00 0.00005031
3001 100.00 0.00004604
3201 100.00 0.00004246
3401 100.00 0.00003941
3601 100.00 0.00003682
3801 100.00 0.00003467
4001 100.00 0.00003241
4201 100.00 0.00003036
4401 100.00 0.00002889
4601 100.00 0.00002723
4801 100.00 0.00002582
5001 100.00 0.00002496
5201 100.00 0.00002355
5401 100.00 0.00002237
5601 100.00 0.00002155
5801 100.00 0.00002060
6001 100.00 0.00001987
6201 100.00 0.00001904
6401 100.00 0.00001835
6601 100.00 0.00001778
6801 100.00 0.00001704
7001 100.00 0.00001661
7201 100.00 0.00001598
7401 100.00 0.00001536
7601 100.00 0.00001491
7801 100.00 0.00001438
8001 100.00 0.00001405
8201 100.00 0.00001361
8401 100.00 0.00001338
8601 100.00 0.00001297
8801 100.00 0.00001253
9001 100.00 0.00001226
9201 100.00 0.00001188
9401 100.00 0.00001159
9601 100.00 0.00001134
9801 100.00 0.00001110
10001 100.00 0.00001071
10201 100.00 0.00001052
10401 100.00 0.00001022
10601 100.00 0.00001003
10801 100.00 0.00000987
11001 100.00 0.00000964
11201 100.00 0.00000944
11401 100.00 0.00000917
11601 100.00 0.00000902
11801 100.00 0.00000881
12001 100.00 0.00000863
12201 100.00 0.00000850
12401 100.00 0.00000834
12601 100.00 0.00000821
12801 100.00 0.00000804
13001 100.00 0.00000790
13201 100.00 0.00000775
13401 100.00 0.00000763
13601 100.00 0.00000750
13801 100.00 0.00000740
14001 100.00 0.00000727
14201 100.00 0.00000712
14401 100.00 0.00000698
14601 100.00 0.00000690
14801 100.00 0.00000676
15001 100.00 0.00000671
15201 100.00 0.00000652
15401 100.00 0.00000646
15601 100.00 0.00000635
15801 100.00 0.00000630
16001 100.00 0.00000622
16201 100.00 0.00000606
16401 100.00 0.00000601
16601 100.00 0.00000591
16801 100.00 0.00000583
17001 100.00 0.00000577
17201 100.00 0.00000567
17401 100.00 0.00000557
17601 100.00 0.00000554
17801 100.00 0.00000546
18001 100.00 0.00000541
18201 100.00 0.00000529
18401 100.00 0.00000527
18601 100.00 0.00000519
18801 100.00 0.00000515
19001 100.00 0.00000509
19201 100.00 0.00000499
19401 100.00 0.00000493
19601 100.00 0.00000489
19801 100.00 0.00000481
20001 100.00 0.00000476
20201 100.00 0.00000470
20401 100.00 0.00000467
20601 100.00 0.00000462
20801 100.00 0.00000458
21001 100.00 0.00000448
21201 100.00 0.00000445
21401 100.00 0.00000440
21601 100.00 0.00000437
21801 100.00 0.00000430
22001 100.00 0.00000430
22201 100.00 0.00000421
22401 100.00 0.00000419
22601 100.00 0.00000414
22801 100.00 0.00000408
23001 100.00 0.00000406
23201 100.00 0.00000399
23401 100.00 0.00000397
23601 100.00 0.00000393
23801 100.00 0.00000388
24001 100.00 0.00000386
24201 100.00 0.00000380
24401 100.00 0.00000377
24601 100.00 0.00000376
24801 100.00 0.00000371
25001 100.00 0.00000370
25201 100.00 0.00000364
25401 100.00 0.00000360
25601 100.00 0.00000358
25801 100.00 0.00000354
26001 100.00 0.00000350
26201 100.00 0.00000347
26401 100.00 0.00000343
26601 100.00 0.00000341
26801 100.00 0.00000339
27001 100.00 0.00000336
27201 100.00 0.00000334
27401 100.00 0.00000330
27601 100.00 0.00000329
27801 100.00 0.00000326
28001 100.00 0.00000321
28201 100.00 0.00000323
28401 100.00 0.00000318
28601 100.00 0.00000314
28801 100.00 0.00000312
29001 100.00 0.00000308
29201 100.00 0.00000307
29401 100.00 0.00000305
29601 100.00 0.00000303
29801 100.00 0.00000299
30001 100.00 0.00000298
30201 100.00 0.00000295
30401 100.00 0.00000293
30601 100.00 0.00000292
30801 100.00 0.00000289
31001 100.00 0.00000285
31201 100.00 0.00000285
31401 100.00 0.00000284
31601 100.00 0.00000280
31801 100.00 0.00000277
32001 100.00 0.00000277
32201 100.00 0.00000278
32401 100.00 0.00000273
32601 100.00 0.00000269
32801 100.00 0.00000269
33001 100.00 0.00000266
33201 100.00 0.00000264
33401 100.00 0.00000262
33601 100.00 0.00000261
33801 100.00 0.00000259
34001 100.00 0.00000260
34201 100.00 0.00000256
34401 100.00 0.00000255
34601 100.00 0.00000252
34801 100.00 0.00000249
35001 100.00 0.00000249
35201 100.00 0.00000247
35401 100.00 0.00000247
35601 100.00 0.00000245
35801 100.00 0.00000244
36000 100.00 0.00000240
