1 87.82 0.41814604
2 91.86 0.28375453
3 92.40 0.25031569
4 94.89 0.17835645
5 96.01 0.13958506
6 96.66 0.11781786
7 97.19 0.09908775
8 97.53 0.08747259
9 97.83 0.07728684
10 98.15 0.06564052
11 98.22 0.06282656
12 98.76 0.04677762
13 98.78 0.04476945
14 99.07 0.03672906
15 99.19 0.03328811
16 98.94 0.03686287
17 99.43 0.02594074
18 99.53 0.02279889
19 99.54 0.02035710
20 99.70 0.01642601
21 99.72 0.01530862
22 99.66 0.01604449
23 99.81 0.01152309
24 99.80 0.01175123
25 99.38 0.02245310
26 99.92 0.00732885
27 99.80 0.01125006
28 99.94 0.00677782
29 99.97 0.00491736
30 99.97 0.00471099
31 99.98 0.00395475
32 99.98 0.00353569
33 100.00 0.00323110
34 99.98 0.00323126
35 100.00 0.00254925
36 100.00 0.00235894
37 100.00 0.00223586
38 100.00 0.00244750
39 100.00 0.00182769
40 100.00 0.00169320
41 100.00 0.00160626
42 100.00 0.00160310
43 100.00 0.00141864
44 100.00 0.00138651
45 100.00 0.00124927
46 100.00 0.00117617
47 100.00 0.00120086
48 100.00 0.00120614
49 100.00 0.00102776
50 100.00 0.00098003
51 100.00 0.00097967
52 100.00 0.00090171
53 100.00 0.00086824
54 100.00 0.00083338
55 100.00 0.00079463
56 100.00 0.00080134
57 100.00 0.00074734
58 100.00 0.00073003
59 100.00 0.00071222
60 100.00 0.00067082
