1 10.00 2.30181295
201 100.00 0.00065921
401 100.00 0.00020837
601 100.00 0.00011682
801 100.00 0.00007927
1001 100.00 0.00005925
1201 100.00 0.00004693
1401 100.00 0.00003863
1601 100.00 0.00003270
1801 100.00 0.00002826
2001 100.00 0.00002483
2201 100.00 0.00002210
2401 100.00 0.00001988
2601 100.00 0.00001803
2801 100.00 0.00001649
3001 100.00 0.00001519
3201 100.00 0.00001406
3401 100.00 0.00001307
3601 100.00 0.00001221
3801 100.00 0.00001145
4001 100.00 0.00001077
4201 100.00 0.00001017
4401 100.00 0.00000962
4601 100.00 0.00000913
4801 100.00 0.00000868
5001 100.00 0.00000825
5201 100.00 0.00000789
5401 100.00 0.00000754
5601 100.00 0.00000723
5801 100.00 0.00000694
6000 100.00 0.00000668
