1 16.50 2.29331104
2 21.75 2.28423519
3 29.25 2.27463604
4 40.25 2.26392739
5 46.75 2.25137931
6 56.25 2.23619827
7 66.25 2.21723748
8 69.00 2.19270975
9 71.25 2.16013828
10 69.75 2.11593919
11 67.75 2.05527194
12 71.25 1.97122377
13 72.00 1.85876967
14 70.50 1.71260210
15 73.00 1.53943772
16 72.25 1.35628377
17 81.00 1.14916894
18 78.75 0.99101190
19 82.00 0.84987468
20 82.25 0.72732349
21 86.50 0.58877230
22 87.50 0.54077477
23 87.25 0.46736808
24 87.75 0.43957997
25 93.00 0.33066833
26 95.50 0.29844041
27 96.00 0.22127526
28 98.25 0.18645697
29 98.75 0.14918168
30 98.75 0.14201032
31 99.25 0.10794960
32 98.00 0.13249508
33 99.50 0.08396324
34 100.00 0.06529676
35 99.25 0.06619586
36 99.75 0.05801612
37 100.00 0.04461640
38 100.00 0.04072984
39 100.00 0.03540451
40 100.00 0.03390728
41 100.00 0.03057037
42 100.00 0.02702735
43 100.00 0.02499872
44 100.00 0.02303811
45 100.00 0.02105302
46 100.00 0.02002000
47 100.00 0.01864616
48 100.00 0.01757184
49 100.00 0.01647598
50 100.00 0.01551706
1001 100.00 0.00012887
2001 100.00 0.00005524
3001 100.00 0.00003398
4001 100.00 0.00002417
5001 100.00 0.00001858
6001 100.00 0.00001501
7001 100.00 0.00001253
8001 100.00 0.00001072
9001 100.00 0.00000936
10001 100.00 0.00000828
11001 100.00 0.00000742
12001 100.00 0.00000671
13001 100.00 0.00000612
14001 100.00 0.00000562
15001 100.00 0.00000519
16001 100.00 0.00000482
17001 100.00 0.00000450
18001 100.00 0.00000421
19001 100.00 0.00000396
20001 100.00 0.00000373
21001 100.00 0.00000353
22001 100.00 0.00000335
23001 100.00 0.00000318
24000 100.00 0.00000303
