1 56.51 0.98240730
2 72.88 0.63844778
3 75.95 0.57315596
4 78.54 0.53708581
5 74.23 0.64948151
6 85.20 0.39397406
7 84.69 0.39676726
8 88.00 0.32900249
9 85.39 0.38575039
10 87.30 0.34091536
11 85.52 0.44164618
12 89.39 0.28336833
13 84.33 0.43976097
14 83.15 0.41080054
15 12.37 2.26980892
16 82.48 0.48153953
17 87.41 0.33973833
18 86.00 0.38916231
19 33.91 1.98064000
20 81.85 0.49353523
21 87.33 0.34824382
31 83.47 0.55239478
41 91.84 0.21040647
51 80.67 0.89738562
61 94.55 0.13878977
71 93.64 0.17478557
81 94.12 0.16679226
91 95.30 0.11665190
101 94.47 0.15436587
111 97.30 0.06530114
121 95.09 0.21094510
131 95.22 0.14007563
141 97.38 0.07640098
151 95.23 0.15596073
161 99.37 0.01785947
171 95.01 0.14538264
181 99.53 0.01397991
191 100.00 0.00063835
201 99.99 0.00140446
211 100.00 0.00030001
221 100.00 0.00012311
231 100.00 0.00007924
241 100.00 0.00005905
251 100.00 0.00004676
261 100.00 0.00003875
271 100.00 0.00003295
281 100.00 0.00002864
291 100.00 0.00002529
301 100.00 0.00002271
311 100.00 0.00002049
321 100.00 0.00001872
331 100.00 0.00001714
341 100.00 0.00001588
351 100.00 0.00001475
361 100.00 0.00001375
371 100.00 0.00001288
381 100.00 0.00001210
391 100.00 0.00001142
400 100.00 0.00001089
