1 52.32 1.70880593
2 61.36 1.06705373
3 66.46 0.86715621
4 70.53 0.76833178
5 73.26 0.71712842
6 76.30 0.66190187
7 77.93 0.63433861
8 78.95 0.59853778
9 80.06 0.57430267
10 78.29 0.60483129
11 81.39 0.53727173
12 81.28 0.53785523
13 82.65 0.50376977
14 82.10 0.50926697
15 82.82 0.49509499
16 83.34 0.47757704
17 83.64 0.47270929
18 83.12 0.47768150
19 84.02 0.45598683
20 83.56 0.47142335
21 83.03 0.48293826
22 84.38 0.44878420
23 84.89 0.43305531
24 83.62 0.46552595
25 84.80 0.43198109
26 84.24 0.44889013
27 85.20 0.42640926
28 85.49 0.41453329
29 84.11 0.43920713
30 85.57 0.41819926
31 85.41 0.41685713
32 85.30 0.42137590
33 85.84 0.40505607
34 86.09 0.39842392
35 86.33 0.39394244
36 84.63 0.42776422
37 86.05 0.39856942
38 85.77 0.39993395
39 86.44 0.39111699
40 85.78 0.41234370
41 85.25 0.42373868
42 86.96 0.37663632
43 86.76 0.37706301
44 86.75 0.38031290
45 87.24 0.36926451
46 87.01 0.37359200
47 87.12 0.37134443
48 85.09 0.42296798
49 84.60 0.42219312
50 86.53 0.37753593
51 87.64 0.35363534
52 87.76 0.35269934
53 87.39 0.35545316
54 87.74 0.35150569
55 87.38 0.36008127
56 86.90 0.36925332
57 87.48 0.35431272
58 87.02 0.36762094
59 87.35 0.36150470
60 85.96 0.39112637
61 88.24 0.33536457
62 87.83 0.34352544
63 88.01 0.34126536
64 87.25 0.35402052
65 88.07 0.34070033
66 87.19 0.35598910
67 88.32 0.33160094
68 88.77 0.32044816
69 86.32 0.37256962
70 88.16 0.33375858
71 88.00 0.33742436
72 87.94 0.33904005
73 88.49 0.32964064
74 88.21 0.33393744
75 89.02 0.31088631
76 88.63 0.32204676
77 88.70 0.32133685
78 88.82 0.31778350
79 89.03 0.31196477
80 89.22 0.30543886
81 88.73 0.31615330
82 89.16 0.30418772
83 88.89 0.31460109
84 89.25 0.30502279
85 88.91 0.30905504
86 88.95 0.30804318
87 87.91 0.33509940
88 88.68 0.31723804
89 89.60 0.29244340
90 88.49 0.31518789
91 89.30 0.29953277
92 89.08 0.30475894
93 89.99 0.28389213
94 89.25 0.30509734
95 89.34 0.29974790
96 90.00 0.28171199
97 87.00 0.36461503
98 89.33 0.29391530
99 89.66 0.29387716
100 90.37 0.27309664
