1 23.20 2.29713333
2 26.20 2.29183394
3 27.60 2.28608131
4 30.60 2.28007776
5 35.40 2.27322555
6 39.40 2.26537484
7 42.60 2.25615007
8 42.00 2.24547207
9 44.40 2.23192340
10 45.80 2.21530622
11 47.60 2.19494474
12 52.60 2.16955084
13 52.80 2.13631582
14 59.20 2.09501737
15 60.20 2.04293042
16 61.20 1.97688237
17 60.40 1.89583465
18 65.00 1.79518971
19 65.40 1.68060845
20 66.40 1.55152413
21 72.20 1.41330433
22 71.00 1.28048080
23 70.80 1.16150773
24 71.00 1.05481678
25 71.80 0.97301894
26 72.20 0.89598823
27 81.00 0.81724212
28 72.40 0.88526523
29 66.00 0.96150170
30 80.20 0.74381949
31 83.20 0.66869158
32 77.00 0.74972044
33 81.00 0.60174632
34 78.60 0.63015993
35 88.20 0.51063985
36 82.20 0.53849382
37 83.00 0.56840464
38 88.60 0.43629031
39 84.00 0.47540669
40 87.20 0.42313287
41 88.80 0.39848722
42 92.00 0.34517653
43 91.40 0.34498227
44 90.00 0.35140891
45 89.20 0.35259003
46 87.40 0.36915287
47 92.80 0.27373656
48 93.80 0.26937883
49 94.80 0.23579657
50 95.00 0.23201505
51 93.00 0.26717313
52 94.80 0.21186646
53 92.40 0.26182777
54 95.60 0.20699800
55 94.40 0.19486707
56 96.60 0.17689716
57 97.40 0.16776977
58 96.20 0.16040703
59 96.20 0.16897727
60 91.00 0.28215005
61 93.80 0.20902855
62 98.00 0.12255284
63 98.20 0.11494765
64 98.20 0.11441284
65 98.60 0.11085145
66 95.80 0.15485897
67 99.00 0.09605585
68 93.80 0.17850582
69 98.80 0.08860892
70 98.20 0.09045160
71 98.80 0.09416095
72 98.00 0.09249840
73 99.60 0.06932938
74 99.60 0.06924125
75 99.60 0.06829652
76 99.80 0.05984038
77 99.60 0.05899672
78 99.80 0.05534785
79 99.80 0.05389866
80 99.60 0.05196942
81 99.40 0.05429104
82 100.00 0.04840192
83 100.00 0.04409878
84 100.00 0.04541536
85 100.00 0.04280207
86 100.00 0.04057798
87 100.00 0.03831073
88 100.00 0.03778307
89 100.00 0.03509446
90 100.00 0.03469150
91 100.00 0.03228163
92 100.00 0.03222794
93 100.00 0.03065313
94 100.00 0.02922693
95 100.00 0.02897003
96 100.00 0.02697659
97 100.00 0.02767265
98 100.00 0.02586190
99 100.00 0.02517813
100 100.00 0.02397350
101 100.00 0.02559788
151 100.00 0.00830531
201 100.00 0.00450567
251 100.00 0.00299710
301 100.00 0.00217628
351 100.00 0.00169210
401 100.00 0.00136097
451 100.00 0.00113527
501 100.00 0.00097289
551 100.00 0.00084113
601 100.00 0.00074219
651 100.00 0.00066851
701 100.00 0.00059606
751 100.00 0.00054146
801 100.00 0.00049360
851 100.00 0.00045553
901 100.00 0.00042077
951 100.00 0.00039160
1001 100.00 0.00036193
1051 100.00 0.00033951
1101 100.00 0.00032063
1151 100.00 0.00030021
1201 100.00 0.00028443
1251 100.00 0.00026804
1301 100.00 0.00025636
1351 100.00 0.00024224
1401 100.00 0.00023118
1451 100.00 0.00022041
1501 100.00 0.00021091
1551 100.00 0.00020406
1601 100.00 0.00019567
1651 100.00 0.00018680
1701 100.00 0.00017942
1751 100.00 0.00017238
1801 100.00 0.00016710
1851 100.00 0.00016170
1901 100.00 0.00015510
1951 100.00 0.00014985
2001 100.00 0.00014572
2051 100.00 0.00014011
2101 100.00 0.00013716
2151 100.00 0.00013309
2201 100.00 0.00012891
2251 100.00 0.00012519
2301 100.00 0.00012207
2351 100.00 0.00011844
2401 100.00 0.00011488
2451 100.00 0.00011219
2501 100.00 0.00010978
2551 100.00 0.00010720
2601 100.00 0.00010418
2651 100.00 0.00010188
2701 100.00 0.00009927
2751 100.00 0.00009723
2801 100.00 0.00009481
2851 100.00 0.00009291
2901 100.00 0.00009107
2951 100.00 0.00008885
3001 100.00 0.00008754
3051 100.00 0.00008517
3101 100.00 0.00008372
3151 100.00 0.00008166
3201 100.00 0.00008062
3251 100.00 0.00007873
3301 100.00 0.00007724
3351 100.00 0.00007577
3401 100.00 0.00007452
3451 100.00 0.00007292
3501 100.00 0.00007191
3551 100.00 0.00006999
3601 100.00 0.00006966
3651 100.00 0.00006849
3701 100.00 0.00006711
3751 100.00 0.00006583
3801 100.00 0.00006483
3851 100.00 0.00006343
3901 100.00 0.00006288
3951 100.00 0.00006183
4001 100.00 0.00006094
4051 100.00 0.00005991
4101 100.00 0.00005910
4151 100.00 0.00005772
4201 100.00 0.00005728
4251 100.00 0.00005673
4301 100.00 0.00005558
4351 100.00 0.00005486
4401 100.00 0.00005408
4451 100.00 0.00005360
4501 100.00 0.00005263
4551 100.00 0.00005219
4601 100.00 0.00005138
4651 100.00 0.00005059
4701 100.00 0.00005023
4751 100.00 0.00004920
4801 100.00 0.00004862
4851 100.00 0.00004802
4901 100.00 0.00004725
4951 100.00 0.00004677
5001 100.00 0.00004626
5051 100.00 0.00004560
5101 100.00 0.00004525
5151 100.00 0.00004443
5201 100.00 0.00004407
5251 100.00 0.00004348
5301 100.00 0.00004307
5351 100.00 0.00004263
5401 100.00 0.00004212
5451 100.00 0.00004160
5501 100.00 0.00004107
5551 100.00 0.00004082
5601 100.00 0.00004026
5651 100.00 0.00003990
5701 100.00 0.00003937
5751 100.00 0.00003927
5801 100.00 0.00003858
5851 100.00 0.00003805
5901 100.00 0.00003802
5951 100.00 0.00003742
6001 100.00 0.00003692
6051 100.00 0.00003663
6101 100.00 0.00003620
6151 100.00 0.00003587
6201 100.00 0.00003559
6251 100.00 0.00003528
6301 100.00 0.00003490
6351 100.00 0.00003473
6401 100.00 0.00003433
6451 100.00 0.00003395
6501 100.00 0.00003349
6551 100.00 0.00003342
6601 100.00 0.00003296
6651 100.00 0.00003258
6701 100.00 0.00003237
6751 100.00 0.00003237
6801 100.00 0.00003184
6851 100.00 0.00003160
6901 100.00 0.00003140
6951 100.00 0.00003100
7001 100.00 0.00003072
7051 100.00 0.00003039
7101 100.00 0.00003050
7151 100.00 0.00002996
7200 100.00 0.00002983
