1 11.00 2.30256236
2 11.00 2.30251658
3 11.00 2.30247098
4 11.00 2.30242574
5 11.00 2.30238152
6 11.00 2.30233723
7 11.00 2.30229360
8 11.00 2.30225039
9 11.00 2.30220830
10 11.00 2.30216670
11 11.00 2.30212492
12 11.00 2.30208355
13 11.00 2.30204260
14 11.00 2.30200201
15 11.00 2.30196172
16 11.00 2.30192155
17 11.00 2.30188119
18 11.00 2.30184132
19 11.00 2.30180144
20 11.00 2.30176169
21 11.00 2.30172211
41 12.00 2.30096489
61 18.00 2.30022401
81 21.00 2.29947782
101 23.00 2.29870254
121 28.00 2.29787153
141 29.00 2.29699230
161 30.00 2.29604280
181 38.00 2.29498863
201 46.00 2.29381883
221 59.00 2.29247665
241 67.00 2.29096180
261 76.00 2.28921419
281 81.00 2.28717333
301 84.00 2.28476214
321 86.00 2.28187364
341 85.00 2.27835810
361 86.00 2.27403307
381 85.00 2.26853108
401 85.00 2.26143551
421 82.00 2.25199485
441 83.00 2.23886776
461 72.00 2.21981281
481 68.00 2.19048268
501 63.00 2.14248145
521 57.00 2.05693442
541 51.00 1.90123481
561 57.00 1.64901221
581 74.00 1.31165779
601 74.00 0.95707391
621 84.00 0.67384666
641 88.00 0.48445596
661 90.00 0.34268041
681 95.00 0.24073369
701 98.00 0.18097080
721 97.00 0.12353045
741 99.00 0.08431349
761 100.00 0.06152251
781 100.00 0.04370735
801 100.00 0.03152409
821 100.00 0.02400362
841 100.00 0.01897444
861 100.00 0.01539618
881 100.00 0.01283350
901 100.00 0.01087887
921 100.00 0.00941023
941 100.00 0.00822153
961 100.00 0.00727722
981 100.00 0.00650333
1001 100.00 0.00585771
1021 100.00 0.00531592
1041 100.00 0.00485474
1061 100.00 0.00445769
1081 100.00 0.00411163
1101 100.00 0.00380911
1121 100.00 0.00354278
1141 100.00 0.00330718
1161 100.00 0.00309780
1181 100.00 0.00291018
1201 100.00 0.00274149
1221 100.00 0.00258928
1241 100.00 0.00245125
1261 100.00 0.00232535
1281 100.00 0.00221049
1301 100.00 0.00210516
1321 100.00 0.00200846
1341 100.00 0.00191924
1361 100.00 0.00183693
1381 100.00 0.00176037
1401 100.00 0.00168938
1421 100.00 0.00162323
1441 100.00 0.00156156
1461 100.00 0.00150385
1481 100.00 0.00144984
1501 100.00 0.00139920
1521 100.00 0.00135146
1541 100.00 0.00130663
1561 100.00 0.00126437
1581 100.00 0.00122437
1601 100.00 0.00118661
1621 100.00 0.00115083
1641 100.00 0.00111692
1661 100.00 0.00108476
1681 100.00 0.00105420
1701 100.00 0.00102515
1721 100.00 0.00099744
1741 100.00 0.00097109
1761 100.00 0.00094591
1781 100.00 0.00092194
1801 100.00 0.00089893
1821 100.00 0.00087700
1841 100.00 0.00085598
1861 100.00 0.00083584
1881 100.00 0.00081655
1901 100.00 0.00079802
1921 100.00 0.00078022
1941 100.00 0.00076315
1961 100.00 0.00074669
1981 100.00 0.00073089
2001 100.00 0.00071569
2021 100.00 0.00070100
2041 100.00 0.00068685
2061 100.00 0.00067322
2081 100.00 0.00066008
2101 100.00 0.00064736
2121 100.00 0.00063510
2141 100.00 0.00062324
2161 100.00 0.00061177
2181 100.00 0.00060068
2201 100.00 0.00058994
2221 100.00 0.00057953
2241 100.00 0.00056948
2261 100.00 0.00055969
2281 100.00 0.00055023
2301 100.00 0.00054105
2321 100.00 0.00053214
2341 100.00 0.00052350
2361 100.00 0.00051511
2381 100.00 0.00050694
2401 100.00 0.00049901
2421 100.00 0.00049130
2441 100.00 0.00048380
2461 100.00 0.00047651
2481 100.00 0.00046940
2501 100.00 0.00046251
2521 100.00 0.00045576
2541 100.00 0.00044922
2561 100.00 0.00044284
2581 100.00 0.00043663
2601 100.00 0.00043054
2621 100.00 0.00042463
2641 100.00 0.00041886
2661 100.00 0.00041322
2681 100.00 0.00040772
2701 100.00 0.00040236
2721 100.00 0.00039713
2741 100.00 0.00039199
2761 100.00 0.00038699
2781 100.00 0.00038211
2801 100.00 0.00037733
2821 100.00 0.00037265
2841 100.00 0.00036808
2861 100.00 0.00036361
2881 100.00 0.00035926
2901 100.00 0.00035498
2921 100.00 0.00035079
2941 100.00 0.00034669
2961 100.00 0.00034268
2981 100.00 0.00033875
3001 100.00 0.00033489
3021 100.00 0.00033113
3041 100.00 0.00032744
3061 100.00 0.00032383
3081 100.00 0.00032027
3101 100.00 0.00031680
3121 100.00 0.00031339
3141 100.00 0.00031004
3161 100.00 0.00030677
3181 100.00 0.00030354
3201 100.00 0.00030039
3221 100.00 0.00029728
3241 100.00 0.00029424
3261 100.00 0.00029127
3281 100.00 0.00028833
3301 100.00 0.00028545
3321 100.00 0.00028262
3341 100.00 0.00027984
3361 100.00 0.00027712
3381 100.00 0.00027444
3401 100.00 0.00027180
3421 100.00 0.00026923
3441 100.00 0.00026668
3461 100.00 0.00026418
3481 100.00 0.00026172
3501 100.00 0.00025930
3521 100.00 0.00025692
3541 100.00 0.00025458
3561 100.00 0.00025229
3581 100.00 0.00025003
3601 100.00 0.00024780
3621 100.00 0.00024561
3641 100.00 0.00024344
3661 100.00 0.00024134
3681 100.00 0.00023926
3701 100.00 0.00023719
3721 100.00 0.00023517
3741 100.00 0.00023319
3761 100.00 0.00023122
3781 100.00 0.00022928
3801 100.00 0.00022738
3821 100.00 0.00022552
3841 100.00 0.00022367
3861 100.00 0.00022184
3881 100.00 0.00022006
3901 100.00 0.00021829
3921 100.00 0.00021655
3941 100.00 0.00021484
3961 100.00 0.00021314
3981 100.00 0.00021148
4001 100.00 0.00020983
4021 100.00 0.00020821
4041 100.00 0.00020662
4061 100.00 0.00020505
4081 100.00 0.00020349
4101 100.00 0.00020196
4121 100.00 0.00020046
4141 100.00 0.00019895
4161 100.00 0.00019749
4181 100.00 0.00019605
4201 100.00 0.00019461
4221 100.00 0.00019319
4241 100.00 0.00019180
4261 100.00 0.00019041
4281 100.00 0.00018906
4301 100.00 0.00018772
4321 100.00 0.00018639
4341 100.00 0.00018510
4361 100.00 0.00018380
4381 100.00 0.00018253
4401 100.00 0.00018127
4421 100.00 0.00018003
4441 100.00 0.00017881
4461 100.00 0.00017760
4481 100.00 0.00017640
4501 100.00 0.00017522
4521 100.00 0.00017404
4541 100.00 0.00017289
4561 100.00 0.00017176
4581 100.00 0.00017064
4601 100.00 0.00016952
4621 100.00 0.00016842
4641 100.00 0.00016733
4661 100.00 0.00016625
4681 100.00 0.00016519
4701 100.00 0.00016415
4721 100.00 0.00016311
4741 100.00 0.00016209
4761 100.00 0.00016108
4781 100.00 0.00016007
4801 100.00 0.00015908
4821 100.00 0.00015809
4841 100.00 0.00015712
4861 100.00 0.00015617
4881 100.00 0.00015522
4901 100.00 0.00015428
4921 100.00 0.00015336
4941 100.00 0.00015245
4961 100.00 0.00015153
4981 100.00 0.00015064
5001 100.00 0.00014975
5021 100.00 0.00014887
5041 100.00 0.00014801
5061 100.00 0.00014715
5081 100.00 0.00014630
5101 100.00 0.00014545
5121 100.00 0.00014462
5141 100.00 0.00014380
5161 100.00 0.00014300
5181 100.00 0.00014219
5201 100.00 0.00014138
5221 100.00 0.00014060
5241 100.00 0.00013982
5261 100.00 0.00013904
5281 100.00 0.00013826
5301 100.00 0.00013750
5321 100.00 0.00013675
5341 100.00 0.00013601
5361 100.00 0.00013528
5381 100.00 0.00013455
5401 100.00 0.00013382
5421 100.00 0.00013311
5441 100.00 0.00013240
5461 100.00 0.00013169
5481 100.00 0.00013101
5501 100.00 0.00013032
5521 100.00 0.00012964
5541 100.00 0.00012897
5561 100.00 0.00012829
5581 100.00 0.00012762
5601 100.00 0.00012696
5621 100.00 0.00012632
5641 100.00 0.00012568
5661 100.00 0.00012504
5681 100.00 0.00012441
5701 100.00 0.00012378
5721 100.00 0.00012317
5741 100.00 0.00012255
5761 100.00 0.00012195
5781 100.00 0.00012133
5801 100.00 0.00012074
5821 100.00 0.00012015
5841 100.00 0.00011957
5861 100.00 0.00011898
5881 100.00 0.00011840
5901 100.00 0.00011784
5921 100.00 0.00011727
5941 100.00 0.00011670
5961 100.00 0.00011614
5981 100.00 0.00011558
6000 100.00 0.00011508
