1 28.25 29.71117010
2 24.75 19.97392864
3 20.25 12.86900930
4 15.50 7.98597877
5 17.75 4.90373375
6 13.00 3.25832375
7 13.00 2.52272445
8 10.00 2.57241586
9 10.00 2.42511851
10 10.00 2.38298591
11 10.00 2.37554059
12 10.00 2.37321272
13 10.00 2.37185782
14 10.00 2.37105315
15 10.00 2.37046671
16 10.00 2.37011167
17 10.00 2.36978935
18 10.00 2.36954149
19 10.00 2.36949288
20 10.00 2.36956316
21 10.00 2.36944027
22 10.00 2.36953944
23 10.00 2.36953032
24 10.00 2.36951675
25 10.00 2.36947947
26 10.00 2.36954262
27 10.00 2.36944907
28 10.00 2.36966400
29 10.00 2.36950262
30 10.00 2.36952764
31 10.00 2.36949241
32 10.00 2.36943971
33 10.00 2.36952180
34 10.00 2.36956284
35 10.00 2.36952347
36 10.00 2.36955266
37 10.00 2.36947385
38 10.00 2.36969197
39 10.00 2.36956468
40 10.00 2.36956627
801 10.00 2.36966330
1601 10.00 2.36947919
2401 10.00 2.36968464
3201 10.00 2.36952037
4001 10.00 2.36946121
4801 10.00 2.36953316
5601 10.00 2.36951287
6401 10.00 2.36949930
7201 10.00 2.36951948
8001 10.00 2.36949136
8801 10.00 2.36945251
9601 10.00 2.36951770
10401 10.00 2.36956165
11201 10.00 2.36946162
12001 10.00 2.36946750
12801 10.00 2.36940193
13601 10.00 2.36949209
14401 10.00 2.36954787
15201 10.00 2.36946329
16001 10.00 2.36944757
16801 10.00 2.36957978
17601 10.00 2.36952182
18000 10.00 2.36951510
