1 10.00 2.30279350
2 10.00 2.30275279
3 10.00 2.30265903
4 10.00 2.30258870
5 10.00 2.30256271
6 10.00 2.30249101
7 10.00 2.30241770
8 10.00 2.30238622
9 10.00 2.30233812
10 10.00 2.30227435
11 10.00 2.30223650
12 10.00 2.30215621
13 10.00 2.30212557
14 10.00 2.30206549
15 10.00 2.30200320
16 10.00 2.30198574
17 10.00 2.30191779
18 10.00 2.30187112
19 10.00 2.30180943
20 10.00 2.30176771
21 10.00 2.30168742
22 10.00 2.30166221
23 10.00 2.30162108
24 10.00 2.30155528
25 10.00 2.30150622
26 10.00 2.30144376
27 10.00 2.30136085
28 10.00 2.30132771
29 10.00 2.30128151
30 10.00 2.30125993
31 10.00 2.30117410
32 10.00 2.30114394
33 10.00 2.30105680
34 10.00 2.30094618
35 10.00 2.30094796
36 10.00 2.30088025
37 10.00 2.30081207
38 10.00 2.30076188
39 10.00 2.30070710
40 10.00 2.30067027
41 10.00 2.30061370
42 10.00 2.30056387
43 10.00 2.30049139
44 10.00 2.30047917
45 10.00 2.30040413
46 10.00 2.30034119
47 10.00 2.30030602
48 10.00 2.30021805
49 10.00 2.30018818
50 10.00 2.30015779
51 10.00 2.30008107
52 10.00 2.30002141
53 10.00 2.29997826
54 10.00 2.29991573
55 10.00 2.29983234
56 10.00 2.29979247
57 10.00 2.29973328
58 10.00 2.29969174
59 10.00 2.29965484
60 10.00 2.29956472
61 10.00 2.29952645
62 10.00 2.29945672
63 10.00 2.29938245
64 10.10 2.29929411
65 10.20 2.29927254
66 10.20 2.29922575
67 10.20 2.29915094
68 10.20 2.29909140
69 10.20 2.29904771
70 10.50 2.29896766
71 10.50 2.29890007
72 10.50 2.29886204
73 10.70 2.29879051
74 10.70 2.29870784
75 10.70 2.29864269
76 10.90 2.29861289
77 10.90 2.29853863
78 11.00 2.29846609
79 11.10 2.29840320
80 11.20 2.29836178
81 11.30 2.29828584
82 11.50 2.29820663
83 11.60 2.29814494
84 11.80 2.29806858
85 12.10 2.29799759
86 12.40 2.29794312
87 13.00 2.29786968
88 13.10 2.29782128
89 13.10 2.29771578
90 13.20 2.29767090
91 13.30 2.29758173
92 13.50 2.29750204
93 13.80 2.29744750
94 14.10 2.29738849
95 14.40 2.29730761
96 14.60 2.29723305
97 14.60 2.29717070
98 14.70 2.29707897
99 14.80 2.29699206
100 14.90 2.29694831
101 15.20 2.29686397
151 32.90 2.29193419
201 49.80 2.28271729
251 53.30 2.26051515
301 35.90 2.17974842
351 40.30 1.81126228
401 44.70 1.32406056
451 53.00 1.11127627
501 59.00 1.00831851
551 61.10 0.92921375
601 67.50 0.81682238
651 69.40 0.77436446
701 72.70 0.72451714
751 75.00 0.66028836
801 78.70 0.61174327
851 72.40 0.71682930
901 80.50 0.53218930
951 83.40 0.50014990
1001 82.80 0.46688867
1051 81.40 0.50015245
1101 82.30 0.47760999
1151 85.60 0.39962652
1201 88.30 0.33528840
1251 87.40 0.34600018
1301 91.70 0.26502958
1351 92.20 0.25370105
1401 92.50 0.24324311
1451 92.10 0.23934563
1501 91.80 0.24453790
1551 95.10 0.17712186
1601 95.50 0.14143020
1651 92.30 0.21228948
1701 87.20 0.36902271
1751 97.80 0.09715906
1801 97.90 0.09534379
1851 98.10 0.08152399
1901 98.60 0.06297699
1951 99.50 0.04420799
2001 99.50 0.03901921
2051 99.70 0.04564206
2101 99.80 0.02777313
2151 99.90 0.01982633
2201 99.80 0.01848549
2251 100.00 0.01290837
2301 100.00 0.01035477
2351 100.00 0.00879320
2400 100.00 0.00754263
