1 39.15 2.25235843
2 54.25 2.04398720
3 59.93 1.29943068
4 74.75 0.80092229
5 81.12 0.54725877
6 76.50 0.66050252
7 89.00 0.34539640
8 84.60 0.43413538
9 90.90 0.28610902
10 91.33 0.27304880
11 92.42 0.24575833
12 91.90 0.26154564
13 97.10 0.11480144
14 97.32 0.10422791
15 98.78 0.06550695
16 98.20 0.07351403
17 99.20 0.04512197
18 99.65 0.03416498
19 99.93 0.02144728
20 99.90 0.02126189
21 99.95 0.01507917
22 99.75 0.01859069
23 100.00 0.01085200
24 100.00 0.00964029
25 100.00 0.00861458
26 100.00 0.00792162
27 100.00 0.00674767
28 100.00 0.00627899
29 100.00 0.00574760
30 100.00 0.00521106
31 100.00 0.00494927
32 100.00 0.00451029
33 100.00 0.00431633
34 100.00 0.00397653
35 100.00 0.00370515
36 100.00 0.00354462
37 100.00 0.00336821
38 100.00 0.00319390
39 100.00 0.00300553
40 100.00 0.00289860
41 100.00 0.00276167
42 100.00 0.00262596
43 100.00 0.00251316
44 100.00 0.00240501
45 100.00 0.00232343
46 100.00 0.00221371
47 100.00 0.00214533
48 100.00 0.00207898
49 100.00 0.00197492
50 100.00 0.00191395
81 100.00 0.00087901
161 100.00 0.00033349
241 100.00 0.00019439
321 100.00 0.00013401
401 100.00 0.00010117
481 100.00 0.00008038
561 100.00 0.00006640
641 100.00 0.00005692
721 100.00 0.00004891
801 100.00 0.00004302
881 100.00 0.00003813
961 100.00 0.00003440
1041 100.00 0.00003119
1121 100.00 0.00002850
1201 100.00 0.00002629
1281 100.00 0.00002424
1361 100.00 0.00002262
1441 100.00 0.00002109
1521 100.00 0.00001968
1601 100.00 0.00001864
1681 100.00 0.00001752
1761 100.00 0.00001660
1841 100.00 0.00001576
1921 100.00 0.00001496
2001 100.00 0.00001427
2081 100.00 0.00001366
2161 100.00 0.00001299
2241 100.00 0.00001247
2321 100.00 0.00001194
2400 100.00 0.00001147
