1 23.59 2.26861978
2 27.93 1.69177219
3 21.44 2.29997786
4 45.53 1.31328665
5 52.42 1.06949447
6 62.67 1.01053347
7 61.57 1.02165765
13 69.45 0.78646973
19 66.49 0.72924990
25 79.35 0.53855174
31 61.23 1.38953162
37 78.14 0.65233494
43 62.56 1.30362814
49 75.90 0.67608712
55 79.03 0.56689982
61 87.76 0.33580786
67 87.17 0.31704680
73 81.25 0.55638593
79 88.19 0.31192772
85 86.22 0.33575441
91 86.77 0.42244549
97 86.26 0.37662023
103 71.26 1.19124131
109 92.34 0.20529083
115 89.37 0.28065903
121 83.11 0.52887411
127 89.50 0.30235595
133 89.52 0.29405332
139 89.01 0.32157401
145 91.83 0.25401606
151 95.75 0.11433899
157 89.57 0.32338447
163 88.47 0.34875479
169 92.70 0.20815730
175 81.27 0.67735460
181 79.51 1.07986342
187 82.96 0.64576851
193 87.86 0.44580253
199 68.24 2.11960505
205 91.31 0.23398853
211 93.74 0.18213569
217 93.80 0.19878026
223 94.68 0.14807622
229 97.64 0.07181895
235 98.10 0.05818730
241 86.36 0.46911905
247 94.24 0.16023445
253 90.26 0.28324595
259 91.35 0.40777511
265 97.42 0.06980369
271 95.68 0.11315152
277 97.35 0.06952282
283 95.41 0.16117450
289 76.39 1.32378122
295 93.21 0.20811724
301 75.98 1.31010022
307 37.42 1.66504273
313 75.34 0.75862283
319 96.24 0.11214973
325 96.28 0.10442815
331 80.35 0.86836043
337 88.85 0.42333362
343 96.78 0.08795749
349 97.24 0.07973666
355 96.64 0.09540164
361 87.63 0.41750405
367 88.02 0.36687041
373 93.11 0.18048183
379 98.21 0.05224051
385 97.64 0.06644480
391 65.65 2.12395585
397 97.51 0.06963287
403 99.27 0.02445066
409 60.84 3.95049635
415 99.33 0.02525476
421 98.41 0.04968145
427 93.24 0.16795930
433 99.30 0.02818564
439 99.49 0.02192102
445 98.60 0.04403890
451 99.58 0.02034387
457 98.70 0.03702051
463 95.02 0.20690733
469 92.99 0.29819906
475 97.30 0.08054440
481 97.00 0.08139224
487 98.39 0.04310212
493 99.50 0.01891507
499 99.43 0.02168327
505 99.08 0.02767317
511 70.34 1.26365077
517 90.22 0.30713244
523 99.26 0.02212768
529 99.63 0.01446729
535 99.96 0.00492875
541 99.51 0.01465625
547 99.09 0.02660193
553 98.75 0.04966065
559 99.96 0.00332782
565 99.98 0.00217556
571 99.45 0.01959553
577 99.98 0.00229392
583 99.99 0.00196998
589 100.00 0.00128581
595 100.00 0.00106888
600 100.00 0.00218004
