1 49.00 9.73915405
2 42.00 9.04592953
3 40.00 8.24576702
4 52.00 7.77753124
5 21.00 7.74910488
6 38.00 6.96658669
7 57.00 6.36251383
8 65.00 5.60351925
9 16.00 6.34717131
10 20.00 6.14094048
11 46.00 5.03131466
12 47.00 4.84859619
13 59.00 4.30589156
14 59.00 4.17585106
15 50.00 3.89153142
16 54.00 3.60381780
17 52.00 3.38071752
18 49.00 3.52617893
19 48.00 3.25561690
20 46.00 2.91232629
21 69.00 2.38749485
22 58.00 2.43981352
23 60.00 2.25197182
24 56.00 2.17974529
25 39.00 4.82354488
26 48.00 2.54692674
27 59.00 2.14620223
28 62.00 2.08489165
29 66.00 1.77259853
30 59.00 1.90169199
31 72.00 1.69478645
32 70.00 1.40596647
33 68.00 1.57396247
34 20.00 3.63088012
35 62.00 1.95136795
36 70.00 1.62539806
37 71.00 1.57441308
38 70.00 1.34328742
39 62.00 1.53792102
40 68.00 1.38979602
801 100.00 0.49389585
1601 100.00 0.48875505
2401 100.00 0.49661283
3201 100.00 0.47581016
4001 100.00 0.46866838
4801 100.00 0.48597702
5601 100.00 0.49792102
6401 100.00 0.47271532
7201 100.00 0.47699664
8001 100.00 0.46103145
8801 100.00 0.46066551
9601 100.00 0.46775891
10401 99.00 0.50455569
11201 100.00 0.46401988
12001 100.00 0.46007782
12801 100.00 0.48522816
13601 100.00 0.48799788
14401 100.00 0.52464253
15201 100.00 0.46667196
16001 100.00 0.46057071
16801 100.00 0.46664370
17601 100.00 0.46030211
18000 100.00 0.47137311
