1 42.78 1.27880778
2 63.61 1.01759617
3 70.95 0.77812914
5 78.55 0.57572436
7 73.23 0.73382114
9 84.21 0.44031183
11 85.48 0.40261031
13 83.11 0.44672233
15 78.15 0.70425455
17 80.35 0.52727279
19 85.47 0.40719512
21 87.07 0.34548464
23 87.91 0.32691048
25 87.75 0.33441420
27 90.47 0.26331444
29 90.06 0.27387797
31 83.36 0.45468492
33 75.09 0.86122699
35 86.91 0.33602187
37 91.46 0.23148618
39 86.34 0.36694404
41 81.93 0.55745220
43 84.54 0.44075710
45 80.08 0.71087445
47 89.93 0.26729107
49 90.81 0.28795141
51 88.41 0.30967439
53 89.12 0.25990522
55 78.57 0.62137013
57 80.02 0.56421450
59 84.37 0.45828205
61 85.85 0.40341909
63 87.81 0.35248864
65 93.19 0.18503428
67 86.34 0.65370518
69 91.33 0.23923048
71 92.88 0.18537272
73 92.13 0.20743626
75 83.78 0.52664199
77 94.48 0.15124115
79 89.95 0.30754244
81 83.85 0.54126417
83 90.87 0.25544700
85 95.16 0.12937912
87 94.48 0.14834278
89 87.70 0.46295946
91 89.29 0.31672591
93 91.64 0.23041747
95 93.37 0.16472798
97 95.51 0.12927594
99 96.80 0.08881713
101 92.07 0.24816380
103 86.38 0.43285765
105 95.91 0.11338040
107 88.35 0.35977158
109 91.23 0.28064815
111 95.56 0.12907792
113 96.68 0.08984857
115 88.37 0.52520866
117 94.01 0.15843795
119 95.61 0.13529208
121 97.96 0.06127013
123 96.01 0.10570088
125 97.34 0.07184854
127 87.38 1.12729145
129 96.61 0.08598201
131 88.79 1.12259113
133 95.63 0.13486138
135 94.32 0.19277397
137 88.01 0.56681846
139 90.01 0.38406680
141 98.33 0.04888850
143 97.86 0.05574307
145 97.46 0.07734110
147 97.57 0.06969529
149 97.79 0.07607442
151 91.84 0.23132027
153 96.51 0.09949238
155 97.94 0.05496832
157 98.90 0.03298451
159 91.34 0.31722403
161 98.83 0.03518713
163 86.05 0.52182390
165 98.46 0.04133134
167 96.65 0.08417092
169 98.69 0.03706360
171 96.63 0.12247773
173 98.94 0.03001553
175 99.39 0.01936037
177 99.06 0.02533796
179 94.44 0.20599869
181 96.57 0.10865728
183 99.31 0.02060867
185 98.47 0.04711248
187 91.33 0.60870413
189 95.75 0.11624329
191 97.45 0.07136895
193 98.85 0.03300899
195 98.64 0.03571996
197 96.24 0.12422975
199 99.00 0.03100790
200 99.41 0.01974416
