1 44.80 2.26394606
81 100.00 0.00304873
161 100.00 0.00111357
241 100.00 0.00064550
321 100.00 0.00044384
401 100.00 0.00033344
481 100.00 0.00026483
561 100.00 0.00021836
641 100.00 0.00018501
721 100.00 0.00015998
801 100.00 0.00014055
881 100.00 0.00012508
961 100.00 0.00011249
1041 100.00 0.00010207
1121 100.00 0.00009331
1201 100.00 0.00008585
1281 100.00 0.00007942
1361 100.00 0.00007382
1441 100.00 0.00006894
1521 100.00 0.00006461
1601 100.00 0.00006076
1681 100.00 0.00005732
1761 100.00 0.00005423
1841 100.00 0.00005142
1921 100.00 0.00004888
2001 100.00 0.00004655
2081 100.00 0.00004444
2161 100.00 0.00004249
2241 100.00 0.00004069
2321 100.00 0.00003903
2400 100.00 0.00003752
