1 34.24 2.27024276
5 80.45 0.73564684
9 88.54 0.40817710
13 90.48 0.33824330
17 91.59 0.29540448
21 92.31 0.26793823
25 93.07 0.24114623
29 93.79 0.21781887
33 94.47 0.19466449
37 94.92 0.17792541
41 95.41 0.16242256
45 95.66 0.15071724
49 96.05 0.13878630
53 96.34 0.12810628
57 96.63 0.11845817
61 96.89 0.10959539
65 97.08 0.10401578
69 97.29 0.09554539
73 97.48 0.08965580
77 97.70 0.08228740
81 97.85 0.07693852
85 98.02 0.07218615
89 98.16 0.06708554
93 98.31 0.06270539
97 98.43 0.05869939
101 98.50 0.05614503
105 98.61 0.05237188
109 98.72 0.04910583
113 98.83 0.04612564
117 98.88 0.04399498
120 98.96 0.04180644
