1 9.90 2.30250942
2 10.00 2.30226393
3 10.07 2.30202435
4 10.20 2.30178992
5 10.38 2.30155930
6 10.62 2.30133025
7 11.18 2.30110285
8 11.82 2.30087501
9 12.80 2.30064451
10 14.52 2.30040929
11 16.77 2.30016872
12 18.35 2.29992113
13 20.30 2.29966590
14 22.33 2.29940277
15 23.45 2.29913084
16 24.82 2.29884922
17 25.95 2.29855496
18 27.07 2.29824917
19 27.78 2.29793009
20 28.75 2.29759515
21 29.72 2.29724168
22 30.55 2.29686828
23 31.53 2.29647327
24 32.98 2.29605487
25 34.77 2.29561110
26 36.68 2.29513948
27 39.73 2.29463774
28 42.77 2.29410137
29 45.28 2.29352673
30 47.35 2.29290901
31 49.08 2.29224312
32 50.45 2.29152544
33 52.10 2.29074943
34 53.15 2.28990765
35 54.20 2.28899054
36 54.92 2.28798994
37 55.82 2.28689475
38 56.15 2.28569201
39 56.33 2.28436654
40 56.12 2.28289979
41 56.07 2.28126635
61 36.33 1.97673275
81 79.62 0.64097121
101 90.30 0.31612367
121 98.55 0.09014125
141 100.00 0.02094617
161 100.00 0.00864340
181 100.00 0.00481122
201 100.00 0.00326542
221 100.00 0.00240443
241 100.00 0.00185928
261 100.00 0.00150361
281 100.00 0.00125127
301 100.00 0.00106550
321 100.00 0.00092377
341 100.00 0.00081219
361 100.00 0.00072182
381 100.00 0.00064857
401 100.00 0.00058694
421 100.00 0.00053503
441 100.00 0.00049092
461 100.00 0.00045286
481 100.00 0.00041986
501 100.00 0.00039071
521 100.00 0.00036510
541 100.00 0.00034240
561 100.00 0.00032202
581 100.00 0.00030372
600 100.00 0.00028799
