1 64.40 6.11487036
2 58.80 5.78879261
3 41.60 5.64825363
4 40.40 5.15583143
5 31.60 5.27938585
6 44.80 5.11066532
7 52.40 4.63354673
8 53.60 4.60034389
9 40.40 4.61510067
10 69.20 3.84114261
11 38.40 5.10920048
12 41.60 4.46470652
13 52.00 4.01045790
14 42.80 4.15294733
15 68.00 3.44346080
16 66.80 3.48713002
17 70.40 3.22683983
18 66.80 3.46888256
19 66.00 3.03798752
20 82.40 2.96566849
21 84.80 2.52073326
22 59.60 2.99761648
23 80.00 2.38182416
24 87.60 2.21140118
25 80.40 2.16733851
26 90.80 1.99702942
27 50.80 3.61790533
28 60.40 2.68448515
29 66.00 2.38801417
30 58.80 2.60853019
401 100.00 0.36382693
801 100.00 0.35093721
1201 99.60 0.42226752
1601 100.00 0.36317694
2001 100.00 0.33756104
2401 100.00 0.32610411
2801 100.00 0.31751138
3201 100.00 0.35339545
3601 100.00 0.31332446
4001 100.00 0.37146798
4401 100.00 0.36025996
4801 100.00 0.32253334
5201 100.00 0.33405461
5601 100.00 0.30886567
6001 100.00 0.31146113
6401 100.00 0.36034033
6801 100.00 0.32018005
7200 100.00 0.30931016
