1 10.00 2.30270834
81 39.20 2.29613833
161 63.20 2.27446642
241 48.80 1.65104614
321 96.80 0.23349932
401 99.60 0.03364490
481 100.00 0.00774980
561 100.00 0.00391258
641 100.00 0.00248711
721 100.00 0.00177216
801 100.00 0.00135320
881 100.00 0.00108195
961 100.00 0.00089393
1041 100.00 0.00075697
1121 100.00 0.00065333
1201 100.00 0.00057246
1281 100.00 0.00050785
1361 100.00 0.00045524
1441 100.00 0.00041166
1521 100.00 0.00037505
1601 100.00 0.00034390
1681 100.00 0.00031710
1761 100.00 0.00029384
1841 100.00 0.00027348
1921 100.00 0.00025553
2001 100.00 0.00023960
2081 100.00 0.00022537
2161 100.00 0.00021260
2241 100.00 0.00020108
2321 100.00 0.00019065
2400 100.00 0.00018126
