1 10.00 2.30113663
2 10.00 2.29930418
3 10.61 2.29729507
5 32.40 2.29111358
7 40.21 2.27704187
9 40.55 2.22980802
11 32.79 1.94495273
13 48.17 1.28773224
15 56.48 1.09074361
17 58.40 1.06319689
19 66.89 0.90012364
21 68.95 0.84037380
23 65.56 0.98672892
25 67.40 0.83443775
27 71.51 0.81265476
29 72.52 0.75874523
31 75.53 0.69691681
33 73.36 0.76250756
35 74.97 0.65670668
37 77.38 0.62333657
39 78.89 0.59647669
41 78.08 0.60997431
43 78.02 0.62295500
45 74.67 0.72522572
47 79.72 0.57006278
49 78.87 0.59385761
51 82.01 0.50195247
53 81.02 0.51743080
55 83.08 0.47828937
57 81.10 0.53433461
59 83.65 0.46393227
61 80.03 0.56616398
63 82.06 0.49737204
65 84.88 0.42770309
67 83.54 0.45861219
69 84.82 0.42934303
71 80.80 0.53418299
73 86.07 0.39400926
75 86.31 0.38859940
77 85.98 0.39419060
79 85.23 0.41301378
81 74.41 0.69399541
83 79.78 0.55013361
85 78.09 0.62691558
87 86.46 0.37765050
89 84.57 0.43978931
91 84.87 0.42294213
93 86.08 0.38364088
95 84.30 0.42160785
97 80.81 0.52056252
99 80.28 0.56138969
101 87.34 0.35098271
103 81.13 0.50265141
105 88.49 0.31894223
107 85.34 0.39203568
109 88.80 0.30892383
111 87.98 0.33437492
113 84.86 0.42760458
115 84.04 0.42969946
117 89.34 0.29353826
119 89.58 0.28596768
121 87.65 0.34049079
123 89.19 0.29918478
125 86.11 0.38578383
127 89.56 0.28861904
129 85.63 0.38237761
131 90.48 0.26424638
133 90.86 0.25111020
135 90.41 0.26364799
137 90.09 0.27053444
139 81.17 0.53314137
141 89.05 0.29850711
143 89.34 0.29209065
145 91.37 0.24269029
147 88.99 0.29748200
149 87.28 0.36022205
151 90.38 0.26101337
153 92.54 0.21159890
155 89.96 0.27507061
157 92.37 0.21560448
159 92.13 0.21739982
161 86.67 0.35758818
163 91.69 0.22563931
165 92.06 0.21519412
167 83.18 0.43872280
169 92.52 0.21270958
171 89.38 0.30080282
173 91.72 0.22774199
175 87.34 0.37082025
177 88.94 0.30077257
179 91.35 0.23170073
181 86.38 0.36802719
183 88.10 0.37689612
185 93.51 0.18505703
187 91.35 0.22927561
189 94.21 0.16381778
191 84.21 0.48919913
193 94.63 0.15719763
195 79.48 0.71920468
197 89.93 0.28829870
199 93.15 0.19088100
200 92.33 0.20497629
