1 40.24 2.26801045
2 51.25 2.18234127
3 61.33 1.83341541
4 74.41 1.08026019
5 80.83 0.71887849
6 84.40 0.57149930
7 86.36 0.49102524
8 87.56 0.44023514
9 88.45 0.40927501
10 89.02 0.38580791
11 89.55 0.36528395
12 89.98 0.35026836
13 90.39 0.33739019
14 90.68 0.32515194
15 90.93 0.31623785
16 91.26 0.30754841
17 91.44 0.29721254
18 91.75 0.28881073
19 91.99 0.28089658
20 92.23 0.27436066
21 92.41 0.26592986
31 94.21 0.20503420
41 95.36 0.16277373
51 96.26 0.13107433
61 96.97 0.10803496
71 97.45 0.09081399
81 97.83 0.07751213
91 98.22 0.06394420
101 98.55 0.05488111
111 98.83 0.04613283
121 99.00 0.04008124
131 99.22 0.03401421
141 99.37 0.02907715
151 99.51 0.02476867
161 99.62 0.02156160
171 99.69 0.01862044
181 99.78 0.01571582
191 99.83 0.01374176
200 99.87 0.01219817
