1 42.29 1.32590791
2 59.26 1.06837973
3 67.13 0.81006053
5 77.41 0.61521149
7 77.56 0.61232616
9 83.52 0.46113166
11 81.55 0.51499992
13 82.45 0.47584809
15 83.41 0.47864273
17 84.29 0.42203601
19 83.25 0.54403302
21 80.95 0.53773194
23 83.41 0.48495319
25 85.50 0.40212147
27 88.40 0.31732421
29 83.99 0.43188065
31 86.12 0.37368498
33 79.78 0.66161120
35 86.53 0.39224183
37 86.78 0.36877633
39 85.85 0.40624048
41 86.12 0.44475455
43 88.59 0.31647138
45 85.36 0.45488996
47 89.20 0.28524755
49 87.47 0.37075154
51 86.77 0.33915490
53 85.53 0.41561026
55 81.93 0.68483115
57 88.66 0.31148955
59 85.60 0.42286628
61 89.42 0.28352890
63 88.54 0.33834244
65 84.03 0.60415326
67 89.87 0.36280605
69 89.13 0.30453424
71 91.61 0.23109425
73 92.51 0.20094635
75 89.94 0.29851287
77 88.29 0.47874680
79 89.71 0.28656915
81 86.08 0.48171475
83 89.65 0.33372384
85 93.47 0.18236615
87 92.02 0.24994423
89 89.88 0.42761767
91 91.99 0.22301329
93 91.00 0.25826238
95 90.86 0.26274515
97 92.25 0.22449596
99 93.24 0.18863157
101 90.04 0.36512667
103 92.33 0.22715365
105 93.03 0.19409885
107 92.16 0.22422904
109 92.99 0.20680649
111 94.71 0.17235279
113 95.45 0.13450212
115 91.87 0.26780468
117 93.46 0.18252598
119 95.30 0.13206154
121 90.91 0.60330444
123 95.35 0.13028032
125 94.43 0.17280605
127 93.46 0.38842094
129 94.10 0.20228633
131 93.12 0.39617695
133 96.13 0.11688838
135 94.92 0.14858169
137 93.75 0.24523537
139 94.62 0.17425830
141 90.39 0.48660952
143 96.12 0.16569501
145 93.94 0.22862507
147 96.52 0.10950755
149 94.19 0.19640576
151 92.24 0.31308407
153 97.80 0.06157429
155 97.47 0.07503956
157 95.29 0.17865948
159 96.77 0.10889948
161 97.44 0.08483458
163 94.16 0.20122806
165 96.62 0.12666935
167 97.28 0.08897972
169 96.07 0.12348307
171 97.77 0.07036700
173 94.13 0.25152969
175 97.17 0.15170465
177 96.74 0.13983336
179 96.21 0.20272415
181 96.61 0.10710905
183 99.44 0.01761897
185 96.38 0.12240956
187 90.17 0.78540965
189 95.98 0.12185166
191 95.81 0.15196978
193 98.64 0.04205959
195 96.87 0.11749419
197 98.17 0.05751946
199 98.29 0.04708275
200 95.87 0.16339651
