1 10.00 2.30263449
2 10.02 2.30231782
3 10.02 2.30198103
4 10.32 2.30164007
5 10.78 2.30130714
6 11.62 2.30104949
7 12.60 2.30069788
8 13.96 2.30040071
9 14.84 2.30005169
10 15.90 2.29962071
11 16.50 2.29929684
12 17.04 2.29897113
13 17.72 2.29854794
25 36.36 2.29261692
37 47.02 2.28054148
49 39.36 2.24433022
61 30.96 2.04208806
73 47.30 1.39911606
85 54.92 1.09817452
97 60.68 0.99439418
109 66.28 0.87937644
121 67.88 0.83995419
133 72.16 0.78087198
145 69.60 0.80823641
157 70.20 0.76409020
169 73.86 0.71157112
181 73.04 0.69351274
193 75.60 0.66631154
205 78.66 0.60211704
217 77.78 0.59874610
229 77.54 0.61773788
241 79.74 0.53984427
253 80.18 0.53067637
265 82.32 0.48323821
277 82.00 0.48310088
289 83.12 0.46821484
301 84.28 0.44833271
313 80.08 0.51376518
325 85.76 0.39562371
337 73.34 0.84424129
349 85.70 0.40553001
361 87.04 0.35629385
373 87.14 0.35790308
385 86.68 0.37053681
397 86.38 0.36317984
409 88.88 0.31130961
421 80.88 0.49303358
433 87.18 0.33029972
445 88.68 0.31867949
457 91.02 0.26133783
469 88.54 0.30612814
481 90.90 0.26329846
493 90.76 0.25755519
505 91.82 0.23539199
517 83.62 0.46825215
529 92.66 0.21193511
541 94.42 0.17488212
553 95.14 0.16350937
565 94.02 0.18316792
577 94.80 0.15553340
589 95.62 0.14051700
601 96.26 0.12686295
613 96.66 0.11715101
625 95.52 0.13128463
637 97.08 0.10044128
649 96.96 0.10761377
661 95.78 0.12129490
673 97.30 0.09008050
685 93.52 0.19139161
697 95.26 0.12972651
709 95.00 0.13162758
721 87.32 0.36990902
733 98.06 0.06390508
745 95.14 0.12264684
757 99.46 0.03496176
769 98.64 0.06108641
781 96.72 0.09129904
793 99.00 0.03426333
805 99.62 0.02857604
817 99.72 0.02897353
829 99.84 0.01651846
841 97.00 0.09084447
853 99.98 0.01510057
865 99.48 0.02816887
877 99.98 0.01246720
889 100.00 0.00913340
901 100.00 0.00729243
913 98.38 0.07500859
925 99.98 0.01324866
937 100.00 0.00960727
949 100.00 0.00777661
961 100.00 0.00624186
973 100.00 0.00502266
985 100.00 0.00452747
997 100.00 0.00409874
1009 100.00 0.00364899
1021 100.00 0.00333912
1033 100.00 0.00314864
1045 100.00 0.00279014
1057 100.00 0.00265548
1069 100.00 0.00240577
1081 100.00 0.00226440
1093 100.00 0.00249954
1105 100.00 0.00204197
1117 100.00 0.00189755
1129 100.00 0.00189393
1141 100.00 0.00173305
1153 100.00 0.00168176
1165 100.00 0.00155746
1177 100.00 0.00152582
1189 100.00 0.00141822
1200 100.00 0.00136444
