48001 100.00 0.00000870
48401 100.00 0.00000863
48801 100.00 0.00000854
49201 100.00 0.00000846
49601 100.00 0.00000838
50001 100.00 0.00000830
50401 100.00 0.00000823
50801 100.00 0.00000815
51201 100.00 0.00000808
51601 100.00 0.00000802
52001 100.00 0.00000794
52401 100.00 0.00000787
52801 100.00 0.00000780
53201 100.00 0.00000773
53601 100.00 0.00000766
54001 100.00 0.00000760
54401 100.00 0.00000753
54801 100.00 0.00000747
55201 100.00 0.00000741
55601 100.00 0.00000735
56001 100.00 0.00000729
56401 100.00 0.00000722
56801 100.00 0.00000716
57201 100.00 0.00000711
57601 100.00 0.00000705
58001 100.00 0.00000700
58401 100.00 0.00000695
58801 100.00 0.00000689
59201 100.00 0.00000683
59601 100.00 0.00000678
60001 100.00 0.00000673
60401 100.00 0.00000668
60801 100.00 0.00000663
61201 100.00 0.00000658
61601 100.00 0.00000653
62001 100.00 0.00000648
62401 100.00 0.00000644
62801 100.00 0.00000639
63201 100.00 0.00000634
63601 100.00 0.00000630
64001 100.00 0.00000624
64401 100.00 0.00000620
64801 100.00 0.00000617
65201 100.00 0.00000612
65601 100.00 0.00000608
66001 100.00 0.00000603
66401 100.00 0.00000599
66801 100.00 0.00000595
67201 100.00 0.00000591
67601 100.00 0.00000587
68001 100.00 0.00000583
68401 100.00 0.00000579
68801 100.00 0.00000575
69201 100.00 0.00000571
69601 100.00 0.00000567
70001 100.00 0.00000564
70401 100.00 0.00000560
70801 100.00 0.00000557
71201 100.00 0.00000553
71601 100.00 0.00000549
72001 100.00 0.00000546
72401 100.00 0.00000542
72801 100.00 0.00000539
73201 100.00 0.00000536
73601 100.00 0.00000532
74001 100.00 0.00000529
74401 100.00 0.00000526
74801 100.00 0.00000522
75201 100.00 0.00000519
75601 100.00 0.00000516
76001 100.00 0.00000513
76401 100.00 0.00000510
76801 100.00 0.00000507
77201 100.00 0.00000503
77601 100.00 0.00000501
78001 100.00 0.00000498
78401 100.00 0.00000494
78801 100.00 0.00000492
79201 100.00 0.00000489
79601 100.00 0.00000487
80001 100.00 0.00000484
80401 100.00 0.00000481
80801 100.00 0.00000478
81201 100.00 0.00000476
81601 100.00 0.00000473
82001 100.00 0.00000469
82401 100.00 0.00000468
82801 100.00 0.00000465
83201 100.00 0.00000463
83601 100.00 0.00000460
84000 100.00 0.00000456
