41 100.00 0.00001006
42 100.00 0.00003135
43 100.00 0.00008825
44 100.00 0.00022641
45 100.00 0.00053357
46 100.00 0.00116263
47 100.00 0.00235428
48 100.00 0.00444758
49 100.00 0.00785947
50 100.00 0.01301739
51 100.00 0.02023860
52 100.00 0.02960320
53 100.00 0.04086758
54 100.00 0.05345581
55 100.00 0.06668044
56 100.00 0.07976550
57 100.00 0.09212600
58 100.00 0.10347660
59 100.00 0.11346032
60 100.00 0.12223127
61 100.00 0.12981421
62 100.00 0.13614761
63 100.00 0.14158350
64 100.00 0.14612293
65 100.00 0.15000457
66 100.00 0.15300210
91 100.00 0.16684335
116 100.00 0.16197502
141 100.00 0.15822519
166 100.00 0.15599249
191 100.00 0.15453860
216 100.00 0.15332505
241 100.00 0.15233701
266 100.00 0.15139008
291 100.00 0.15068373
316 100.00 0.15013381
341 100.00 0.14947018
366 100.00 0.14891399
391 100.00 0.14836020
416 100.00 0.14787452
441 100.00 0.14761086
466 100.00 0.14710700
491 100.00 0.14680353
516 100.00 0.14660300
541 100.00 0.14631878
566 100.00 0.14616223
591 100.00 0.14583875
616 100.00 0.14578286
641 100.00 0.14560538
666 100.00 0.14531937
691 100.00 0.14530315
716 100.00 0.14512478
741 100.00 0.14492844
766 100.00 0.14493693
791 100.00 0.14499133
816 100.00 0.14482864
841 100.00 0.14467142
866 100.00 0.14476033
891 100.00 0.14465052
916 100.00 0.14453251
941 100.00 0.14464804
966 100.00 0.14446090
991 100.00 0.14448178
1016 100.00 0.14452651
1040 100.00 0.14444607
