1 47.00 9.72911959
2 37.50 9.06148462
3 38.50 8.39322951
4 33.50 8.07296038
5 21.50 7.91595173
6 36.50 7.11593900
7 35.50 6.83928187
8 41.75 6.19824653
9 31.25 6.20812054
10 34.75 5.80299127
11 35.00 5.34902389
12 45.75 4.81880569
13 41.25 4.82486366
14 46.25 4.34006002
15 47.75 3.95835158
16 50.25 3.68532518
17 46.75 3.61413465
18 46.00 3.35241344
19 48.75 3.23246398
20 39.75 3.19552690
21 56.75 2.74689016
22 54.50 2.66718744
23 49.50 2.60215236
24 58.00 2.26542118
25 56.50 2.79605144
26 49.00 2.41967553
27 53.00 2.21068250
28 57.75 2.04645244
29 66.50 1.75604131
30 60.50 1.74120924
31 66.50 1.63512483
32 57.00 1.78725231
33 68.25 1.47352322
34 45.25 2.26537765
35 59.75 1.71933683
36 67.00 1.42991654
37 71.00 1.35735131
38 66.50 1.54948328
39 53.50 1.82805444
40 65.75 1.50475637
801 88.00 0.92275971
1601 100.00 0.52761578
2401 100.00 0.50609415
3201 100.00 0.48515144
4001 100.00 0.52617542
4801 100.00 0.48164136
5601 100.00 0.47994742
6401 100.00 0.47689120
7201 100.00 0.47569967
8001 100.00 0.47584929
8801 100.00 0.47475222
9601 100.00 0.48484395
10401 99.75 0.48619941
11201 100.00 0.50086418
12001 100.00 0.47008620
12801 100.00 0.47485076
13601 100.00 0.48056565
14401 99.75 0.50438826
15201 100.00 0.47983477
16001 100.00 0.46857614
16801 100.00 0.47956053
17601 100.00 0.46842115
18000 100.00 0.47076499
