1 13.00 2.30233788
2 13.00 2.30135202
3 17.00 2.30037737
4 18.00 2.29942107
5 20.00 2.29847479
6 20.00 2.29753566
7 22.00 2.29660320
8 23.00 2.29567742
9 24.00 2.29475808
10 24.00 2.29384351
11 24.00 2.29293466
12 25.00 2.29203129
13 25.00 2.29113078
14 25.00 2.29023457
15 25.00 2.28934193
16 25.00 2.28845143
17 28.00 2.28756499
18 28.00 2.28668070
19 28.00 2.28579330
20 29.00 2.28490543
21 29.00 2.28401875
22 30.00 2.28313255
23 30.00 2.28224468
24 30.00 2.28135371
25 31.00 2.28045845
26 31.00 2.27955818
27 33.00 2.27865052
28 34.00 2.27773476
29 35.00 2.27681112
30 35.00 2.27588058
31 36.00 2.27494144
32 36.00 2.27399492
33 36.00 2.27304268
34 36.00 2.27208161
35 36.00 2.27110910
36 36.00 2.27012563
37 36.00 2.26912999
38 37.00 2.26812315
39 37.00 2.26710796
40 36.00 2.26608205
41 37.00 2.26504302
42 37.00 2.26399374
43 39.00 2.26293230
44 39.00 2.26185799
45 41.00 2.26076508
46 42.00 2.25965524
47 42.00 2.25852942
48 43.00 2.25738454
49 43.00 2.25622272
50 44.00 2.25504446
51 44.00 2.25384927
52 44.00 2.25263381
53 44.00 2.25139856
54 46.00 2.25013924
55 47.00 2.24885535
56 47.00 2.24754691
57 48.00 2.24621058
58 48.00 2.24484491
59 49.00 2.24345446
60 48.00 2.24203396
61 49.00 2.24058294
62 49.00 2.23909736
63 51.00 2.23758006
64 52.00 2.23603082
65 52.00 2.23444676
66 54.00 2.23282981
67 54.00 2.23118234
68 55.00 2.22950292
69 55.00 2.22778773
70 56.00 2.22603369
71 57.00 2.22424412
72 57.00 2.22241402
73 58.00 2.22054505
74 60.00 2.21863484
75 60.00 2.21667767
76 60.00 2.21467352
77 63.00 2.21262264
78 66.00 2.21052623
79 66.00 2.20837998
80 66.00 2.20618343
81 67.00 2.20393491
82 68.00 2.20163298
83 68.00 2.19927692
84 68.00 2.19686103
85 68.00 2.19438052
86 67.00 2.19183421
87 67.00 2.18921685
88 68.00 2.18653417
89 68.00 2.18378043
90 68.00 2.18094778
91 68.00 2.17804098
92 67.00 2.17506123
93 67.00 2.17199779
94 68.00 2.16884804
95 68.00 2.16561055
96 68.00 2.16227603
97 68.00 2.15884113
98 68.00 2.15530705
99 68.00 2.15167308
100 68.00 2.14793134
101 68.00 2.14408159
102 68.00 2.14011073
103 68.00 2.13602328
104 68.00 2.13181496
105 67.00 2.12747860
106 67.00 2.12300539
107 67.00 2.11840153
108 67.00 2.11365914
109 67.00 2.10877848
110 67.00 2.10374832
111 67.00 2.09855723
112 67.00 2.09320140
113 67.00 2.08768034
114 67.00 2.08199143
115 66.00 2.07612634
116 67.00 2.07007909
117 67.00 2.06384897
118 67.00 2.05742693
119 67.00 2.05080724
120 67.00 2.04397988
121 66.00 2.03693557
122 67.00 2.02967143
123 67.00 2.02218676
124 67.00 2.01447868
125 67.00 2.00653315
126 67.00 1.99833798
127 67.00 1.98989069
128 67.00 1.98119617
129 68.00 1.97223496
130 68.00 1.96300995
131 68.00 1.95351195
132 68.00 1.94371867
133 68.00 1.93363345
134 68.00 1.92325807
135 68.00 1.91257966
136 67.00 1.90158963
137 67.00 1.89028203
138 67.00 1.87864137
139 68.00 1.86668253
140 68.00 1.85440063
141 69.00 1.84178329
142 69.00 1.82883036
143 69.00 1.81554019
144 69.00 1.80191731
145 69.00 1.78795516
146 71.00 1.77365339
147 72.00 1.75901079
148 73.00 1.74403584
149 73.00 1.72874379
150 73.00 1.71313262
151 73.00 1.69720066
152 74.00 1.68095243
153 74.00 1.66438472
154 76.00 1.64752746
155 76.00 1.63037431
156 76.00 1.61293399
157 75.00 1.59522641
158 77.00 1.57727706
159 77.00 1.55909204
160 77.00 1.54069841
161 77.00 1.52210140
162 76.00 1.50330806
163 77.00 1.48434949
164 78.00 1.46524096
165 78.00 1.44599211
166 79.00 1.42662632
167 78.00 1.40716493
168 78.00 1.38762403
169 79.00 1.36802006
170 80.00 1.34836543
171 81.00 1.32869446
172 81.00 1.30901730
173 81.00 1.28934133
174 81.00 1.26968443
175 82.00 1.25006235
176 82.00 1.23048925
177 83.00 1.21098769
178 83.00 1.19158006
179 83.00 1.17227674
180 83.00 1.15307951
181 83.00 1.13401115
182 83.00 1.11508250
183 84.00 1.09630716
184 84.00 1.07769549
185 84.00 1.05926287
186 84.00 1.04101694
187 84.00 1.02295804
188 84.00 1.00510180
189 84.00 0.98746252
190 84.00 0.97004730
191 85.00 0.95285970
192 86.00 0.93590987
193 85.00 0.91919875
194 87.00 0.90272570
195 87.00 0.88650274
196 89.00 0.87053752
197 89.00 0.85482383
198 89.00 0.83937180
199 90.00 0.82418138
200 90.00 0.80925423
201 90.00 0.79459703
202 91.00 0.78020281
203 91.00 0.76607603
204 92.00 0.75221789
205 93.00 0.73862559
206 93.00 0.72529656
207 93.00 0.71223032
208 92.00 0.69942766
209 93.00 0.68687838
210 93.00 0.67457688
211 93.00 0.66252112
212 93.00 0.65071303
213 94.00 0.63914472
214 94.00 0.62781441
215 94.00 0.61671472
216 94.00 0.60584044
217 94.00 0.59519356
218 94.00 0.58476347
219 94.00 0.57455438
220 94.00 0.56455171
221 94.00 0.55475402
222 94.00 0.54515421
223 94.00 0.53574258
224 94.00 0.52652067
225 94.00 0.51747835
226 94.00 0.50861579
227 94.00 0.49992889
228 94.00 0.49141669
229 94.00 0.48307282
230 94.00 0.47489277
231 94.00 0.46687442
232 94.00 0.45901042
233 94.00 0.45129964
234 94.00 0.44373837
235 94.00 0.43632481
236 94.00 0.42905667
237 94.00 0.42192841
238 94.00 0.41493833
239 94.00 0.40808305
240 95.00 0.40135953
241 95.00 0.39476520
242 95.00 0.38829446
243 95.00 0.38194782
244 96.00 0.37572443
245 96.00 0.36961928
246 96.00 0.36363032
247 96.00 0.35775393
248 96.00 0.35199168
249 96.00 0.34634137
250 97.00 0.34079623
251 97.00 0.33535510
252 97.00 0.33002046
253 97.00 0.32478839
254 97.00 0.31965292
255 97.00 0.31461814
256 98.00 0.30967972
257 98.00 0.30483323
258 98.00 0.30007783
259 98.00 0.29541552
260 98.00 0.29084167
261 98.00 0.28635424
262 98.00 0.28195083
263 98.00 0.27763328
264 98.00 0.27339679
265 98.00 0.26923791
266 98.00 0.26515767
267 98.00 0.26115370
268 98.00 0.25722715
269 98.00 0.25337371
270 98.00 0.24959497
271 98.00 0.24588777
272 98.00 0.24225122
273 98.00 0.23868395
274 98.00 0.23518255
275 98.00 0.23174790
276 98.00 0.22837980
277 98.00 0.22507231
278 98.00 0.22182876
279 98.00 0.21864778
280 98.00 0.21552561
281 98.00 0.21246189
282 98.00 0.20945638
283 98.00 0.20650850
284 98.00 0.20361599
285 98.00 0.20077465
286 98.00 0.19798544
287 98.00 0.19525003
288 98.00 0.19256829
289 99.00 0.18993528
290 99.00 0.18735456
291 99.00 0.18481812
292 99.00 0.18232973
293 99.00 0.17988750
294 99.00 0.17748828
295 99.00 0.17513479
296 99.00 0.17282505
297 99.00 0.17055838
298 99.00 0.16833246
299 99.00 0.16614792
300 99.00 0.16400515
301 99.00 0.16190118
302 99.00 0.15983737
303 99.00 0.15781145
304 99.00 0.15582217
305 99.00 0.15386996
306 99.00 0.15195438
307 99.00 0.15007092
308 99.00 0.14822429
309 99.00 0.14641008
310 99.00 0.14462806
311 99.00 0.14287910
312 99.00 0.14116092
313 99.00 0.13947420
314 99.00 0.13781784
315 99.00 0.13619399
316 99.00 0.13459809
317 99.00 0.13303174
318 99.00 0.13149440
319 99.00 0.12998331
320 99.00 0.12850024
321 99.00 0.12704150
322 99.00 0.12561260
323 99.00 0.12420720
324 99.00 0.12282772
325 99.00 0.12147211
326 99.00 0.12013960
327 99.00 0.11883204
328 99.00 0.11754625
329 99.00 0.11628254
330 99.00 0.11503975
331 99.00 0.11382066
332 99.00 0.11262168
333 99.00 0.11144300
334 100.00 0.11028626
335 100.00 0.10914911
336 100.00 0.10803182
337 100.00 0.10693441
338 100.00 0.10585538
339 100.00 0.10479465
340 100.00 0.10375064
341 100.00 0.10272659
342 100.00 0.10171656
343 100.00 0.10072592
344 100.00 0.09975000
345 100.00 0.09879326
346 100.00 0.09785137
347 100.00 0.09692498
348 100.00 0.09601486
349 100.00 0.09511933
350 100.00 0.09423804
351 100.00 0.09337284
352 100.00 0.09252126
353 100.00 0.09168489
354 100.00 0.09086114
355 100.00 0.09005193
356 100.00 0.08925556
357 100.00 0.08847196
358 100.00 0.08770166
359 100.00 0.08694341
360 100.00 0.08619568
361 100.00 0.08546373
362 100.00 0.08474027
363 100.00 0.08402872
364 100.00 0.08332968
365 100.00 0.08264085
366 100.00 0.08196323
367 100.00 0.08129717
368 100.00 0.08064117
369 100.00 0.07999571
370 100.00 0.07936025
371 100.00 0.07873531
372 100.00 0.07811921
373 100.00 0.07751406
374 100.00 0.07691783
375 100.00 0.07632974
376 100.00 0.07575243
377 100.00 0.07518304
378 100.00 0.07462228
379 100.00 0.07407020
380 100.00 0.07352737
381 100.00 0.07299132
382 100.00 0.07246497
383 100.00 0.07194590
384 100.00 0.07143470
385 100.00 0.07093152
386 100.00 0.07043524
387 100.00 0.06994576
388 100.00 0.06946500
389 100.00 0.06899014
390 100.00 0.06852240
391 100.00 0.06806166
392 100.00 0.06760753
393 100.00 0.06716055
394 100.00 0.06671910
395 100.00 0.06628484
396 100.00 0.06585608
397 100.00 0.06543420
398 100.00 0.06501839
399 100.00 0.06460858
400 100.00 0.06420442
401 100.00 0.06380579
501 100.00 0.04174383
601 100.00 0.03436951
701 100.00 0.03127227
801 100.00 0.02978326
901 100.00 0.02896984
1001 100.00 0.02846085
1101 100.00 0.02809362
1201 100.00 0.02779959
1301 100.00 0.02754685
1401 100.00 0.02731587
1501 100.00 0.02710233
1601 100.00 0.02690286
1701 100.00 0.02671765
1801 100.00 0.02654104
1901 100.00 0.02637194
2001 100.00 0.02621249
2101 100.00 0.02606207
2201 100.00 0.02592150
2301 100.00 0.02578886
2401 100.00 0.02566200
2501 100.00 0.02554367
2601 100.00 0.02543020
2701 100.00 0.02532311
2801 100.00 0.02522441
2901 100.00 0.02513001
3001 100.00 0.02504101
3101 100.00 0.02495587
3201 100.00 0.02487617
3301 100.00 0.02480138
3401 100.00 0.02473105
3501 100.00 0.02466476
3601 100.00 0.02460370
3701 100.00 0.02454654
3801 100.00 0.02449206
3901 100.00 0.02444095
4001 100.00 0.02439224
4101 100.00 0.02434664
4201 100.00 0.02430411
4301 100.00 0.02426386
4401 100.00 0.02422669
4501 100.00 0.02419161
4601 100.00 0.02415850
4701 100.00 0.02412705
4801 100.00 0.02409717
4901 100.00 0.02406895
5001 100.00 0.02404206
5101 100.00 0.02401642
5201 100.00 0.02399166
5301 100.00 0.02396800
5401 100.00 0.02394607
5501 100.00 0.02392492
5601 100.00 0.02390532
5701 100.00 0.02388643
5801 100.00 0.02386814
5901 100.00 0.02385121
6001 100.00 0.02383376
6101 100.00 0.02381761
6201 100.00 0.02380212
6301 100.00 0.02378730
6401 100.00 0.02377301
6501 100.00 0.02375856
6601 100.00 0.02374509
6701 100.00 0.02373184
6801 100.00 0.02371904
6901 100.00 0.02370688
7001 100.00 0.02369444
7101 100.00 0.02368351
7201 100.00 0.02367187
7301 100.00 0.02366106
7401 100.00 0.02365074
7501 100.00 0.02364056
7601 100.00 0.02363076
7701 100.00 0.02362032
7801 100.00 0.02361102
7901 100.00 0.02360156
8001 100.00 0.02359198
8101 100.00 0.02358270
8201 100.00 0.02357400
8301 100.00 0.02356463
8401 100.00 0.02355627
8501 100.00 0.02354734
8601 100.00 0.02353913
8701 100.00 0.02353046
8801 100.00 0.02352254
8901 100.00 0.02351469
9001 100.00 0.02350711
9101 100.00 0.02349930
9201 100.00 0.02349181
9301 100.00 0.02348425
9401 100.00 0.02347721
9501 100.00 0.02346936
9601 100.00 0.02346234
9701 100.00 0.02345548
9801 100.00 0.02344868
9901 100.00 0.02344151
10001 100.00 0.02343486
10101 100.00 0.02342836
10201 100.00 0.02342165
10301 100.00 0.02341507
10401 100.00 0.02340826
10501 100.00 0.02340142
10601 100.00 0.02339492
10701 100.00 0.02338873
10801 100.00 0.02338302
10901 100.00 0.02337684
11001 100.00 0.02337107
11101 100.00 0.02336529
11201 100.00 0.02335913
11301 100.00 0.02335363
11401 100.00 0.02334833
11501 100.00 0.02334260
11601 100.00 0.02333647
11701 100.00 0.02333142
11801 100.00 0.02332582
11901 100.00 0.02332123
12001 100.00 0.02331587
12101 100.00 0.02331060
12201 100.00 0.02330583
12301 100.00 0.02330060
12401 100.00 0.02329540
12501 100.00 0.02329040
12601 100.00 0.02328550
12701 100.00 0.02328125
12801 100.00 0.02327565
12901 100.00 0.02327106
13001 100.00 0.02326707
13101 100.00 0.02326199
13201 100.00 0.02325764
13301 100.00 0.02325285
13401 100.00 0.02324815
13501 100.00 0.02324368
13601 100.00 0.02324004
13701 100.00 0.02323536
13801 100.00 0.02323100
13901 100.00 0.02322645
14001 100.00 0.02322271
14101 100.00 0.02321817
14201 100.00 0.02321395
14301 100.00 0.02320974
14401 100.00 0.02320501
14501 100.00 0.02320116
14601 100.00 0.02319754
14701 100.00 0.02319306
14801 100.00 0.02318903
14901 100.00 0.02318548
15001 100.00 0.02318212
15101 100.00 0.02317757
15201 100.00 0.02317343
15301 100.00 0.02316936
15401 100.00 0.02316550
15501 100.00 0.02316167
15601 100.00 0.02315834
15701 100.00 0.02315397
15801 100.00 0.02315063
15901 100.00 0.02314701
16001 100.00 0.02314331
16101 100.00 0.02313978
16201 100.00 0.02313661
16301 100.00 0.02313252
16401 100.00 0.02312923
16501 100.00 0.02312617
16601 100.00 0.02312253
16701 100.00 0.02311918
16801 100.00 0.02311562
16901 100.00 0.02311252
17001 100.00 0.02310910
17101 100.00 0.02310616
17201 100.00 0.02310304
17301 100.00 0.02309942
17401 100.00 0.02309661
17501 100.00 0.02309283
17601 100.00 0.02308967
17701 100.00 0.02308677
17801 100.00 0.02308316
17901 100.00 0.02308051
18001 100.00 0.02307729
18101 100.00 0.02307382
18201 100.00 0.02307057
18301 100.00 0.02306776
18401 100.00 0.02306482
18501 100.00 0.02306130
18601 100.00 0.02305853
18701 100.00 0.02305529
18801 100.00 0.02305201
18901 100.00 0.02304901
19001 100.00 0.02304608
19101 100.00 0.02304344
19201 100.00 0.02304076
19301 100.00 0.02303789
19401 100.00 0.02303472
19501 100.00 0.02303183
19601 100.00 0.02302890
19701 100.00 0.02302674
19801 100.00 0.02302375
19901 100.00 0.02302042
20001 100.00 0.02301760
20101 100.00 0.02301500
20201 100.00 0.02301212
20301 100.00 0.02300934
20401 100.00 0.02300627
20501 100.00 0.02300460
20601 100.00 0.02300143
20701 100.00 0.02299835
20801 100.00 0.02299672
20901 100.00 0.02299409
21001 100.00 0.02299134
21101 100.00 0.02298869
21201 100.00 0.02298627
21301 100.00 0.02298420
21401 100.00 0.02298171
21501 100.00 0.02297935
21601 100.00 0.02297771
21701 100.00 0.02297532
21801 100.00 0.02297313
21901 100.00 0.02296987
22001 100.00 0.02296804
22101 100.00 0.02296575
22201 100.00 0.02296353
22301 100.00 0.02296090
22401 100.00 0.02295798
22501 100.00 0.02295628
22601 100.00 0.02295350
22701 100.00 0.02295140
22801 100.00 0.02294960
22901 100.00 0.02294657
23001 100.00 0.02294433
23101 100.00 0.02294237
23201 100.00 0.02293961
23301 100.00 0.02293744
23401 100.00 0.02293546
23501 100.00 0.02293323
23601 100.00 0.02293137
23701 100.00 0.02292942
23801 100.00 0.02292732
23901 100.00 0.02292459
24000 100.00 0.02292253
