1 17.00 2.29447420
2 18.00 2.28565741
3 18.00 2.27622862
4 30.00 2.26561055
5 43.00 2.25310330
6 55.00 2.23772037
7 64.00 2.21814988
8 63.00 2.19223166
9 70.00 2.15736846
10 72.00 2.10905356
11 67.00 2.04179912
12 75.00 1.95286847
13 76.00 1.84090782
14 74.00 1.70169761
15 78.00 1.53241171
16 78.00 1.35635835
17 87.00 1.13514051
18 72.00 0.99960759
19 82.00 0.82664217
20 90.00 0.65984813
21 89.00 0.56412238
22 96.00 0.44380746
23 79.00 0.51406178
24 94.00 0.33017084
25 98.00 0.28336761
26 99.00 0.25313474
27 97.00 0.20437730
28 100.00 0.15585916
29 98.00 0.15715697
30 96.00 0.19684902
31 99.00 0.10084510
32 100.00 0.09565625
33 100.00 0.07209175
34 100.00 0.06345550
35 100.00 0.06001135
36 100.00 0.04953467
37 100.00 0.04188889
38 100.00 0.03829671
39 100.00 0.03297106
40 100.00 0.03075513
41 100.00 0.02915518
42 100.00 0.02539324
43 100.00 0.02358248
44 100.00 0.02179889
45 100.00 0.02001672
46 100.00 0.01835458
47 100.00 0.01727755
48 100.00 0.01681016
49 100.00 0.01579516
50 100.00 0.01517768
1001 100.00 0.00012154
2001 100.00 0.00005222
3001 100.00 0.00003216
4001 100.00 0.00002289
5001 100.00 0.00001762
6001 100.00 0.00001424
7001 100.00 0.00001188
8001 100.00 0.00001017
9001 100.00 0.00000888
10001 100.00 0.00000786
11001 100.00 0.00000704
12001 100.00 0.00000637
13001 100.00 0.00000581
14001 100.00 0.00000533
15001 100.00 0.00000492
16001 100.00 0.00000457
17001 100.00 0.00000427
18001 100.00 0.00000400
19001 100.00 0.00000376
20001 100.00 0.00000354
21001 100.00 0.00000334
22001 100.00 0.00000318
23001 100.00 0.00000302
24000 100.00 0.00000288
