1 10.00 2.30160499
2 10.00 2.30089641
3 10.00 2.30019152
4 10.00 2.29948902
5 10.00 2.29878998
6 10.00 2.29809201
7 10.00 2.29739577
8 10.00 2.29670000
9 10.00 2.29600692
10 10.00 2.29531360
11 10.00 2.29461867
12 10.00 2.29392314
13 10.00 2.29322517
14 10.00 2.29252493
15 10.00 2.29182434
16 10.00 2.29112309
17 10.00 2.29041982
18 10.00 2.28971350
19 10.00 2.28900498
20 10.00 2.28829461
21 10.00 2.28758168
41 11.00 2.27238816
61 25.00 2.25363898
81 48.00 2.22769082
101 59.00 2.18899548
121 69.00 2.12712789
141 71.00 2.02153718
161 72.00 1.83705440
181 77.00 1.54116806
201 81.00 1.17718309
221 88.00 0.84734833
241 93.00 0.60317196
261 98.00 0.43425088
281 100.00 0.31813306
301 100.00 0.23725711
321 100.00 0.17923986
341 100.00 0.13746157
361 100.00 0.10713112
381 100.00 0.08495550
401 100.00 0.06856420
421 100.00 0.05627532
441 100.00 0.04698282
461 100.00 0.03982849
481 100.00 0.03422714
501 100.00 0.02977307
521 100.00 0.02616872
541 100.00 0.02322359
561 100.00 0.02077739
581 100.00 0.01873060
601 100.00 0.01699904
621 100.00 0.01551821
641 100.00 0.01424088
661 100.00 0.01313093
681 100.00 0.01216012
701 100.00 0.01130524
721 100.00 0.01054783
741 100.00 0.00987275
761 100.00 0.00926872
781 100.00 0.00872538
801 100.00 0.00823473
821 100.00 0.00778938
841 100.00 0.00738415
861 100.00 0.00701397
881 100.00 0.00667495
901 100.00 0.00636316
921 100.00 0.00607570
941 100.00 0.00581019
961 100.00 0.00556423
981 100.00 0.00533580
1001 100.00 0.00512332
1021 100.00 0.00492518
1041 100.00 0.00474018
1061 100.00 0.00456691
1081 100.00 0.00440442
1101 100.00 0.00425187
1121 100.00 0.00410841
1141 100.00 0.00397323
1161 100.00 0.00384569
1181 100.00 0.00372520
1201 100.00 0.00361123
1221 100.00 0.00350332
1241 100.00 0.00340095
1261 100.00 0.00330378
1281 100.00 0.00321142
1301 100.00 0.00312355
1321 100.00 0.00303980
1341 100.00 0.00295993
1361 100.00 0.00288373
1381 100.00 0.00281092
1401 100.00 0.00274129
1421 100.00 0.00267465
1441 100.00 0.00261085
1461 100.00 0.00254967
1481 100.00 0.00249101
1501 100.00 0.00243471
1521 100.00 0.00238062
1541 100.00 0.00232863
1561 100.00 0.00227863
1581 100.00 0.00223050
1601 100.00 0.00218414
1621 100.00 0.00213949
1641 100.00 0.00209641
1661 100.00 0.00205487
1681 100.00 0.00201477
1701 100.00 0.00197604
1721 100.00 0.00193862
1741 100.00 0.00190246
1761 100.00 0.00186748
1781 100.00 0.00183365
1801 100.00 0.00180089
1821 100.00 0.00176917
1841 100.00 0.00173843
1861 100.00 0.00170862
1881 100.00 0.00167972
1901 100.00 0.00165168
1921 100.00 0.00162449
1941 100.00 0.00159808
1961 100.00 0.00157243
1981 100.00 0.00154750
2001 100.00 0.00152327
2021 100.00 0.00149971
2041 100.00 0.00147681
2061 100.00 0.00145452
2081 100.00 0.00143283
2101 100.00 0.00141170
2121 100.00 0.00139113
2141 100.00 0.00137108
2161 100.00 0.00135155
2181 100.00 0.00133253
2201 100.00 0.00131396
2221 100.00 0.00129585
2241 100.00 0.00127820
2261 100.00 0.00126096
2281 100.00 0.00124415
2301 100.00 0.00122774
2321 100.00 0.00121170
2341 100.00 0.00119603
2361 100.00 0.00118074
2381 100.00 0.00116579
2401 100.00 0.00115117
2421 100.00 0.00113688
2441 100.00 0.00112291
2461 100.00 0.00110923
2481 100.00 0.00109586
2501 100.00 0.00108279
2521 100.00 0.00106996
2541 100.00 0.00105745
2561 100.00 0.00104515
2581 100.00 0.00103314
2601 100.00 0.00102137
2621 100.00 0.00100983
2641 100.00 0.00099854
2661 100.00 0.00098746
2681 100.00 0.00097662
2701 100.00 0.00096595
2721 100.00 0.00095552
2741 100.00 0.00094530
2761 100.00 0.00093526
2781 100.00 0.00092542
2801 100.00 0.00091576
2821 100.00 0.00090628
2841 100.00 0.00089697
2861 100.00 0.00088784
2881 100.00 0.00087887
2901 100.00 0.00087007
2921 100.00 0.00086143
2941 100.00 0.00085294
2961 100.00 0.00084459
2981 100.00 0.00083640
3001 100.00 0.00082835
3021 100.00 0.00082044
3041 100.00 0.00081266
3061 100.00 0.00080501
3081 100.00 0.00079750
3101 100.00 0.00079011
3121 100.00 0.00078283
3141 100.00 0.00077568
3161 100.00 0.00076866
3181 100.00 0.00076175
3201 100.00 0.00075495
3221 100.00 0.00074826
3241 100.00 0.00074164
3261 100.00 0.00073518
3281 100.00 0.00072880
3301 100.00 0.00072252
3321 100.00 0.00071634
3341 100.00 0.00071024
3361 100.00 0.00070425
3381 100.00 0.00069833
3401 100.00 0.00069252
3421 100.00 0.00068679
3441 100.00 0.00068115
3461 100.00 0.00067559
3481 100.00 0.00067010
3501 100.00 0.00066471
3521 100.00 0.00065938
3541 100.00 0.00065414
3561 100.00 0.00064898
3581 100.00 0.00064387
3601 100.00 0.00063885
3621 100.00 0.00063390
3641 100.00 0.00062902
3661 100.00 0.00062420
3681 100.00 0.00061944
3701 100.00 0.00061477
3721 100.00 0.00061014
3741 100.00 0.00060558
3761 100.00 0.00060108
3781 100.00 0.00059664
3801 100.00 0.00059225
3821 100.00 0.00058794
3841 100.00 0.00058367
3861 100.00 0.00057946
3881 100.00 0.00057532
3901 100.00 0.00057120
3921 100.00 0.00056717
3941 100.00 0.00056316
3961 100.00 0.00055921
3981 100.00 0.00055532
4001 100.00 0.00055148
4021 100.00 0.00054769
4041 100.00 0.00054393
4061 100.00 0.00054023
4081 100.00 0.00053657
4101 100.00 0.00053295
4121 100.00 0.00052939
4141 100.00 0.00052586
4161 100.00 0.00052236
4181 100.00 0.00051893
4201 100.00 0.00051553
4221 100.00 0.00051217
4241 100.00 0.00050885
4261 100.00 0.00050557
4281 100.00 0.00050232
4301 100.00 0.00049912
4321 100.00 0.00049595
4341 100.00 0.00049281
4361 100.00 0.00048972
4381 100.00 0.00048665
4401 100.00 0.00048363
4421 100.00 0.00048064
4441 100.00 0.00047767
4461 100.00 0.00047475
4481 100.00 0.00047185
4501 100.00 0.00046900
4521 100.00 0.00046617
4541 100.00 0.00046337
4561 100.00 0.00046060
4581 100.00 0.00045785
4601 100.00 0.00045515
4621 100.00 0.00045246
4641 100.00 0.00044982
4661 100.00 0.00044719
4681 100.00 0.00044459
4701 100.00 0.00044203
4721 100.00 0.00043949
4741 100.00 0.00043696
4761 100.00 0.00043448
4781 100.00 0.00043202
4801 100.00 0.00042958
4821 100.00 0.00042717
4841 100.00 0.00042479
4861 100.00 0.00042242
4881 100.00 0.00042007
4901 100.00 0.00041776
4921 100.00 0.00041547
4941 100.00 0.00041320
4961 100.00 0.00041095
4981 100.00 0.00040873
5001 100.00 0.00040652
5021 100.00 0.00040433
5041 100.00 0.00040219
5061 100.00 0.00040004
5081 100.00 0.00039793
5101 100.00 0.00039583
5121 100.00 0.00039375
5141 100.00 0.00039169
5161 100.00 0.00038965
5181 100.00 0.00038763
5201 100.00 0.00038563
5221 100.00 0.00038365
5241 100.00 0.00038168
5261 100.00 0.00037973
5281 100.00 0.00037781
5301 100.00 0.00037588
5321 100.00 0.00037400
5341 100.00 0.00037214
5361 100.00 0.00037028
5381 100.00 0.00036844
5401 100.00 0.00036661
5421 100.00 0.00036481
5441 100.00 0.00036301
5461 100.00 0.00036124
5481 100.00 0.00035947
5501 100.00 0.00035774
5521 100.00 0.00035601
5541 100.00 0.00035429
5561 100.00 0.00035259
5581 100.00 0.00035091
5601 100.00 0.00034924
5621 100.00 0.00034758
5641 100.00 0.00034595
5661 100.00 0.00034432
5681 100.00 0.00034271
5701 100.00 0.00034112
5721 100.00 0.00033953
5741 100.00 0.00033796
5761 100.00 0.00033640
5781 100.00 0.00033485
5801 100.00 0.00033332
5821 100.00 0.00033180
5841 100.00 0.00033030
5861 100.00 0.00032880
5881 100.00 0.00032731
5901 100.00 0.00032585
5921 100.00 0.00032439
5941 100.00 0.00032294
5961 100.00 0.00032150
5981 100.00 0.00032009
6000 100.00 0.00031874
