41 100.00 0.00001114
42 100.00 0.00003471
43 100.00 0.00009775
44 100.00 0.00025094
45 100.00 0.00059185
46 100.00 0.00129020
47 100.00 0.00261272
48 100.00 0.00493319
49 100.00 0.00870814
50 100.00 0.01439355
51 100.00 0.02231007
52 100.00 0.03250124
53 100.00 0.04465447
54 100.00 0.05815675
55 100.00 0.07225046
56 100.00 0.08616844
57 100.00 0.09927413
58 100.00 0.11130090
59 100.00 0.12191523
60 100.00 0.13133605
61 100.00 0.13937262
62 100.00 0.14618458
63 100.00 0.15214551
64 100.00 0.15707937
65 100.00 0.16128935
66 100.00 0.16463194
91 100.00 0.17950744
116 100.00 0.17523338
141 100.00 0.17042138
166 100.00 0.16517603
191 100.00 0.16200325
216 100.00 0.16004175
241 100.00 0.15927364
266 100.00 0.15847983
291 100.00 0.15780332
316 100.00 0.15752997
341 100.00 0.15702869
366 100.00 0.15715345
391 100.00 0.15655960
416 100.00 0.15592984
441 100.00 0.15579113
466 100.00 0.15570331
491 100.00 0.15593887
516 100.00 0.15558997
541 100.00 0.15576484
566 100.00 0.15517254
591 100.00 0.15517891
616 100.00 0.15490813
641 100.00 0.15523766
666 100.00 0.15460935
691 100.00 0.15510725
716 100.00 0.15432947
741 100.00 0.15478478
766 100.00 0.15437464
791 100.00 0.15424148
816 100.00 0.15508056
841 100.00 0.15523452
866 100.00 0.15479648
891 100.00 0.15390669
916 100.00 0.15508651
941 100.00 0.15465138
966 100.00 0.15491108
991 100.00 0.15500180
1016 100.00 0.15491876
1040 100.00 0.15416148
