1 9.10 2.30263276
41 12.30 2.29879359
81 24.40 2.29416386
121 33.50 2.28654408
161 39.70 2.27021401
201 37.60 2.22046477
241 33.80 1.96246702
281 46.60 1.42343002
321 59.80 1.04294672
361 64.10 0.86653651
401 69.80 0.74479426
441 72.30 0.76078119
481 77.90 0.54385420
521 83.50 0.46797369
561 84.80 0.48025692
601 89.60 0.30624275
641 91.20 0.27389747
681 95.90 0.14998761
721 88.60 0.53745987
761 95.30 0.15254743
801 85.30 0.58220884
841 99.70 0.04366739
881 99.60 0.03316149
921 99.80 0.02619165
961 100.00 0.01797503
1001 99.90 0.01307865
1041 99.90 0.01038106
1081 100.00 0.00844854
1121 100.00 0.00704809
1161 100.00 0.00606967
1201 100.00 0.00530691
1241 100.00 0.00463241
1281 100.00 0.00410237
1321 100.00 0.00367406
1361 100.00 0.00329355
1401 100.00 0.00297859
1441 100.00 0.00271217
1481 100.00 0.00247881
1521 100.00 0.00227790
1561 100.00 0.00210014
1601 100.00 0.00194491
1641 100.00 0.00180744
1681 100.00 0.00168353
1721 100.00 0.00157468
1761 100.00 0.00147760
1801 100.00 0.00139117
1841 100.00 0.00131419
1881 100.00 0.00124430
1920 100.00 0.00118264
