1 44.60 2.25312408
2 51.90 2.05072027
3 51.80 1.35318573
4 71.25 0.83727529
5 76.10 0.65578213
6 84.10 0.46512566
7 79.70 0.71898193
8 92.10 0.26757530
9 90.25 0.29102395
10 92.65 0.22258460
11 96.70 0.11344836
12 98.55 0.07239920
13 98.35 0.06150654
14 98.20 0.06669890
15 99.95 0.01811344
16 97.85 0.08913166
17 100.00 0.01054499
18 100.00 0.00860597
19 100.00 0.00779178
20 100.00 0.00644487
21 100.00 0.00599351
22 100.00 0.00479589
23 100.00 0.00439088
24 100.00 0.00398456
25 100.00 0.00372448
26 100.00 0.00334889
27 100.00 0.00314463
28 100.00 0.00295525
29 100.00 0.00279877
30 100.00 0.00260695
31 100.00 0.00244405
32 100.00 0.00231085
33 100.00 0.00218470
34 100.00 0.00207632
35 100.00 0.00197323
36 100.00 0.00188780
37 100.00 0.00180911
38 100.00 0.00174353
39 100.00 0.00166108
40 100.00 0.00160045
41 100.00 0.00153815
42 100.00 0.00147285
43 100.00 0.00141866
44 100.00 0.00138306
45 100.00 0.00132875
46 100.00 0.00128300
47 100.00 0.00123962
48 100.00 0.00120300
49 100.00 0.00116690
50 100.00 0.00113181
51 100.00 0.00109756
52 100.00 0.00107275
53 100.00 0.00103598
54 100.00 0.00101234
55 100.00 0.00097994
56 100.00 0.00095363
57 100.00 0.00093156
58 100.00 0.00090761
59 100.00 0.00088867
60 100.00 0.00086387
61 100.00 0.00084656
62 100.00 0.00082543
63 100.00 0.00080868
64 100.00 0.00079155
65 100.00 0.00077148
66 100.00 0.00075742
67 100.00 0.00073872
68 100.00 0.00072743
69 100.00 0.00071003
70 100.00 0.00069866
71 100.00 0.00068451
72 100.00 0.00067247
73 100.00 0.00065652
74 100.00 0.00064637
75 100.00 0.00063149
76 100.00 0.00061757
77 100.00 0.00060869
78 100.00 0.00059960
79 100.00 0.00058892
80 100.00 0.00057927
81 100.00 0.00056708
82 100.00 0.00055831
83 100.00 0.00054851
84 100.00 0.00054053
85 100.00 0.00053140
86 100.00 0.00052617
87 100.00 0.00051520
88 100.00 0.00050796
89 100.00 0.00050229
90 100.00 0.00049218
91 100.00 0.00048742
92 100.00 0.00047866
93 100.00 0.00046974
94 100.00 0.00046395
95 100.00 0.00045626
96 100.00 0.00044903
97 100.00 0.00044800
98 100.00 0.00044255
99 100.00 0.00043358
100 100.00 0.00042896
161 100.00 0.00023364
321 100.00 0.00009674
481 100.00 0.00005922
641 100.00 0.00004164
801 100.00 0.00003193
961 100.00 0.00002567
1121 100.00 0.00002135
1281 100.00 0.00001819
1441 100.00 0.00001594
1601 100.00 0.00001410
1761 100.00 0.00001258
1921 100.00 0.00001131
2081 100.00 0.00001028
2241 100.00 0.00000948
2401 100.00 0.00000872
2561 100.00 0.00000808
2721 100.00 0.00000754
2881 100.00 0.00000702
3041 100.00 0.00000668
3201 100.00 0.00000623
3361 100.00 0.00000590
3521 100.00 0.00000564
3681 100.00 0.00000532
3841 100.00 0.00000507
4001 100.00 0.00000483
4161 100.00 0.00000460
4321 100.00 0.00000443
4481 100.00 0.00000423
4641 100.00 0.00000409
4800 100.00 0.00000393
