1 45.00 2.23551998
2 36.00 2.06208401
3 31.00 1.96373870
4 15.00 2.41835365
5 42.00 1.72996244
6 49.00 1.32496190
7 42.00 1.54319417
8 47.00 1.44014943
9 77.00 0.78387378
10 65.00 0.90335017
11 78.00 0.85833613
12 83.00 0.42938837
13 81.00 0.45373887
14 79.00 0.73240898
15 89.00 0.29398316
16 100.00 0.04171896
17 100.00 0.01956227
18 100.00 0.01185106
19 100.00 0.00868474
20 100.00 0.00680552
21 100.00 0.00560601
22 100.00 0.00475997
23 100.00 0.00412118
24 100.00 0.00363634
25 100.00 0.00324634
26 100.00 0.00293106
27 100.00 0.00266714
28 100.00 0.00244276
29 100.00 0.00225383
30 100.00 0.00209067
31 100.00 0.00194882
32 100.00 0.00182424
33 100.00 0.00171416
34 100.00 0.00161577
35 100.00 0.00152776
36 100.00 0.00144867
37 100.00 0.00137630
38 100.00 0.00131099
39 100.00 0.00125162
40 100.00 0.00119691
801 100.00 0.00002582
1601 100.00 0.00001182
2401 100.00 0.00000750
3201 100.00 0.00000545
4001 100.00 0.00000425
4801 100.00 0.00000347
5601 100.00 0.00000292
6401 100.00 0.00000252
7201 100.00 0.00000221
8001 100.00 0.00000197
8801 100.00 0.00000177
9601 100.00 0.00000161
10401 100.00 0.00000146
11201 100.00 0.00000135
12001 100.00 0.00000126
12801 100.00 0.00000116
13601 100.00 0.00000109
14401 100.00 0.00000102
15201 100.00 0.00000097
16001 100.00 0.00000091
16801 100.00 0.00000086
17601 100.00 0.00000081
18000 100.00 0.00000079
