1 10.00 2.30233550
41 10.00 2.29850688
81 26.80 2.29373012
121 29.60 2.28541102
161 31.60 2.26566582
201 29.20 2.19196577
241 28.80 1.76012261
281 50.40 1.28647971
321 59.20 1.04363104
361 61.60 0.91971374
401 64.40 0.82919257
441 59.20 1.01482214
481 69.20 0.66640571
521 79.20 0.53308899
561 82.80 0.58344584
601 81.20 0.51084878
641 88.00 0.37375946
681 93.20 0.21114947
721 95.20 0.17931671
761 96.40 0.14555901
801 43.20 2.17892430
841 99.20 0.06738563
881 98.40 0.06379786
921 99.20 0.05029449
961 100.00 0.03524190
1001 99.60 0.02415317
1041 99.60 0.01964701
1081 100.00 0.01566181
1121 100.00 0.01287452
1161 100.00 0.01102357
1201 100.00 0.00964351
1241 100.00 0.00825544
1281 100.00 0.00720254
1321 100.00 0.00638075
1361 100.00 0.00561004
1401 100.00 0.00498494
1441 100.00 0.00446552
1481 100.00 0.00400705
1521 100.00 0.00362364
1561 100.00 0.00327912
1601 100.00 0.00298492
1641 100.00 0.00272610
1681 100.00 0.00249204
1721 100.00 0.00229144
1761 100.00 0.00211698
1801 100.00 0.00196537
1841 100.00 0.00183418
1881 100.00 0.00171738
1920 100.00 0.00161635
