1 24.75 2.28601389
2 46.25 2.27107567
3 59.50 2.25444767
4 68.25 2.23455252
5 76.75 2.20956442
6 78.75 2.17629729
7 79.00 2.13122205
8 78.50 2.07083733
9 74.75 1.98702326
10 76.75 1.87542865
11 77.75 1.73619084
12 77.25 1.56072608
13 78.75 1.40160414
14 78.00 1.21845675
15 76.75 1.05892549
16 72.00 1.01604703
17 86.00 0.79360847
18 84.75 0.68631545
19 86.25 0.59637304
20 85.50 0.53708574
21 88.50 0.45783330
41 100.00 0.03314496
61 100.00 0.01225835
81 100.00 0.00702400
101 100.00 0.00476661
121 100.00 0.00354642
141 100.00 0.00279191
161 100.00 0.00228501
181 100.00 0.00192302
201 100.00 0.00165340
221 100.00 0.00144516
241 100.00 0.00128025
261 100.00 0.00114667
281 100.00 0.00103660
301 100.00 0.00094434
321 100.00 0.00086615
341 100.00 0.00079901
361 100.00 0.00074082
381 100.00 0.00068994
401 100.00 0.00064510
421 100.00 0.00060534
441 100.00 0.00056984
461 100.00 0.00053801
481 100.00 0.00050927
501 100.00 0.00048323
521 100.00 0.00045954
541 100.00 0.00043792
561 100.00 0.00041809
581 100.00 0.00039985
601 100.00 0.00038302
621 100.00 0.00036745
641 100.00 0.00035300
661 100.00 0.00033957
681 100.00 0.00032706
701 100.00 0.00031538
721 100.00 0.00030445
741 100.00 0.00029419
761 100.00 0.00028456
781 100.00 0.00027549
801 100.00 0.00026696
821 100.00 0.00025889
841 100.00 0.00025125
861 100.00 0.00024402
881 100.00 0.00023716
901 100.00 0.00023067
921 100.00 0.00022448
941 100.00 0.00021860
961 100.00 0.00021300
981 100.00 0.00020767
1001 100.00 0.00020256
1021 100.00 0.00019770
1041 100.00 0.00019303
1061 100.00 0.00018857
1081 100.00 0.00018430
1101 100.00 0.00018020
1121 100.00 0.00017628
1141 100.00 0.00017250
1161 100.00 0.00016888
1181 100.00 0.00016539
1201 100.00 0.00016204
1221 100.00 0.00015882
1241 100.00 0.00015570
1261 100.00 0.00015270
1281 100.00 0.00014981
1301 100.00 0.00014701
1321 100.00 0.00014430
1341 100.00 0.00014170
1361 100.00 0.00013917
1381 100.00 0.00013674
1401 100.00 0.00013437
1421 100.00 0.00013208
1441 100.00 0.00012986
1461 100.00 0.00012771
1481 100.00 0.00012563
1501 100.00 0.00012360
1521 100.00 0.00012164
1541 100.00 0.00011973
1561 100.00 0.00011789
1581 100.00 0.00011609
1601 100.00 0.00011435
1621 100.00 0.00011265
1641 100.00 0.00011100
1661 100.00 0.00010938
1681 100.00 0.00010782
1701 100.00 0.00010630
1721 100.00 0.00010481
1741 100.00 0.00010336
1761 100.00 0.00010195
1781 100.00 0.00010058
1801 100.00 0.00009924
1821 100.00 0.00009793
1841 100.00 0.00009666
1861 100.00 0.00009541
1881 100.00 0.00009419
1901 100.00 0.00009300
1921 100.00 0.00009184
1941 100.00 0.00009070
1961 100.00 0.00008960
1981 100.00 0.00008851
2001 100.00 0.00008746
2021 100.00 0.00008642
2041 100.00 0.00008541
2061 100.00 0.00008442
2081 100.00 0.00008345
2101 100.00 0.00008250
2121 100.00 0.00008157
2141 100.00 0.00008066
2161 100.00 0.00007977
2181 100.00 0.00007890
2201 100.00 0.00007804
2221 100.00 0.00007720
2241 100.00 0.00007637
2261 100.00 0.00007557
2281 100.00 0.00007478
2301 100.00 0.00007400
2321 100.00 0.00007324
2341 100.00 0.00007250
2361 100.00 0.00007177
2381 100.00 0.00007104
2401 100.00 0.00007034
2421 100.00 0.00006966
2441 100.00 0.00006898
2461 100.00 0.00006831
2481 100.00 0.00006765
2501 100.00 0.00006701
2521 100.00 0.00006638
2541 100.00 0.00006576
2561 100.00 0.00006514
2581 100.00 0.00006455
2601 100.00 0.00006396
2621 100.00 0.00006337
2641 100.00 0.00006280
2661 100.00 0.00006225
2681 100.00 0.00006170
2701 100.00 0.00006116
2721 100.00 0.00006062
2741 100.00 0.00006010
2761 100.00 0.00005958
2781 100.00 0.00005907
2801 100.00 0.00005857
2821 100.00 0.00005808
2841 100.00 0.00005760
2861 100.00 0.00005712
2881 100.00 0.00005665
2901 100.00 0.00005619
2921 100.00 0.00005573
2941 100.00 0.00005528
2961 100.00 0.00005484
2981 100.00 0.00005440
3001 100.00 0.00005397
3021 100.00 0.00005355
3041 100.00 0.00005314
3061 100.00 0.00005272
3081 100.00 0.00005232
3101 100.00 0.00005192
3121 100.00 0.00005152
3141 100.00 0.00005114
3161 100.00 0.00005076
3181 100.00 0.00005038
3201 100.00 0.00005001
3221 100.00 0.00004964
3241 100.00 0.00004928
3261 100.00 0.00004892
3281 100.00 0.00004857
3301 100.00 0.00004822
3321 100.00 0.00004787
3341 100.00 0.00004754
3361 100.00 0.00004721
3381 100.00 0.00004687
3401 100.00 0.00004655
3421 100.00 0.00004623
3441 100.00 0.00004591
3461 100.00 0.00004560
3481 100.00 0.00004529
3501 100.00 0.00004499
3521 100.00 0.00004469
3541 100.00 0.00004439
3561 100.00 0.00004409
3581 100.00 0.00004381
3601 100.00 0.00004352
3621 100.00 0.00004324
3641 100.00 0.00004296
3661 100.00 0.00004268
3681 100.00 0.00004241
3701 100.00 0.00004214
3721 100.00 0.00004187
3741 100.00 0.00004160
3761 100.00 0.00004134
3781 100.00 0.00004108
3801 100.00 0.00004084
3821 100.00 0.00004058
3841 100.00 0.00004033
3861 100.00 0.00004009
3881 100.00 0.00003984
3901 100.00 0.00003961
3921 100.00 0.00003937
3941 100.00 0.00003914
3961 100.00 0.00003890
3981 100.00 0.00003867
4001 100.00 0.00003845
4021 100.00 0.00003822
4041 100.00 0.00003799
4061 100.00 0.00003778
4081 100.00 0.00003756
4101 100.00 0.00003735
4121 100.00 0.00003713
4141 100.00 0.00003692
4161 100.00 0.00003671
4181 100.00 0.00003650
4201 100.00 0.00003630
4221 100.00 0.00003610
4241 100.00 0.00003590
4261 100.00 0.00003570
4281 100.00 0.00003551
4301 100.00 0.00003531
4321 100.00 0.00003512
4341 100.00 0.00003493
4361 100.00 0.00003474
4381 100.00 0.00003455
4401 100.00 0.00003437
4421 100.00 0.00003419
4441 100.00 0.00003401
4461 100.00 0.00003383
4481 100.00 0.00003365
4501 100.00 0.00003348
4521 100.00 0.00003331
4541 100.00 0.00003313
4561 100.00 0.00003297
4581 100.00 0.00003280
4601 100.00 0.00003263
4621 100.00 0.00003246
4641 100.00 0.00003229
4661 100.00 0.00003213
4681 100.00 0.00003197
4701 100.00 0.00003181
4721 100.00 0.00003166
4741 100.00 0.00003150
4761 100.00 0.00003134
4781 100.00 0.00003119
4801 100.00 0.00003104
4821 100.00 0.00003089
4841 100.00 0.00003074
4861 100.00 0.00003059
4881 100.00 0.00003044
4901 100.00 0.00003030
4921 100.00 0.00003015
4941 100.00 0.00003001
4961 100.00 0.00002987
4981 100.00 0.00002972
5001 100.00 0.00002959
5021 100.00 0.00002945
5041 100.00 0.00002931
5061 100.00 0.00002918
5081 100.00 0.00002904
5101 100.00 0.00002891
5121 100.00 0.00002878
5141 100.00 0.00002864
5161 100.00 0.00002852
5181 100.00 0.00002839
5201 100.00 0.00002826
5221 100.00 0.00002813
5241 100.00 0.00002801
5261 100.00 0.00002788
5281 100.00 0.00002776
5301 100.00 0.00002764
5321 100.00 0.00002751
5341 100.00 0.00002740
5361 100.00 0.00002728
5381 100.00 0.00002716
5401 100.00 0.00002704
5421 100.00 0.00002692
5441 100.00 0.00002680
5461 100.00 0.00002669
5481 100.00 0.00002658
5501 100.00 0.00002647
5521 100.00 0.00002636
5541 100.00 0.00002625
5561 100.00 0.00002613
5581 100.00 0.00002602
5601 100.00 0.00002591
5621 100.00 0.00002580
5641 100.00 0.00002570
5661 100.00 0.00002559
5681 100.00 0.00002549
5701 100.00 0.00002539
5721 100.00 0.00002528
5741 100.00 0.00002518
5761 100.00 0.00002508
5781 100.00 0.00002497
5801 100.00 0.00002487
5821 100.00 0.00002478
5841 100.00 0.00002468
5861 100.00 0.00002457
5881 100.00 0.00002448
5901 100.00 0.00002438
5921 100.00 0.00002428
5941 100.00 0.00002419
5961 100.00 0.00002409
5981 100.00 0.00002400
6000 100.00 0.00002391
