41 100.00 0.00001049
42 100.00 0.00003242
43 100.00 0.00009056
44 100.00 0.00023078
45 100.00 0.00054070
46 100.00 0.00117185
47 100.00 0.00236114
48 100.00 0.00444220
49 100.00 0.00783180
50 100.00 0.01297073
51 100.00 0.02021008
52 100.00 0.02967558
53 100.00 0.04117575
54 100.00 0.05422242
55 100.00 0.06808953
56 100.00 0.08202620
57 100.00 0.09538817
58 100.00 0.10759427
59 100.00 0.11863480
60 100.00 0.12807315
61 100.00 0.13629493
62 100.00 0.14321106
63 100.00 0.14908396
64 100.00 0.15385590
65 100.00 0.15798463
66 100.00 0.16140501
91 100.00 0.17848455
116 100.00 0.17576918
141 100.00 0.17280639
166 100.00 0.17102503
191 100.00 0.16921192
216 100.00 0.16834807
241 100.00 0.16723102
266 100.00 0.16709148
291 100.00 0.16675079
316 100.00 0.16604217
341 100.00 0.16609758
366 100.00 0.16440708
391 100.00 0.16343336
416 100.00 0.16427926
441 100.00 0.16408629
466 100.00 0.16350940
491 100.00 0.16322047
516 100.00 0.16305855
541 100.00 0.16286958
566 100.00 0.16373729
591 100.00 0.16165440
616 100.00 0.16103839
641 100.00 0.16189848
666 100.00 0.16111618
691 100.00 0.16123884
716 100.00 0.16164218
741 100.00 0.16069810
766 100.00 0.16118854
791 100.00 0.16080141
816 100.00 0.16069489
841 100.00 0.15996738
866 100.00 0.15918687
891 100.00 0.15918887
916 100.00 0.16020165
941 100.00 0.15971255
966 100.00 0.15973491
991 100.00 0.15861228
1016 100.00 0.16046004
1040 100.00 0.16050511
