1 11.00 2.30232120
2 11.00 2.30146360
3 11.00 2.30060738
4 12.00 2.29975480
5 12.00 2.29890722
6 12.00 2.29806322
7 12.00 2.29722089
8 14.00 2.29638034
9 16.00 2.29554164
10 17.00 2.29470396
11 18.00 2.29386503
12 20.00 2.29302502
13 21.00 2.29218405
14 22.00 2.29134256
15 22.00 2.29050112
16 23.00 2.28965956
17 26.00 2.28881681
18 28.00 2.28797317
19 28.00 2.28712684
20 29.00 2.28628141
21 29.00 2.28543377
22 30.00 2.28458136
23 30.00 2.28372699
24 32.00 2.28286475
25 38.00 2.28199553
26 38.00 2.28112131
27 39.00 2.28023785
28 40.00 2.27934611
29 40.00 2.27844363
30 42.00 2.27753127
31 44.00 2.27661395
32 45.00 2.27568811
33 46.00 2.27475280
34 46.00 2.27380806
35 46.00 2.27285212
36 47.00 2.27188295
37 47.00 2.27089953
38 47.00 2.26990074
39 48.00 2.26888674
40 47.00 2.26785511
41 47.00 2.26681155
42 47.00 2.26575637
43 47.00 2.26468837
44 47.00 2.26360637
45 47.00 2.26251191
46 47.00 2.26140386
47 46.00 2.26028007
48 47.00 2.25914389
49 47.00 2.25799155
50 47.00 2.25682068
51 49.00 2.25563115
52 50.00 2.25442255
53 51.00 2.25319445
54 50.00 2.25194860
55 51.00 2.25068468
56 51.00 2.24940330
57 51.00 2.24809659
58 50.00 2.24676591
59 51.00 2.24541098
60 51.00 2.24403250
61 52.00 2.24262685
62 52.00 2.24119419
63 52.00 2.23974091
64 52.00 2.23825955
65 52.00 2.23674631
66 52.00 2.23519927
67 52.00 2.23362321
68 52.00 2.23201388
69 52.00 2.23037153
70 52.00 2.22869253
71 51.00 2.22698110
72 51.00 2.22523385
73 51.00 2.22345245
74 51.00 2.22163421
75 51.00 2.21977830
76 51.00 2.21788406
77 50.00 2.21594417
78 51.00 2.21396196
79 49.00 2.21192801
80 50.00 2.20984560
81 50.00 2.20771658
82 49.00 2.20554280
83 47.00 2.20331615
84 48.00 2.20104122
85 49.00 2.19871563
86 48.00 2.19633418
87 49.00 2.19390017
88 49.00 2.19141173
89 49.00 2.18886584
90 49.00 2.18626052
91 50.00 2.18359256
92 50.00 2.18085712
93 50.00 2.17805439
94 50.00 2.17517906
95 50.00 2.17223603
96 50.00 2.16921890
97 50.00 2.16612291
98 49.00 2.16295117
99 49.00 2.15969509
100 50.00 2.15636146
151 73.00 1.84340268
301 99.00 0.18001195
451 100.00 0.03252365
601 100.00 0.01389744
751 100.00 0.00816402
901 100.00 0.00557063
1051 100.00 0.00413895
1201 100.00 0.00324882
1351 100.00 0.00264917
1501 100.00 0.00222145
1651 100.00 0.00190302
1801 100.00 0.00165784
1951 100.00 0.00146397
2101 100.00 0.00130727
2251 100.00 0.00117834
2401 100.00 0.00107062
2551 100.00 0.00097944
2701 100.00 0.00090135
2851 100.00 0.00083382
3001 100.00 0.00077491
3151 100.00 0.00072314
3301 100.00 0.00067731
3451 100.00 0.00063650
3601 100.00 0.00059993
3751 100.00 0.00056700
3901 100.00 0.00053720
4051 100.00 0.00051015
4201 100.00 0.00048549
4351 100.00 0.00046289
4501 100.00 0.00044216
4651 100.00 0.00042305
4801 100.00 0.00040539
4951 100.00 0.00038904
5101 100.00 0.00037385
5251 100.00 0.00035972
5401 100.00 0.00034651
5551 100.00 0.00033418
5701 100.00 0.00032262
5851 100.00 0.00031177
6000 100.00 0.00030165
