1 9.25 2.30249943
201 43.00 2.29470247
401 68.50 2.26539750
601 65.25 1.48016157
801 100.00 0.03337516
1001 100.00 0.00615151
1201 100.00 0.00290805
1401 100.00 0.00180261
1601 100.00 0.00127055
1801 100.00 0.00096509
2001 100.00 0.00076970
2201 100.00 0.00063528
2401 100.00 0.00053782
2601 100.00 0.00046429
2801 100.00 0.00040708
3001 100.00 0.00036141
3201 100.00 0.00032424
3401 100.00 0.00029344
3601 100.00 0.00026757
3801 100.00 0.00024555
4001 100.00 0.00022661
4201 100.00 0.00021017
4401 100.00 0.00019578
4601 100.00 0.00018308
4801 100.00 0.00017180
5001 100.00 0.00016173
5201 100.00 0.00015268
5401 100.00 0.00014451
5601 100.00 0.00013712
5801 100.00 0.00013038
6000 100.00 0.00012425
