1 41.60 2.22920324
2 36.80 1.97249108
3 41.20 1.94663418
4 21.90 2.34242855
5 43.10 1.56015545
6 31.10 2.02858151
7 54.40 1.33647932
8 55.10 1.30258911
9 64.20 1.14699266
10 77.00 0.66700991
11 74.90 0.84846089
12 80.70 0.55620913
13 82.50 0.57233816
14 92.60 0.24077755
15 87.70 0.37867717
16 81.70 0.61869143
17 90.40 0.33964504
18 94.40 0.20330598
19 95.40 0.16489792
20 94.30 0.18300213
21 99.50 0.06803593
22 99.40 0.04580634
23 99.70 0.02476049
24 99.70 0.01904723
25 100.00 0.01341052
26 100.00 0.00942519
27 100.00 0.00795302
28 100.00 0.00672696
29 100.00 0.00592596
30 100.00 0.00531286
401 100.00 0.00009497
801 100.00 0.00004206
1201 100.00 0.00002632
1601 100.00 0.00001892
2001 100.00 0.00001465
2401 100.00 0.00001190
2801 100.00 0.00000998
3201 100.00 0.00000858
3601 100.00 0.00000750
4001 100.00 0.00000666
4401 100.00 0.00000598
4801 100.00 0.00000542
5201 100.00 0.00000495
5601 100.00 0.00000455
6001 100.00 0.00000421
6401 100.00 0.00000391
6801 100.00 0.00000366
7200 100.00 0.00000343
