1 73.66 0.76805931
2 91.46 0.29516030
3 92.77 0.23900084
4 96.49 0.12430386
5 96.44 0.12535888
6 96.58 0.11285486
7 97.50 0.08171684
8 90.73 0.29859250
9 99.08 0.03623847
10 98.69 0.04418267
11 99.53 0.02065115
12 99.59 0.01738913
13 99.65 0.01528468
14 99.72 0.01170043
15 99.90 0.00693010
16 99.88 0.00681079
17 99.96 0.00379458
18 99.98 0.00292802
19 99.91 0.00479032
20 99.80 0.00769969
21 100.00 0.00107420
31 100.00 0.00035481
41 100.00 0.00020195
51 100.00 0.00013951
61 100.00 0.00010545
71 100.00 0.00008381
81 100.00 0.00006930
91 100.00 0.00005889
101 100.00 0.00005078
111 100.00 0.00004449
121 100.00 0.00003946
131 100.00 0.00003539
141 100.00 0.00003215
151 100.00 0.00002940
161 100.00 0.00002687
171 100.00 0.00002484
181 100.00 0.00002300
191 100.00 0.00002146
200 100.00 0.00002024
