1 29.60 6.09989052
2 47.80 5.74101591
3 49.60 5.38403502
4 25.60 5.56725273
5 38.00 4.76568995
6 60.80 4.43372068
7 52.60 4.67149162
8 62.40 4.23336296
9 75.40 3.80009255
10 61.60 4.04400978
11 72.80 3.66696587
12 84.80 3.25035419
13 86.80 3.15363393
14 73.00 3.31001935
15 72.00 3.27731934
16 49.20 3.95528851
17 83.00 2.92461400
18 65.40 3.21567006
19 79.20 2.82240381
20 67.60 3.32944937
201 99.80 0.44049250
401 100.00 0.41895636
601 99.80 0.38342635
801 100.00 0.37527652
1001 100.00 0.36414851
1201 100.00 0.36739061
1401 100.00 0.36359780
1601 100.00 0.36582164
1801 100.00 0.35252699
2001 100.00 0.37496153
2201 98.60 0.49578057
2401 100.00 0.36756342
2601 100.00 0.35258217
2801 100.00 0.36888622
3001 100.00 0.36256369
3201 100.00 0.35390705
3401 100.00 0.34661313
3600 100.00 0.34880587
