1 73.36 0.69239072
2 79.45 0.56447321
3 84.21 0.44326193
4 85.64 0.40485294
5 84.28 0.43241357
6 83.42 0.43986758
7 84.81 0.40821446
8 86.97 0.35184190
9 88.05 0.32894931
10 87.85 0.33172532
11 85.26 0.41423312
12 86.71 0.36128391
13 88.40 0.31424827
14 87.56 0.32014056
15 88.39 0.31329291
16 90.04 0.26955064
17 87.96 0.31403478
18 90.19 0.26706757
19 90.19 0.26316180
20 89.44 0.28375789
21 88.58 0.30317840
22 90.85 0.24785460
23 89.38 0.28365514
24 89.69 0.27413799
25 88.11 0.30352386
26 89.48 0.28444547
27 85.35 0.38507500
28 90.75 0.24405423
29 89.10 0.27764043
30 92.47 0.20783373
31 92.37 0.20561383
32 91.72 0.22274143
33 89.09 0.27577596
34 91.11 0.23584726
35 92.41 0.20232229
36 90.09 0.25008750
37 92.34 0.20861963
38 90.31 0.25979912
39 89.90 0.27453507
40 89.98 0.26953624
41 85.07 0.43606400
42 88.70 0.29770320
43 90.32 0.25671139
44 92.07 0.21475049
45 91.68 0.22763823
46 91.80 0.22143159
47 92.40 0.20907735
48 92.14 0.20752868
49 90.20 0.26374381
50 88.93 0.29781348
51 88.61 0.28479868
52 93.88 0.17319110
53 87.73 0.32740614
54 93.64 0.17100160
55 94.31 0.15854326
56 91.43 0.21903140
57 93.34 0.17854244
58 94.53 0.15179485
59 93.48 0.17410538
60 89.68 0.27692490
61 94.92 0.14229545
62 94.13 0.15744017
63 93.49 0.17065344
64 88.37 0.31653047
65 91.83 0.21200394
66 94.88 0.13991935
67 94.27 0.15694503
68 94.75 0.14468560
69 93.90 0.17172752
70 93.75 0.16031664
71 93.60 0.16925950
72 92.31 0.19485896
73 95.45 0.12645835
74 88.16 0.34939687
75 91.36 0.22469099
76 95.24 0.12827608
77 94.64 0.14853863
78 92.17 0.18339368
79 95.07 0.13304861
80 91.62 0.21571910
81 95.82 0.11539115
82 96.28 0.10292175
83 94.82 0.13957190
84 95.78 0.11222245
85 93.76 0.15575335
86 94.77 0.14101001
87 95.80 0.10689002
88 93.80 0.16069810
89 94.45 0.15460911
90 93.78 0.15899791
91 96.10 0.10217406
92 96.28 0.09894124
93 95.77 0.11255854
94 96.64 0.09035085
95 91.60 0.23210625
96 96.49 0.09269929
97 96.89 0.08565634
98 96.61 0.08952381
99 96.21 0.09681536
100 96.50 0.09447884
101 96.72 0.08580287
102 95.84 0.11414953
103 95.60 0.11535904
104 97.22 0.07971326
105 96.19 0.10003098
106 95.49 0.12671112
107 96.05 0.10316675
108 94.88 0.14396550
109 92.53 0.33547412
110 92.64 0.20313872
111 94.14 0.16538932
112 93.67 0.17178792
113 92.54 0.21053876
114 94.72 0.14417986
115 95.43 0.13002866
116 90.79 0.26395470
117 95.34 0.12965610
118 95.35 0.12754777
119 96.01 0.10822041
120 96.45 0.10219238
121 92.51 0.20103936
122 94.66 0.13843390
123 92.48 0.19622252
124 94.49 0.14072615
125 93.87 0.17727486
126 95.22 0.13067209
127 93.25 0.17880940
128 95.23 0.13042875
129 95.79 0.11149061
130 93.60 0.18781272
131 95.66 0.11882969
132 97.05 0.08494533
133 92.95 0.17841111
134 96.47 0.09943463
135 95.50 0.12077043
136 97.09 0.07953786
137 97.00 0.08140533
138 97.12 0.08030317
139 94.43 0.15008828
140 96.89 0.08610188
141 96.91 0.08544448
142 97.81 0.06164943
143 95.78 0.12451603
144 96.66 0.08804317
145 96.24 0.09617844
146 96.02 0.10915175
147 97.34 0.07187720
148 97.75 0.06341521
149 97.02 0.08458785
150 97.22 0.07839046
151 97.15 0.08007542
152 97.56 0.06769078
153 97.91 0.05746357
154 94.25 0.17491916
155 97.75 0.06280799
156 95.83 0.11247094
157 98.39 0.04649877
158 97.09 0.08034834
159 94.25 0.15306966
160 97.37 0.07291178
161 94.71 0.15629917
162 96.78 0.08613465
163 96.55 0.10417036
164 98.09 0.05307046
165 97.03 0.07587285
166 97.00 0.08014065
167 97.81 0.06199172
168 97.02 0.08024157
169 94.95 0.13662515
170 95.87 0.13108435
171 98.52 0.04367960
172 93.47 0.17469849
173 98.31 0.04793153
174 96.44 0.11455054
175 93.15 0.21449629
176 97.38 0.06902385
177 98.28 0.04866875
178 98.80 0.03614295
179 98.97 0.03174988
180 99.05 0.03090534
181 97.93 0.05812633
182 98.21 0.05141282
183 98.90 0.03514308
184 98.11 0.05218160
185 98.44 0.04268223
186 97.82 0.05822777
187 99.05 0.03003040
188 98.76 0.03508559
189 97.47 0.06538196
190 98.20 0.04968117
191 95.34 0.16276320
192 98.66 0.03665416
193 97.78 0.06236406
194 97.31 0.06986213
195 99.10 0.02794655
196 98.87 0.03254624
197 98.52 0.03945812
198 98.97 0.02993910
199 97.37 0.08071022
200 98.92 0.03342749
