1 58.44 0.93980072
2 62.80 1.00905607
3 80.45 0.53215775
4 80.83 0.51007745
5 79.25 0.54992693
6 85.52 0.39633810
7 82.89 0.46922679
8 86.20 0.38269399
9 87.62 0.33807449
10 88.73 0.31323200
11 87.28 0.33691780
12 83.45 0.43669387
13 89.93 0.28226034
14 86.94 0.34081533
15 88.91 0.29222067
16 89.58 0.28228407
17 87.52 0.33654538
18 89.08 0.29445407
19 85.46 0.39279514
20 87.37 0.33575527
21 89.30 0.28767282
22 89.56 0.27414709
23 88.83 0.29055874
24 89.63 0.28031550
25 90.08 0.26476727
26 92.00 0.21458743
27 84.05 0.46573997
28 91.31 0.22826223
29 90.97 0.24251279
30 91.28 0.23131862
31 89.78 0.26996028
32 92.03 0.21111985
33 90.34 0.25163311
34 91.92 0.21725835
35 86.46 0.32939119
36 91.20 0.23698500
37 92.69 0.18766692
38 91.25 0.23577539
39 92.42 0.20000448
40 92.66 0.19668559
