1 15.00 2.29849982
2 24.00 2.29426974
3 34.00 2.29008311
4 40.00 2.28583878
5 47.00 2.28151470
6 49.00 2.27705616
7 50.00 2.27242196
8 54.00 2.26754260
9 54.00 2.26235461
10 53.00 2.25680673
11 58.00 2.25080103
12 57.00 2.24427706
13 55.00 2.23712844
14 60.00 2.22922504
15 59.00 2.22043997
16 63.00 2.21064711
17 63.00 2.19971573
18 62.00 2.18749189
19 60.00 2.17377079
20 60.00 2.15809101
21 60.00 2.14028943
22 58.00 2.12013024
23 58.00 2.09701419
24 58.00 2.07057381
25 58.00 2.04041362
26 60.00 2.00621629
27 59.00 1.96759093
28 62.00 1.92322060
29 67.00 1.87410706
30 68.00 1.81924793
31 69.00 1.75851688
32 69.00 1.69124639
33 70.00 1.61926195
34 71.00 1.54074124
35 71.00 1.46123722
36 76.00 1.37469360
37 77.00 1.28961754
38 79.00 1.19880342
39 84.00 1.11771983
40 84.00 1.03099847
41 83.00 0.96248379
42 85.00 0.88681631
43 83.00 0.81724250
44 86.00 0.75997953
45 86.00 0.70324464
46 88.00 0.65192533
47 92.00 0.59824480
48 90.00 0.56102086
49 92.00 0.52452349
50 91.00 0.48295432
51 93.00 0.45018370
52 91.00 0.44703121
53 95.00 0.39502603
54 95.00 0.37547331
55 94.00 0.36402332
56 95.00 0.34242916
57 95.00 0.31451670
58 96.00 0.28689994
59 96.00 0.29450205
60 98.00 0.25303904
61 96.00 0.24403739
62 98.00 0.22677960
63 97.00 0.22297905
64 99.00 0.20043163
65 98.00 0.21506240
66 98.00 0.17992871
67 98.00 0.17197057
68 98.00 0.16236630
69 98.00 0.14999701
70 97.00 0.15778780
71 99.00 0.13266594
72 98.00 0.13158962
73 96.00 0.16555067
74 98.00 0.12119283
75 100.00 0.10713728
76 100.00 0.09993851
77 100.00 0.09333374
78 100.00 0.09362156
79 100.00 0.08406404
80 100.00 0.08646342
81 100.00 0.07662520
82 100.00 0.07272294
83 100.00 0.06996355
84 100.00 0.06734035
85 100.00 0.06367981
86 100.00 0.05964199
87 100.00 0.05809312
88 100.00 0.05480915
89 100.00 0.05342268
90 100.00 0.05003712
91 100.00 0.04805229
92 100.00 0.04701736
93 100.00 0.04450975
94 100.00 0.04273703
95 100.00 0.04117824
96 100.00 0.03957416
97 100.00 0.03912189
98 100.00 0.03674957
99 100.00 0.03547889
100 100.00 0.03427717
101 100.00 0.03315412
201 100.00 0.00549439
301 100.00 0.00258341
401 100.00 0.00160880
501 100.00 0.00114024
601 100.00 0.00087047
701 100.00 0.00069734
801 100.00 0.00057781
901 100.00 0.00049088
1001 100.00 0.00042510
1101 100.00 0.00037379
1201 100.00 0.00033273
1301 100.00 0.00029924
1401 100.00 0.00027142
1501 100.00 0.00024801
1601 100.00 0.00022804
1701 100.00 0.00021085
1801 100.00 0.00019586
1901 100.00 0.00018274
2001 100.00 0.00017115
2101 100.00 0.00016083
2201 100.00 0.00015161
2301 100.00 0.00014333
2401 100.00 0.00013583
2501 100.00 0.00012903
2601 100.00 0.00012282
2701 100.00 0.00011713
2801 100.00 0.00011194
2901 100.00 0.00010714
3001 100.00 0.00010272
3101 100.00 0.00009860
3201 100.00 0.00009480
3301 100.00 0.00009125
3401 100.00 0.00008795
3501 100.00 0.00008484
3601 100.00 0.00008196
3701 100.00 0.00007923
3801 100.00 0.00007667
3901 100.00 0.00007426
4001 100.00 0.00007199
4101 100.00 0.00006984
4201 100.00 0.00006780
4301 100.00 0.00006587
4401 100.00 0.00006405
4501 100.00 0.00006231
4601 100.00 0.00006067
4701 100.00 0.00005909
4801 100.00 0.00005760
4901 100.00 0.00005618
5001 100.00 0.00005482
5101 100.00 0.00005350
5201 100.00 0.00005226
5301 100.00 0.00005107
5401 100.00 0.00004992
5501 100.00 0.00004882
5601 100.00 0.00004778
5701 100.00 0.00004676
5801 100.00 0.00004579
5901 100.00 0.00004485
6001 100.00 0.00004395
6101 100.00 0.00004308
6201 100.00 0.00004225
6301 100.00 0.00004144
6401 100.00 0.00004067
6501 100.00 0.00003990
6601 100.00 0.00003918
6701 100.00 0.00003848
6801 100.00 0.00003780
6901 100.00 0.00003714
7001 100.00 0.00003652
7101 100.00 0.00003589
7201 100.00 0.00003529
7301 100.00 0.00003471
7401 100.00 0.00003415
7501 100.00 0.00003362
7601 100.00 0.00003308
7701 100.00 0.00003257
7801 100.00 0.00003207
7901 100.00 0.00003159
8001 100.00 0.00003112
8101 100.00 0.00003065
8201 100.00 0.00003022
8301 100.00 0.00002978
8401 100.00 0.00002936
8501 100.00 0.00002894
8601 100.00 0.00002855
8701 100.00 0.00002814
8801 100.00 0.00002778
8901 100.00 0.00002740
9001 100.00 0.00002704
9101 100.00 0.00002669
9201 100.00 0.00002633
9301 100.00 0.00002600
9401 100.00 0.00002568
9501 100.00 0.00002535
9601 100.00 0.00002505
9701 100.00 0.00002474
9801 100.00 0.00002444
9901 100.00 0.00002415
10001 100.00 0.00002387
10101 100.00 0.00002357
10201 100.00 0.00002330
10301 100.00 0.00002304
10401 100.00 0.00002277
10501 100.00 0.00002252
10601 100.00 0.00002227
10701 100.00 0.00002202
10801 100.00 0.00002178
10901 100.00 0.00002155
11001 100.00 0.00002131
11101 100.00 0.00002108
11201 100.00 0.00002086
11301 100.00 0.00002064
11401 100.00 0.00002043
11501 100.00 0.00002021
11601 100.00 0.00002001
11701 100.00 0.00001981
11801 100.00 0.00001962
11901 100.00 0.00001942
12001 100.00 0.00001922
12101 100.00 0.00001904
12201 100.00 0.00001886
12301 100.00 0.00001867
12401 100.00 0.00001848
12501 100.00 0.00001832
12601 100.00 0.00001814
12701 100.00 0.00001797
12801 100.00 0.00001782
12901 100.00 0.00001765
13001 100.00 0.00001749
13101 100.00 0.00001733
13201 100.00 0.00001717
13301 100.00 0.00001703
13401 100.00 0.00001688
13501 100.00 0.00001672
13601 100.00 0.00001658
13701 100.00 0.00001645
13801 100.00 0.00001630
13901 100.00 0.00001616
14001 100.00 0.00001602
14101 100.00 0.00001590
14201 100.00 0.00001576
14301 100.00 0.00001563
14401 100.00 0.00001551
14501 100.00 0.00001538
14601 100.00 0.00001526
14701 100.00 0.00001513
14801 100.00 0.00001501
14901 100.00 0.00001490
15001 100.00 0.00001478
15101 100.00 0.00001466
15201 100.00 0.00001455
15301 100.00 0.00001443
15401 100.00 0.00001433
15501 100.00 0.00001421
15601 100.00 0.00001411
15701 100.00 0.00001402
15801 100.00 0.00001390
15901 100.00 0.00001380
16001 100.00 0.00001370
16101 100.00 0.00001359
16201 100.00 0.00001351
16301 100.00 0.00001340
16401 100.00 0.00001330
16501 100.00 0.00001322
16601 100.00 0.00001312
16701 100.00 0.00001303
16801 100.00 0.00001294
16901 100.00 0.00001285
17001 100.00 0.00001276
17101 100.00 0.00001267
17201 100.00 0.00001258
17301 100.00 0.00001250
17401 100.00 0.00001241
17501 100.00 0.00001232
17601 100.00 0.00001225
17701 100.00 0.00001216
17801 100.00 0.00001208
17901 100.00 0.00001201
18001 100.00 0.00001192
18101 100.00 0.00001186
18201 100.00 0.00001178
18301 100.00 0.00001171
18401 100.00 0.00001163
18501 100.00 0.00001156
18601 100.00 0.00001149
18701 100.00 0.00001141
18801 100.00 0.00001134
18901 100.00 0.00001127
19001 100.00 0.00001120
19101 100.00 0.00001114
19201 100.00 0.00001107
19301 100.00 0.00001100
19401 100.00 0.00001093
19501 100.00 0.00001087
19601 100.00 0.00001080
19701 100.00 0.00001074
19801 100.00 0.00001068
19901 100.00 0.00001063
20001 100.00 0.00001055
20101 100.00 0.00001049
20201 100.00 0.00001043
20301 100.00 0.00001037
20401 100.00 0.00001031
20501 100.00 0.00001024
20601 100.00 0.00001020
20701 100.00 0.00001014
20801 100.00 0.00001008
20901 100.00 0.00001002
21001 100.00 0.00000997
21101 100.00 0.00000991
21201 100.00 0.00000985
21301 100.00 0.00000981
21401 100.00 0.00000975
21501 100.00 0.00000970
21601 100.00 0.00000965
21701 100.00 0.00000959
21801 100.00 0.00000954
21901 100.00 0.00000949
22001 100.00 0.00000943
22101 100.00 0.00000940
22201 100.00 0.00000935
22301 100.00 0.00000930
22401 100.00 0.00000926
22501 100.00 0.00000920
22601 100.00 0.00000916
22701 100.00 0.00000911
22801 100.00 0.00000907
22901 100.00 0.00000902
23001 100.00 0.00000897
23101 100.00 0.00000892
23201 100.00 0.00000888
23301 100.00 0.00000883
23401 100.00 0.00000879
23501 100.00 0.00000876
23601 100.00 0.00000871
23701 100.00 0.00000866
23801 100.00 0.00000862
23901 100.00 0.00000858
24001 100.00 0.00000853
24101 100.00 0.00000849
24201 100.00 0.00000846
24301 100.00 0.00000842
24401 100.00 0.00000838
24501 100.00 0.00000834
24601 100.00 0.00000829
24701 100.00 0.00000826
24801 100.00 0.00000823
24901 100.00 0.00000818
25001 100.00 0.00000815
25101 100.00 0.00000810
25201 100.00 0.00000806
25301 100.00 0.00000803
25401 100.00 0.00000799
25501 100.00 0.00000796
25601 100.00 0.00000791
25701 100.00 0.00000788
25801 100.00 0.00000785
25901 100.00 0.00000781
26001 100.00 0.00000778
26101 100.00 0.00000774
26201 100.00 0.00000770
26301 100.00 0.00000767
26401 100.00 0.00000763
26501 100.00 0.00000760
26601 100.00 0.00000757
26701 100.00 0.00000754
26801 100.00 0.00000751
26901 100.00 0.00000748
27001 100.00 0.00000744
27101 100.00 0.00000741
27201 100.00 0.00000738
27301 100.00 0.00000734
27401 100.00 0.00000732
27501 100.00 0.00000728
27601 100.00 0.00000725
27701 100.00 0.00000723
27801 100.00 0.00000720
27901 100.00 0.00000717
28001 100.00 0.00000714
28101 100.00 0.00000711
28201 100.00 0.00000708
28301 100.00 0.00000705
28401 100.00 0.00000702
28501 100.00 0.00000699
28601 100.00 0.00000696
28701 100.00 0.00000694
28801 100.00 0.00000691
28901 100.00 0.00000688
29001 100.00 0.00000685
29101 100.00 0.00000682
29201 100.00 0.00000679
29301 100.00 0.00000677
29401 100.00 0.00000674
29501 100.00 0.00000671
29601 100.00 0.00000670
29701 100.00 0.00000667
29801 100.00 0.00000664
29901 100.00 0.00000661
30001 100.00 0.00000658
30101 100.00 0.00000656
30201 100.00 0.00000653
30301 100.00 0.00000651
30401 100.00 0.00000649
30501 100.00 0.00000646
30601 100.00 0.00000644
30701 100.00 0.00000642
30801 100.00 0.00000639
30901 100.00 0.00000637
31001 100.00 0.00000634
31101 100.00 0.00000632
31201 100.00 0.00000630
31301 100.00 0.00000627
31401 100.00 0.00000625
31501 100.00 0.00000623
31601 100.00 0.00000620
31701 100.00 0.00000618
31801 100.00 0.00000616
31901 100.00 0.00000614
32001 100.00 0.00000611
32101 100.00 0.00000610
32201 100.00 0.00000608
32301 100.00 0.00000606
32401 100.00 0.00000603
32501 100.00 0.00000601
32601 100.00 0.00000599
32701 100.00 0.00000597
32801 100.00 0.00000594
32901 100.00 0.00000592
33001 100.00 0.00000590
33101 100.00 0.00000589
33201 100.00 0.00000587
33301 100.00 0.00000585
33401 100.00 0.00000582
33501 100.00 0.00000580
33601 100.00 0.00000578
33701 100.00 0.00000576
33801 100.00 0.00000575
33901 100.00 0.00000572
34001 100.00 0.00000571
34101 100.00 0.00000568
34201 100.00 0.00000566
34301 100.00 0.00000565
34401 100.00 0.00000563
34501 100.00 0.00000561
34601 100.00 0.00000559
34701 100.00 0.00000557
34801 100.00 0.00000555
34901 100.00 0.00000553
35001 100.00 0.00000551
35101 100.00 0.00000550
35201 100.00 0.00000548
35301 100.00 0.00000546
35401 100.00 0.00000545
35501 100.00 0.00000543
35601 100.00 0.00000541
35701 100.00 0.00000539
35801 100.00 0.00000537
35901 100.00 0.00000536
36000 100.00 0.00000534
