1 17.18 2.29782467
2 23.98 2.29273406
3 28.22 2.28736829
4 30.83 2.28154486
5 33.95 2.27503342
6 36.67 2.26759034
7 39.35 2.25891675
8 42.17 2.24857684
9 44.85 2.23603452
10 47.30 2.22062551
11 49.52 2.20139881
12 50.77 2.17713006
13 53.15 2.14623177
14 55.25 2.10676392
15 57.65 2.05625284
16 59.62 1.99232220
17 63.42 1.91289094
18 66.55 1.81685009
19 68.47 1.70406369
20 71.03 1.57802075
21 73.47 1.44249938
22 75.60 1.30842107
23 75.75 1.18040224
24 77.83 1.06761285
25 78.88 0.97302235
26 78.97 0.89291385
27 80.58 0.82480887
28 80.93 0.76611443
29 81.25 0.71976082
30 82.67 0.67543768
31 81.67 0.64334322
32 84.03 0.60545005
33 85.22 0.57408941
34 85.33 0.54787910
35 85.57 0.52635490
36 86.72 0.50149740
37 86.65 0.48591150
38 86.70 0.46416092
39 87.72 0.44188887
40 88.62 0.42788277
41 88.27 0.41952170
61 94.77 0.21263303
81 98.23 0.11201702
101 99.38 0.06163975
121 99.88 0.03494542
141 100.00 0.02130379
161 100.00 0.01464120
181 100.00 0.01070843
201 100.00 0.00828821
221 100.00 0.00667322
241 100.00 0.00551008
261 100.00 0.00466552
281 100.00 0.00401535
301 100.00 0.00350801
321 100.00 0.00310344
341 100.00 0.00277184
361 100.00 0.00249778
381 100.00 0.00226845
401 100.00 0.00207385
421 100.00 0.00190649
441 100.00 0.00176107
461 100.00 0.00163462
481 100.00 0.00152306
501 100.00 0.00142447
521 100.00 0.00133643
541 100.00 0.00125768
561 100.00 0.00118670
581 100.00 0.00112265
600 100.00 0.00106713
