1 73.72 0.94013738
2 86.13 0.46428660
3 88.86 0.37069725
4 89.69 0.33522826
5 90.93 0.29785599
6 93.12 0.23338637
7 93.67 0.21884466
8 93.58 0.21086007
9 95.21 0.16684106
10 95.92 0.14109278
11 95.14 0.16360124
12 97.00 0.10743487
13 96.97 0.10763878
14 97.14 0.09744870
15 97.69 0.08248328
19 98.72 0.05124470
25 99.58 0.02330033
31 99.91 0.01073887
37 99.92 0.00720627
43 100.00 0.00334256
49 100.00 0.00226347
55 100.00 0.00170226
61 100.00 0.00136368
67 100.00 0.00111175
73 100.00 0.00098150
79 100.00 0.00080217
85 100.00 0.00070841
91 100.00 0.00062302
97 100.00 0.00055685
103 100.00 0.00050409
109 100.00 0.00045782
115 100.00 0.00041652
120 100.00 0.00038935
