1 44.94 1.71772602
2 41.50 1.42004784
3 60.56 0.99362766
4 61.61 0.97139954
7 67.88 0.88809795
10 82.27 0.49540565
13 67.44 1.98984020
16 86.47 0.37317534
19 79.18 0.53613807
22 87.89 0.33418724
25 87.41 0.33754491
28 84.47 0.42838587
31 80.43 0.49975367
34 87.78 0.33817334
37 89.07 0.27795656
40 82.54 0.59333152
43 85.40 0.38627913
46 80.06 0.52640287
49 91.05 0.23226483
52 80.38 0.79985536
55 91.68 0.21667070
58 88.23 0.32243827
61 85.28 0.46548198
64 91.02 0.23626456
67 90.57 0.25116184
70 84.76 0.42855741
73 86.33 0.37413052
76 76.09 0.89869017
79 83.25 0.46091015
82 92.48 0.19163751
85 94.00 0.15097349
88 88.24 0.41418323
91 85.86 0.54676108
94 93.35 0.18951473
97 88.53 0.32943782
100 91.16 0.23319318
103 94.47 0.16334392
106 94.96 0.13332827
109 91.31 0.26691537
112 85.35 0.52994350
115 86.03 0.76247879
118 93.39 0.17450158
121 92.03 0.20146298
124 88.94 0.33903639
127 83.55 0.59629914
130 96.08 0.11466162
133 74.07 1.29343201
136 94.12 0.14622177
139 93.69 0.17355304
142 89.56 0.27419182
145 97.47 0.07553644
148 82.46 1.14477666
151 92.77 0.19704521
154 94.82 0.14336960
157 97.34 0.07320887
160 96.80 0.08006088
163 93.75 0.15600869
166 92.30 0.29574055
169 97.69 0.06098826
172 96.75 0.09490023
175 97.12 0.07861197
178 95.60 0.17311625
181 94.73 0.15154119
184 97.47 0.06702070
187 92.30 0.35846679
190 90.83 0.40193347
193 94.41 0.17978038
196 98.32 0.04708453
199 95.36 0.13321828
202 92.58 0.22364498
205 98.41 0.04152226
208 99.17 0.02585142
211 98.25 0.04803034
214 98.23 0.04898349
217 99.11 0.02716976
220 97.55 0.06993824
223 80.03 1.17330998
226 97.34 0.08418018
229 94.23 0.17874200
232 96.64 0.09022905
235 97.59 0.06120026
238 99.17 0.02376850
241 99.45 0.02039858
244 98.36 0.04672977
247 88.22 0.92728076
250 99.41 0.01937332
253 99.88 0.00672097
256 99.72 0.00873815
259 99.57 0.01391488
262 89.77 0.65102067
265 96.78 0.09798322
268 90.07 0.45144418
271 99.13 0.02670683
274 97.33 0.09137386
277 96.60 0.17271147
280 99.73 0.01138883
283 99.98 0.00368352
286 94.34 0.16522537
289 99.54 0.01679277
292 88.47 0.66257162
295 92.70 0.48107069
298 99.74 0.00942777
300 99.83 0.00788081
