1 10.18 2.30252553
2 10.66 2.30228474
3 11.26 2.30195308
4 12.50 2.30161235
5 13.74 2.30128158
6 14.06 2.30098674
7 15.12 2.30082039
8 15.34 2.30050514
9 15.60 2.30012902
10 16.10 2.29988213
11 16.68 2.29954654
12 17.30 2.29926726
13 17.74 2.29897282
25 19.04 2.29435395
37 32.16 2.28604203
49 47.66 2.26572280
61 31.10 2.18114383
73 38.34 1.71537279
85 53.70 1.18077168
97 64.46 0.96620704
109 64.72 0.92592893
121 66.42 0.81329810
133 71.68 0.75141979
145 72.60 0.73560987
157 75.30 0.69056699
169 72.48 0.72628253
181 75.72 0.67362932
193 75.74 0.62684964
205 79.42 0.57532616
217 79.60 0.55563633
229 80.42 0.53544973
241 81.88 0.49866965
253 78.64 0.56579371
265 81.44 0.51834156
277 80.98 0.48058192
289 84.48 0.42823895
301 84.80 0.41986296
313 82.82 0.46535872
325 85.94 0.38983510
337 86.84 0.36887403
349 87.12 0.36244334
361 87.24 0.34802633
373 86.46 0.35674805
385 83.54 0.43343336
397 88.70 0.31214992
409 88.90 0.30294918
421 88.92 0.30644932
433 88.32 0.31196759
445 89.74 0.27871336
457 90.50 0.26201507
469 86.66 0.35157578
481 91.88 0.22782020
493 92.12 0.22390120
505 92.30 0.22086096
517 92.64 0.19966274
529 92.24 0.22934237
541 94.04 0.17561897
553 92.40 0.20875039
565 92.82 0.19038283
577 92.58 0.20778440
589 95.66 0.13467011
601 93.10 0.19663117
613 94.76 0.15216938
625 95.16 0.14502572
637 96.12 0.11693188
649 96.84 0.10161739
661 96.12 0.11948787
673 91.34 0.23397508
685 98.02 0.07827439
697 98.26 0.07170628
709 98.16 0.07878824
721 97.18 0.08314542
733 96.14 0.10735282
745 88.98 0.27747333
757 99.14 0.04197395
769 99.08 0.04417559
781 99.32 0.03627401
793 99.06 0.03803740
805 99.74 0.03023765
817 99.82 0.02816369
829 99.78 0.02636918
841 99.90 0.01842567
853 99.74 0.01987076
865 99.96 0.01128288
877 99.96 0.00984022
889 99.98 0.00792555
901 99.98 0.00704745
913 99.98 0.00652745
925 99.98 0.00561136
937 99.98 0.00493446
949 100.00 0.00441433
961 100.00 0.00403540
973 100.00 0.00381421
985 100.00 0.00346398
997 100.00 0.00315707
1009 100.00 0.00290686
1021 100.00 0.00274246
1033 100.00 0.00252933
1045 100.00 0.00251278
1057 100.00 0.00233705
1069 100.00 0.00213311
1081 100.00 0.00199921
1093 100.00 0.00196327
1105 100.00 0.00185266
1117 100.00 0.00173493
1129 100.00 0.00163772
1141 100.00 0.00168293
1153 100.00 0.00151176
1165 100.00 0.00143988
1177 100.00 0.00137898
1189 100.00 0.00132053
1200 100.00 0.00129420
