1 10.00 2.30337310
2 11.00 2.30263454
3 15.00 2.30189633
4 17.00 2.30116063
5 18.00 2.30042815
6 19.00 2.29969782
7 19.00 2.29896522
8 19.00 2.29823327
9 20.00 2.29750293
10 20.00 2.29677844
11 20.00 2.29605657
12 21.00 2.29533678
13 21.00 2.29461604
14 21.00 2.29389411
15 22.00 2.29317671
16 22.00 2.29245853
17 22.00 2.29173720
18 22.00 2.29101408
19 22.00 2.29028857
20 23.00 2.28956109
21 23.00 2.28883368
22 25.00 2.28810394
23 25.00 2.28737146
24 27.00 2.28663749
25 28.00 2.28590196
26 28.00 2.28516209
27 28.00 2.28441942
28 29.00 2.28367037
29 31.00 2.28291804
30 33.00 2.28216034
31 33.00 2.28139818
32 35.00 2.28063101
33 35.00 2.27985716
34 39.00 2.27907419
35 40.00 2.27828562
36 41.00 2.27749175
37 43.00 2.27668989
38 45.00 2.27588123
39 45.00 2.27506679
40 45.00 2.27424246
41 45.00 2.27340931
42 46.00 2.27256733
43 46.00 2.27171916
44 47.00 2.27086174
45 48.00 2.26999038
46 48.00 2.26910990
47 48.00 2.26822025
48 48.00 2.26731831
49 48.00 2.26640815
50 48.00 2.26548970
51 49.00 2.26455873
52 49.00 2.26361543
53 49.00 2.26265991
54 51.00 2.26169223
55 52.00 2.26071304
56 52.00 2.25971937
57 52.00 2.25870961
58 52.00 2.25768346
59 52.00 2.25664181
60 52.00 2.25558496
61 53.00 2.25451285
62 54.00 2.25342482
63 54.00 2.25232267
64 55.00 2.25120693
65 55.00 2.25007212
66 55.00 2.24892020
67 55.00 2.24774814
68 56.00 2.24655634
69 56.00 2.24534273
70 57.00 2.24410784
71 58.00 2.24284941
72 59.00 2.24157035
73 59.00 2.24026614
74 60.00 2.23893505
75 60.00 2.23757935
76 60.00 2.23619914
77 60.00 2.23479611
78 60.00 2.23336238
79 60.00 2.23189658
80 60.00 2.23040462
81 60.00 2.22888279
82 60.00 2.22732878
83 60.00 2.22574335
84 59.00 2.22412640
85 60.00 2.22247559
86 60.00 2.22079200
87 60.00 2.21906996
88 60.00 2.21731085
89 60.00 2.21551293
90 60.00 2.21367747
91 60.00 2.21179551
92 60.00 2.20987421
93 60.00 2.20790803
94 60.00 2.20589674
95 61.00 2.20384008
96 61.00 2.20173687
97 61.00 2.19958186
98 61.00 2.19737583
99 61.00 2.19512117
100 61.00 2.19281256
151 69.00 1.93478286
301 99.00 0.25562589
451 100.00 0.04141396
601 100.00 0.01595339
751 100.00 0.00898283
901 100.00 0.00600059
1051 100.00 0.00440558
1201 100.00 0.00343250
1351 100.00 0.00278528
1501 100.00 0.00232763
1651 100.00 0.00198909
1801 100.00 0.00172966
1951 100.00 0.00152535
2101 100.00 0.00136075
2251 100.00 0.00122558
2401 100.00 0.00111283
2551 100.00 0.00101758
2701 100.00 0.00093614
2851 100.00 0.00086579
3001 100.00 0.00080450
3151 100.00 0.00075066
3301 100.00 0.00070300
3451 100.00 0.00066059
3601 100.00 0.00062262
3751 100.00 0.00058843
3901 100.00 0.00055753
4051 100.00 0.00052946
4201 100.00 0.00050387
4351 100.00 0.00048045
4501 100.00 0.00045895
4651 100.00 0.00043913
4801 100.00 0.00042085
4951 100.00 0.00040390
5101 100.00 0.00038814
5251 100.00 0.00037350
5401 100.00 0.00035982
5551 100.00 0.00034704
5701 100.00 0.00033507
5851 100.00 0.00032383
6000 100.00 0.00031334
