1 53.80 6.12012043
2 48.00 5.76637220
3 44.60 5.46937437
4 38.20 5.18378277
5 27.70 5.51708298
6 38.80 5.06741505
7 51.80 4.54340525
8 20.30 5.30979195
9 61.30 4.23117876
10 23.70 5.66813908
101 99.00 0.57698698
201 99.50 0.52773916
301 99.60 0.49992399
401 96.80 0.63961320
501 99.50 0.47212726
601 99.30 0.49487144
701 98.90 0.52434312
801 86.10 0.84556181
901 100.00 0.43269601
1001 99.80 0.45344661
1101 98.50 0.53990669
1201 100.00 0.42915986
1301 99.90 0.43086991
1401 100.00 0.42345889
1501 99.30 0.45389579
1601 99.20 0.45465491
1701 71.40 1.36004853
1800 100.00 0.43071789
