1 10.10 2.30302888
21 12.90 2.29910840
41 15.80 2.29425967
61 32.95 2.28600490
81 37.15 2.26756954
101 30.70 2.20626670
121 29.15 1.91367953
141 46.30 1.37310593
161 56.45 1.08753115
181 59.65 0.95411842
201 62.35 0.89167619
221 69.15 0.79383642
241 72.20 0.72005050
261 73.65 0.70524876
281 77.75 0.60842432
301 80.60 0.52532317
321 79.10 0.50647781
341 84.50 0.40581218
361 78.35 0.62605285
381 86.50 0.34868205
401 85.80 0.37323490
421 89.25 0.27196006
441 91.95 0.24068235
461 94.20 0.19110142
481 80.90 0.83841953
501 89.10 0.36952605
521 96.75 0.13258662
541 98.65 0.07911490
561 97.75 0.09989723
581 98.20 0.07153155
601 99.35 0.04319439
621 99.35 0.04461578
641 96.35 0.13540841
661 99.85 0.02344774
681 99.95 0.01685246
701 99.95 0.01392011
721 99.90 0.01240218
741 100.00 0.01048006
761 100.00 0.00747214
781 100.00 0.00606306
801 100.00 0.00511333
821 100.00 0.00441587
841 100.00 0.00384646
861 100.00 0.00344704
881 100.00 0.00306764
901 100.00 0.00278520
921 100.00 0.00252918
941 100.00 0.00233853
960 100.00 0.00215740
