1 16.00 2.28687090
2 25.00 2.27214086
3 44.00 2.25563431
4 59.00 2.23538828
5 62.00 2.20946962
6 65.00 2.17595267
7 64.00 2.12847102
8 65.00 2.06461769
9 66.00 1.97785383
10 65.00 1.85654145
11 66.00 1.73592472
12 79.00 1.54280025
13 86.00 1.36724102
14 82.00 1.18522707
15 84.00 1.02841099
16 83.00 0.87649231
17 87.00 0.76673332
18 81.00 0.78167479
19 94.00 0.55914512
20 89.00 0.53176204
21 87.00 0.44824927
41 100.00 0.03492193
61 100.00 0.01295279
81 100.00 0.00744000
101 100.00 0.00504924
121 100.00 0.00375853
141 100.00 0.00296029
161 100.00 0.00242318
181 100.00 0.00203996
201 100.00 0.00175419
221 100.00 0.00153362
241 100.00 0.00135884
261 100.00 0.00121714
281 100.00 0.00110020
301 100.00 0.00100217
321 100.00 0.00091887
341 100.00 0.00084743
361 100.00 0.00078550
381 100.00 0.00073141
401 100.00 0.00068371
421 100.00 0.00064146
441 100.00 0.00060378
461 100.00 0.00057002
481 100.00 0.00053952
501 100.00 0.00051190
521 100.00 0.00048677
541 100.00 0.00046385
561 100.00 0.00044279
581 100.00 0.00042342
601 100.00 0.00040555
621 100.00 0.00038901
641 100.00 0.00037368
661 100.00 0.00035943
681 100.00 0.00034615
701 100.00 0.00033374
721 100.00 0.00032215
741 100.00 0.00031128
761 100.00 0.00030107
781 100.00 0.00029146
801 100.00 0.00028243
821 100.00 0.00027385
841 100.00 0.00026575
861 100.00 0.00025809
881 100.00 0.00025082
901 100.00 0.00024393
921 100.00 0.00023737
941 100.00 0.00023113
961 100.00 0.00022519
981 100.00 0.00021952
1001 100.00 0.00021410
1021 100.00 0.00020895
1041 100.00 0.00020401
1061 100.00 0.00019927
1081 100.00 0.00019475
1101 100.00 0.00019042
1121 100.00 0.00018625
1141 100.00 0.00018225
1161 100.00 0.00017841
1181 100.00 0.00017472
1201 100.00 0.00017117
1221 100.00 0.00016775
1241 100.00 0.00016446
1261 100.00 0.00016127
1281 100.00 0.00015820
1301 100.00 0.00015524
1321 100.00 0.00015237
1341 100.00 0.00014961
1361 100.00 0.00014694
1381 100.00 0.00014436
1401 100.00 0.00014185
1421 100.00 0.00013941
1441 100.00 0.00013706
1461 100.00 0.00013478
1481 100.00 0.00013256
1501 100.00 0.00013042
1521 100.00 0.00012834
1541 100.00 0.00012632
1561 100.00 0.00012436
1581 100.00 0.00012245
1601 100.00 0.00012060
1621 100.00 0.00011881
1641 100.00 0.00011706
1661 100.00 0.00011536
1681 100.00 0.00011370
1701 100.00 0.00011210
1721 100.00 0.00011053
1741 100.00 0.00010900
1761 100.00 0.00010750
1781 100.00 0.00010604
1801 100.00 0.00010463
1821 100.00 0.00010324
1841 100.00 0.00010190
1861 100.00 0.00010057
1881 100.00 0.00009930
1901 100.00 0.00009803
1921 100.00 0.00009680
1941 100.00 0.00009560
1961 100.00 0.00009443
1981 100.00 0.00009328
2001 100.00 0.00009217
2021 100.00 0.00009107
2041 100.00 0.00009001
2061 100.00 0.00008896
2081 100.00 0.00008792
2101 100.00 0.00008692
2121 100.00 0.00008594
2141 100.00 0.00008498
2161 100.00 0.00008404
2181 100.00 0.00008312
2201 100.00 0.00008222
2221 100.00 0.00008133
2241 100.00 0.00008046
2261 100.00 0.00007961
2281 100.00 0.00007877
2301 100.00 0.00007796
2321 100.00 0.00007715
2341 100.00 0.00007637
2361 100.00 0.00007560
2381 100.00 0.00007483
2401 100.00 0.00007409
2421 100.00 0.00007336
2441 100.00 0.00007265
2461 100.00 0.00007195
2481 100.00 0.00007125
2501 100.00 0.00007057
2521 100.00 0.00006990
2541 100.00 0.00006925
2561 100.00 0.00006860
2581 100.00 0.00006798
2601 100.00 0.00006736
2621 100.00 0.00006673
2641 100.00 0.00006613
2661 100.00 0.00006554
2681 100.00 0.00006496
2701 100.00 0.00006440
2721 100.00 0.00006382
2741 100.00 0.00006328
2761 100.00 0.00006273
2781 100.00 0.00006218
2801 100.00 0.00006166
2821 100.00 0.00006115
2841 100.00 0.00006063
2861 100.00 0.00006013
2881 100.00 0.00005963
2901 100.00 0.00005914
2921 100.00 0.00005866
2941 100.00 0.00005819
2961 100.00 0.00005772
2981 100.00 0.00005726
3001 100.00 0.00005682
3021 100.00 0.00005636
3041 100.00 0.00005593
3061 100.00 0.00005549
3081 100.00 0.00005507
3101 100.00 0.00005464
3121 100.00 0.00005423
3141 100.00 0.00005382
3161 100.00 0.00005342
3181 100.00 0.00005303
3201 100.00 0.00005263
3221 100.00 0.00005225
3241 100.00 0.00005187
3261 100.00 0.00005148
3281 100.00 0.00005111
3301 100.00 0.00005074
3321 100.00 0.00005038
3341 100.00 0.00005003
3361 100.00 0.00004968
3381 100.00 0.00004933
3401 100.00 0.00004899
3421 100.00 0.00004865
3441 100.00 0.00004831
3461 100.00 0.00004798
3481 100.00 0.00004765
3501 100.00 0.00004733
3521 100.00 0.00004702
3541 100.00 0.00004670
3561 100.00 0.00004639
3581 100.00 0.00004609
3601 100.00 0.00004579
3621 100.00 0.00004548
3641 100.00 0.00004519
3661 100.00 0.00004491
3681 100.00 0.00004462
3701 100.00 0.00004433
3721 100.00 0.00004405
3741 100.00 0.00004377
3761 100.00 0.00004350
3781 100.00 0.00004322
3801 100.00 0.00004296
3821 100.00 0.00004269
3841 100.00 0.00004242
3861 100.00 0.00004218
3881 100.00 0.00004191
3901 100.00 0.00004166
3921 100.00 0.00004142
3941 100.00 0.00004117
3961 100.00 0.00004092
3981 100.00 0.00004069
4001 100.00 0.00004045
4021 100.00 0.00004021
4041 100.00 0.00003998
4061 100.00 0.00003974
4081 100.00 0.00003951
4101 100.00 0.00003928
4121 100.00 0.00003906
4141 100.00 0.00003884
4161 100.00 0.00003862
4181 100.00 0.00003840
4201 100.00 0.00003818
4221 100.00 0.00003797
4241 100.00 0.00003776
4261 100.00 0.00003755
4281 100.00 0.00003736
4301 100.00 0.00003715
4321 100.00 0.00003694
4341 100.00 0.00003674
4361 100.00 0.00003654
4381 100.00 0.00003635
4401 100.00 0.00003615
4421 100.00 0.00003596
4441 100.00 0.00003577
4461 100.00 0.00003558
4481 100.00 0.00003539
4501 100.00 0.00003521
4521 100.00 0.00003503
4541 100.00 0.00003484
4561 100.00 0.00003467
4581 100.00 0.00003449
4601 100.00 0.00003432
4621 100.00 0.00003414
4641 100.00 0.00003396
4661 100.00 0.00003379
4681 100.00 0.00003362
4701 100.00 0.00003345
4721 100.00 0.00003329
4741 100.00 0.00003312
4761 100.00 0.00003297
4781 100.00 0.00003281
4801 100.00 0.00003264
4821 100.00 0.00003248
4841 100.00 0.00003232
4861 100.00 0.00003217
4881 100.00 0.00003200
4901 100.00 0.00003185
4921 100.00 0.00003171
4941 100.00 0.00003155
4961 100.00 0.00003141
4981 100.00 0.00003125
5001 100.00 0.00003110
5021 100.00 0.00003097
5041 100.00 0.00003082
5061 100.00 0.00003067
5081 100.00 0.00003053
5101 100.00 0.00003039
5121 100.00 0.00003025
5141 100.00 0.00003011
5161 100.00 0.00002999
5181 100.00 0.00002984
5201 100.00 0.00002971
5221 100.00 0.00002957
5241 100.00 0.00002944
5261 100.00 0.00002931
5281 100.00 0.00002918
5301 100.00 0.00002906
5321 100.00 0.00002892
5341 100.00 0.00002880
5361 100.00 0.00002867
5381 100.00 0.00002855
5401 100.00 0.00002843
5421 100.00 0.00002830
5441 100.00 0.00002817
5461 100.00 0.00002805
5481 100.00 0.00002794
5501 100.00 0.00002781
5521 100.00 0.00002770
5541 100.00 0.00002758
5561 100.00 0.00002747
5581 100.00 0.00002735
5601 100.00 0.00002724
5621 100.00 0.00002711
5641 100.00 0.00002701
5661 100.00 0.00002689
5681 100.00 0.00002678
5701 100.00 0.00002668
5721 100.00 0.00002657
5741 100.00 0.00002646
5761 100.00 0.00002635
5781 100.00 0.00002623
5801 100.00 0.00002613
5821 100.00 0.00002603
5841 100.00 0.00002592
5861 100.00 0.00002582
5881 100.00 0.00002572
5901 100.00 0.00002562
5921 100.00 0.00002552
5941 100.00 0.00002542
5961 100.00 0.00002531
5981 100.00 0.00002523
6000 100.00 0.00002513
