1 11.00 2.30206382
2 17.00 2.30127144
3 18.00 2.30055279
4 20.00 2.29979843
5 23.00 2.29906350
6 23.00 2.29834741
7 23.00 2.29760915
8 23.00 2.29684728
9 23.00 2.29601377
10 24.00 2.29512417
11 23.00 2.29417235
12 20.00 2.29316032
13 22.00 2.29198682
14 21.00 2.29070151
15 20.00 2.28928906
16 20.00 2.28767419
17 22.00 2.28587997
18 38.00 2.28382534
19 42.00 2.28144848
20 43.00 2.27873242
21 47.00 2.27558017
41 53.00 1.35627341
61 95.00 0.29226312
81 100.00 0.00959278
101 100.00 0.00324568
121 100.00 0.00185194
141 100.00 0.00126248
161 100.00 0.00094281
181 100.00 0.00074575
201 100.00 0.00061292
221 100.00 0.00051788
241 100.00 0.00044677
261 100.00 0.00039181
281 100.00 0.00034803
301 100.00 0.00031241
321 100.00 0.00028297
341 100.00 0.00025821
361 100.00 0.00023720
381 100.00 0.00021915
401 100.00 0.00020347
421 100.00 0.00018972
441 100.00 0.00017759
461 100.00 0.00016685
481 100.00 0.00015721
501 100.00 0.00014859
521 100.00 0.00014080
541 100.00 0.00013371
561 100.00 0.00012727
581 100.00 0.00012136
601 100.00 0.00011595
621 100.00 0.00011098
641 100.00 0.00010636
661 100.00 0.00010210
681 100.00 0.00009814
701 100.00 0.00009446
721 100.00 0.00009102
741 100.00 0.00008780
761 100.00 0.00008478
781 100.00 0.00008197
801 100.00 0.00007932
821 100.00 0.00007681
841 100.00 0.00007445
861 100.00 0.00007222
881 100.00 0.00007012
901 100.00 0.00006812
921 100.00 0.00006622
941 100.00 0.00006442
961 100.00 0.00006271
981 100.00 0.00006108
1001 100.00 0.00005953
1021 100.00 0.00005805
1041 100.00 0.00005664
1061 100.00 0.00005529
1081 100.00 0.00005399
1101 100.00 0.00005276
1121 100.00 0.00005157
1141 100.00 0.00005044
1161 100.00 0.00004935
1181 100.00 0.00004829
1201 100.00 0.00004729
1221 100.00 0.00004632
1241 100.00 0.00004539
1261 100.00 0.00004448
1281 100.00 0.00004362
1301 100.00 0.00004279
1321 100.00 0.00004197
1341 100.00 0.00004120
1361 100.00 0.00004044
1381 100.00 0.00003971
1401 100.00 0.00003902
1421 100.00 0.00003833
1441 100.00 0.00003766
1461 100.00 0.00003703
1481 100.00 0.00003641
1501 100.00 0.00003581
1521 100.00 0.00003523
1541 100.00 0.00003465
1561 100.00 0.00003411
1581 100.00 0.00003357
1601 100.00 0.00003306
1621 100.00 0.00003256
1641 100.00 0.00003208
1661 100.00 0.00003160
1681 100.00 0.00003114
1701 100.00 0.00003069
1721 100.00 0.00003025
1741 100.00 0.00002982
1761 100.00 0.00002941
1781 100.00 0.00002899
1801 100.00 0.00002859
1821 100.00 0.00002823
1841 100.00 0.00002784
1861 100.00 0.00002748
1881 100.00 0.00002711
1901 100.00 0.00002678
1921 100.00 0.00002643
1941 100.00 0.00002609
1961 100.00 0.00002577
1981 100.00 0.00002545
2001 100.00 0.00002514
2021 100.00 0.00002484
2041 100.00 0.00002454
2061 100.00 0.00002425
2081 100.00 0.00002397
2101 100.00 0.00002369
2121 100.00 0.00002342
2141 100.00 0.00002315
2161 100.00 0.00002289
2181 100.00 0.00002264
2201 100.00 0.00002239
2221 100.00 0.00002214
2241 100.00 0.00002191
2261 100.00 0.00002168
2281 100.00 0.00002144
2301 100.00 0.00002121
2321 100.00 0.00002099
2341 100.00 0.00002078
2361 100.00 0.00002057
2381 100.00 0.00002035
2401 100.00 0.00002014
2421 100.00 0.00001994
2441 100.00 0.00001975
2461 100.00 0.00001956
2481 100.00 0.00001937
2501 100.00 0.00001918
2521 100.00 0.00001900
2541 100.00 0.00001882
2561 100.00 0.00001864
2581 100.00 0.00001847
2601 100.00 0.00001829
2621 100.00 0.00001812
2641 100.00 0.00001795
2661 100.00 0.00001780
2681 100.00 0.00001763
2701 100.00 0.00001748
2721 100.00 0.00001732
2741 100.00 0.00001717
2761 100.00 0.00001702
2781 100.00 0.00001687
2801 100.00 0.00001674
2821 100.00 0.00001659
2841 100.00 0.00001645
2861 100.00 0.00001632
2881 100.00 0.00001617
2901 100.00 0.00001604
2921 100.00 0.00001590
2941 100.00 0.00001578
2961 100.00 0.00001564
2981 100.00 0.00001552
3001 100.00 0.00001539
3021 100.00 0.00001527
3041 100.00 0.00001516
3061 100.00 0.00001504
3081 100.00 0.00001492
3101 100.00 0.00001481
3121 100.00 0.00001469
3141 100.00 0.00001458
3161 100.00 0.00001447
3181 100.00 0.00001437
3201 100.00 0.00001426
3221 100.00 0.00001415
3241 100.00 0.00001405
3261 100.00 0.00001395
3281 100.00 0.00001384
3301 100.00 0.00001374
3321 100.00 0.00001364
3341 100.00 0.00001354
3361 100.00 0.00001345
3381 100.00 0.00001335
3401 100.00 0.00001327
3421 100.00 0.00001317
3441 100.00 0.00001308
3461 100.00 0.00001299
3481 100.00 0.00001290
3501 100.00 0.00001281
3521 100.00 0.00001272
3541 100.00 0.00001264
3561 100.00 0.00001255
3581 100.00 0.00001247
3601 100.00 0.00001238
3621 100.00 0.00001231
3641 100.00 0.00001222
3661 100.00 0.00001214
3681 100.00 0.00001207
3701 100.00 0.00001199
3721 100.00 0.00001191
3741 100.00 0.00001184
3761 100.00 0.00001176
3781 100.00 0.00001169
3801 100.00 0.00001162
3821 100.00 0.00001154
3841 100.00 0.00001147
3861 100.00 0.00001140
3881 100.00 0.00001133
3901 100.00 0.00001126
3921 100.00 0.00001119
3941 100.00 0.00001111
3961 100.00 0.00001105
3981 100.00 0.00001099
4001 100.00 0.00001092
4021 100.00 0.00001086
4041 100.00 0.00001080
4061 100.00 0.00001074
4081 100.00 0.00001067
4101 100.00 0.00001061
4121 100.00 0.00001055
4141 100.00 0.00001048
4161 100.00 0.00001043
4181 100.00 0.00001037
4201 100.00 0.00001031
4221 100.00 0.00001025
4241 100.00 0.00001020
4261 100.00 0.00001014
4281 100.00 0.00001008
4301 100.00 0.00001003
4321 100.00 0.00000997
4341 100.00 0.00000992
4361 100.00 0.00000986
4381 100.00 0.00000981
4401 100.00 0.00000976
4421 100.00 0.00000970
4441 100.00 0.00000965
4461 100.00 0.00000960
4481 100.00 0.00000955
4501 100.00 0.00000951
4521 100.00 0.00000945
4541 100.00 0.00000940
4561 100.00 0.00000935
4581 100.00 0.00000931
4601 100.00 0.00000926
4621 100.00 0.00000920
4641 100.00 0.00000916
4661 100.00 0.00000912
4681 100.00 0.00000907
4701 100.00 0.00000903
4721 100.00 0.00000898
4741 100.00 0.00000894
4761 100.00 0.00000889
4781 100.00 0.00000885
4801 100.00 0.00000881
4821 100.00 0.00000876
4841 100.00 0.00000872
4861 100.00 0.00000868
4881 100.00 0.00000864
4901 100.00 0.00000859
4921 100.00 0.00000855
4941 100.00 0.00000851
4961 100.00 0.00000847
4981 100.00 0.00000844
5001 100.00 0.00000839
5021 100.00 0.00000834
5041 100.00 0.00000831
5061 100.00 0.00000828
5081 100.00 0.00000824
5101 100.00 0.00000820
5121 100.00 0.00000816
5141 100.00 0.00000812
5161 100.00 0.00000808
5181 100.00 0.00000805
5201 100.00 0.00000801
5221 100.00 0.00000798
5241 100.00 0.00000793
5261 100.00 0.00000790
5281 100.00 0.00000787
5301 100.00 0.00000784
5321 100.00 0.00000780
5341 100.00 0.00000777
5361 100.00 0.00000773
5381 100.00 0.00000770
5401 100.00 0.00000766
5421 100.00 0.00000763
5441 100.00 0.00000760
5461 100.00 0.00000756
5481 100.00 0.00000753
5501 100.00 0.00000750
5521 100.00 0.00000746
5541 100.00 0.00000744
5561 100.00 0.00000741
5581 100.00 0.00000737
5601 100.00 0.00000734
5621 100.00 0.00000731
5641 100.00 0.00000728
5661 100.00 0.00000725
5681 100.00 0.00000722
5701 100.00 0.00000719
5721 100.00 0.00000716
5741 100.00 0.00000713
5761 100.00 0.00000710
5781 100.00 0.00000707
5801 100.00 0.00000705
5821 100.00 0.00000702
5841 100.00 0.00000699
5861 100.00 0.00000697
5881 100.00 0.00000694
5901 100.00 0.00000691
5921 100.00 0.00000688
5941 100.00 0.00000686
5961 100.00 0.00000683
5981 100.00 0.00000680
6000 100.00 0.00000678
