1 26.00 2.29208984
2 53.12 2.26665050
3 27.64 2.10713449
4 37.10 1.68671892
5 37.40 1.36979907
6 40.84 1.54582176
7 44.76 1.33821483
8 56.14 1.06687035
9 59.10 1.01253076
10 48.14 1.15779101
11 62.72 0.89407170
12 64.00 0.88027828
13 64.80 0.81410502
25 77.26 0.59906990
37 83.12 0.45463656
49 76.98 0.55777584
61 67.60 0.82359153
73 85.82 0.36741546
85 88.82 0.29220375
97 90.44 0.24688193
109 87.84 0.32359667
121 91.50 0.22420682
133 89.26 0.32210443
145 79.28 0.67138210
157 91.34 0.20404447
169 90.34 0.27451649
181 96.20 0.11213482
193 96.12 0.11596034
205 87.78 0.40931568
217 98.10 0.05864364
229 86.74 0.37810473
241 94.62 0.14420876
253 94.28 0.14201430
265 99.08 0.02884932
277 99.04 0.03087200
289 98.52 0.05154025
301 99.66 0.01744446
313 99.34 0.02551404
325 88.02 0.40380249
337 99.98 0.00546967
349 99.98 0.00451190
361 100.00 0.00262272
373 100.00 0.00132321
385 100.00 0.00093044
397 100.00 0.00074267
409 100.00 0.00060667
421 100.00 0.00051575
433 100.00 0.00044839
445 100.00 0.00039491
457 100.00 0.00035641
469 100.00 0.00031524
481 100.00 0.00028680
493 100.00 0.00026088
505 100.00 0.00024112
517 100.00 0.00022280
529 100.00 0.00020778
541 100.00 0.00019752
553 100.00 0.00018254
565 100.00 0.00017298
577 100.00 0.00016311
589 100.00 0.00015282
601 100.00 0.00014414
613 100.00 0.00013717
625 100.00 0.00013214
637 100.00 0.00012692
649 100.00 0.00011990
661 100.00 0.00011495
673 100.00 0.00011093
685 100.00 0.00010588
697 100.00 0.00010236
709 100.00 0.00009755
721 100.00 0.00009454
733 100.00 0.00009208
745 100.00 0.00008810
757 100.00 0.00008497
769 100.00 0.00008345
781 100.00 0.00008026
793 100.00 0.00007750
805 100.00 0.00007550
817 100.00 0.00007354
829 100.00 0.00007279
841 100.00 0.00006890
853 100.00 0.00006817
865 100.00 0.00006600
877 100.00 0.00006492
889 100.00 0.00006326
901 100.00 0.00006126
913 100.00 0.00006062
925 100.00 0.00005849
937 100.00 0.00005686
949 100.00 0.00005642
961 100.00 0.00005469
973 100.00 0.00005395
985 100.00 0.00005266
997 100.00 0.00005147
1009 100.00 0.00005033
1021 100.00 0.00004920
1033 100.00 0.00004810
1045 100.00 0.00004713
1057 100.00 0.00004621
1069 100.00 0.00004559
1081 100.00 0.00004459
1093 100.00 0.00004428
1105 100.00 0.00004296
1117 100.00 0.00004237
1129 100.00 0.00004175
1141 100.00 0.00004085
1153 100.00 0.00004043
1165 100.00 0.00003931
1177 100.00 0.00003915
1189 100.00 0.00003860
1200 100.00 0.00003768
