1 10.00 2.30080574
81 100.00 0.00078542
161 100.00 0.00025838
241 100.00 0.00014653
321 100.00 0.00009997
401 100.00 0.00007491
481 100.00 0.00005941
561 100.00 0.00004896
641 100.00 0.00004147
721 100.00 0.00003586
801 100.00 0.00003151
881 100.00 0.00002804
961 100.00 0.00002522
1041 100.00 0.00002288
1121 100.00 0.00002092
1201 100.00 0.00001925
1281 100.00 0.00001781
1361 100.00 0.00001655
1441 100.00 0.00001546
1521 100.00 0.00001450
1601 100.00 0.00001363
1681 100.00 0.00001286
1761 100.00 0.00001217
1841 100.00 0.00001154
1921 100.00 0.00001097
2001 100.00 0.00001045
2081 100.00 0.00000998
2161 100.00 0.00000954
2241 100.00 0.00000913
2321 100.00 0.00000877
2400 100.00 0.00000842
