1 22.16 2.29351510
2 44.22 2.27278768
3 33.20 2.15835085
4 34.66 1.65518088
5 16.42 2.21462859
6 46.30 1.24520244
7 44.06 1.26329021
8 46.12 1.17006428
9 53.40 1.12959352
10 56.58 1.00092966
11 63.64 0.97164017
12 62.14 0.92118219
13 62.12 0.88074771
25 78.24 0.56245511
37 81.28 0.48175256
49 80.88 0.53299281
61 86.50 0.34275447
73 84.74 0.43819807
85 88.42 0.29887254
97 86.80 0.37087995
109 92.60 0.19607534
121 76.42 0.87811300
133 95.72 0.13770341
145 95.48 0.12645498
157 97.54 0.08212666
169 96.46 0.10352045
181 94.00 0.15897787
193 95.06 0.16605932
205 97.40 0.08142931
217 98.26 0.05581445
229 98.22 0.05628907
241 94.80 0.15064879
253 97.94 0.06552292
265 91.92 0.24240051
277 99.20 0.02788192
289 99.40 0.02819440
301 98.76 0.03577081
313 98.46 0.04367005
325 99.92 0.00487602
337 98.56 0.05542533
349 99.62 0.01413234
361 96.76 0.08823571
373 99.92 0.00737137
385 98.32 0.05246338
397 99.94 0.00412292
409 100.00 0.00149476
421 100.00 0.00104980
433 100.00 0.00083020
445 100.00 0.00066089
457 100.00 0.00054061
469 100.00 0.00045535
481 100.00 0.00041975
493 100.00 0.00035995
505 100.00 0.00032427
517 100.00 0.00029727
529 100.00 0.00026540
541 100.00 0.00024429
553 100.00 0.00022972
565 100.00 0.00021252
577 100.00 0.00019344
589 100.00 0.00018484
601 100.00 0.00017112
613 100.00 0.00016193
625 100.00 0.00015395
637 100.00 0.00014583
649 100.00 0.00013858
661 100.00 0.00013254
673 100.00 0.00012774
685 100.00 0.00012139
697 100.00 0.00011494
709 100.00 0.00011294
721 100.00 0.00010747
733 100.00 0.00010328
745 100.00 0.00010054
757 100.00 0.00009640
769 100.00 0.00009262
781 100.00 0.00008942
793 100.00 0.00008655
805 100.00 0.00008350
817 100.00 0.00008158
829 100.00 0.00007927
841 100.00 0.00007735
853 100.00 0.00007453
865 100.00 0.00007251
877 100.00 0.00007184
889 100.00 0.00006861
901 100.00 0.00006684
913 100.00 0.00006478
925 100.00 0.00006423
937 100.00 0.00006222
949 100.00 0.00006063
961 100.00 0.00005905
973 100.00 0.00005793
985 100.00 0.00005653
997 100.00 0.00005581
1009 100.00 0.00005427
1021 100.00 0.00005375
1033 100.00 0.00005278
1045 100.00 0.00005099
1057 100.00 0.00005047
1069 100.00 0.00004903
1081 100.00 0.00004818
1093 100.00 0.00004710
1105 100.00 0.00004646
1117 100.00 0.00004561
1129 100.00 0.00004436
1141 100.00 0.00004409
1153 100.00 0.00004314
1165 100.00 0.00004248
1177 100.00 0.00004165
1189 100.00 0.00004129
1200 100.00 0.00004027
