1 10.00 2.30238914
2 10.00 2.30217957
3 10.00 2.30197001
4 10.00 2.30176091
5 10.00 2.30155277
6 10.00 2.30134487
7 10.00 2.30113745
8 10.00 2.30093074
9 10.00 2.30072427
10 10.00 2.30051851
11 10.00 2.30031323
12 11.00 2.30010772
13 11.00 2.29990292
14 11.00 2.29969811
15 11.00 2.29949427
16 11.00 2.29929042
17 12.00 2.29908609
18 12.00 2.29888225
19 12.00 2.29867864
20 12.00 2.29847574
21 12.00 2.29827309
22 13.00 2.29807091
23 14.00 2.29786873
24 15.00 2.29766631
25 15.00 2.29746413
26 15.00 2.29726171
27 15.00 2.29705906
28 16.00 2.29685640
29 16.00 2.29665375
30 16.00 2.29645157
31 16.00 2.29624963
32 16.00 2.29604745
33 16.00 2.29584599
34 16.00 2.29564428
35 16.00 2.29544401
36 16.00 2.29524326
37 16.00 2.29504299
38 16.00 2.29484296
39 16.00 2.29464221
40 16.00 2.29444289
41 16.00 2.29424238
42 17.00 2.29404211
43 18.00 2.29384232
44 18.00 2.29364252
45 18.00 2.29344249
46 19.00 2.29324269
47 19.00 2.29304266
48 20.00 2.29284263
49 21.00 2.29264259
50 21.00 2.29244256
51 21.00 2.29224229
52 21.00 2.29204106
53 22.00 2.29184055
54 22.00 2.29163885
55 22.00 2.29143810
56 22.00 2.29123688
57 23.00 2.29103541
58 23.00 2.29083443
59 23.00 2.29063320
60 23.00 2.29043174
61 23.00 2.29023004
62 24.00 2.29002833
63 24.00 2.28982663
64 24.00 2.28962517
65 24.00 2.28942418
66 25.00 2.28922248
67 25.00 2.28902006
68 26.00 2.28881860
69 27.00 2.28861642
70 27.00 2.28841400
71 28.00 2.28821182
72 30.00 2.28800821
73 30.00 2.28780532
74 30.00 2.28760195
75 30.00 2.28739834
76 30.00 2.28719497
77 30.00 2.28699136
78 30.00 2.28678727
79 31.00 2.28658247
80 31.00 2.28637815
81 31.00 2.28617263
82 33.00 2.28596807
83 33.00 2.28576326
84 33.00 2.28555775
85 33.00 2.28535223
86 33.00 2.28514647
87 34.00 2.28494000
88 34.00 2.28473306
89 34.00 2.28452563
90 34.00 2.28431726
91 35.00 2.28410864
92 35.00 2.28389978
93 36.00 2.28369069
94 36.00 2.28348112
95 37.00 2.28327131
96 37.00 2.28306055
97 37.00 2.28284907
98 37.00 2.28263783
99 37.00 2.28242636
100 37.00 2.28221488
101 37.00 2.28200364
102 37.00 2.28179145
103 38.00 2.28157949
104 38.00 2.28136706
105 39.00 2.28115368
106 39.00 2.28094053
107 39.00 2.28072643
108 39.00 2.28051186
109 39.00 2.28029728
110 39.00 2.28008199
111 39.00 2.27986550
112 39.00 2.27964878
113 39.00 2.27943206
114 39.00 2.27921462
115 39.00 2.27899694
116 40.00 2.27877951
117 40.00 2.27856135
118 40.00 2.27834296
119 40.00 2.27812409
120 41.00 2.27790451
121 41.00 2.27768421
122 41.00 2.27746391
123 41.00 2.27724218
124 41.00 2.27702022
125 41.00 2.27679729
126 41.00 2.27657390
127 41.00 2.27634978
128 41.00 2.27612567
129 41.00 2.27590060
130 41.00 2.27567530
131 42.00 2.27544975
132 42.00 2.27522326
133 42.00 2.27499700
134 42.00 2.27476907
135 43.00 2.27454066
136 43.00 2.27431250
137 43.00 2.27408361
138 43.00 2.27385426
139 44.00 2.27362442
140 44.00 2.27339458
141 44.00 2.27316403
142 44.00 2.27293301
143 44.00 2.27270198
144 44.00 2.27247000
145 44.00 2.27223730
146 45.00 2.27200508
147 45.00 2.27177191
148 45.00 2.27153802
149 45.00 2.27130318
150 45.00 2.27106786
151 45.00 2.27083135
152 45.00 2.27059507
153 45.00 2.27035713
154 45.00 2.27011776
155 45.00 2.26987886
156 45.00 2.26963806
157 45.00 2.26939678
158 46.00 2.26915455
159 46.00 2.26891232
160 46.00 2.26866913
161 46.00 2.26842499
162 46.00 2.26818061
163 47.00 2.26793551
164 46.00 2.26768899
165 46.00 2.26744223
166 46.00 2.26719427
167 46.00 2.26694560
168 46.00 2.26669645
169 46.00 2.26644659
170 48.00 2.26619625
171 48.00 2.26594448
172 48.00 2.26569247
173 49.00 2.26543927
174 49.00 2.26518559
175 49.00 2.26493144
176 50.00 2.26467609
177 50.00 2.26441979
178 50.00 2.26416230
179 50.00 2.26390481
180 50.00 2.26364613
181 50.00 2.26338625
182 51.00 2.26312637
183 51.00 2.26286602
184 51.00 2.26260376
185 51.00 2.26234126
186 51.00 2.26207757
187 51.00 2.26181221
188 51.00 2.26154685
189 51.00 2.26127982
190 51.00 2.26101279
191 51.00 2.26074433
192 51.00 2.26047421
193 51.00 2.26020360
194 51.00 2.25993252
195 52.00 2.25965977
196 52.00 2.25938725
197 52.00 2.25911260
198 54.00 2.25883627
199 54.00 2.25855947
200 54.00 2.25828099
201 54.00 2.25800228
202 54.00 2.25772166
203 54.00 2.25744009
204 54.00 2.25715733
205 54.00 2.25687313
206 54.00 2.25658751
207 54.00 2.25630140
208 55.00 2.25601387
209 55.00 2.25572467
210 55.00 2.25543523
211 56.00 2.25514412
212 56.00 2.25485182
213 56.00 2.25455880
214 56.00 2.25426292
215 57.00 2.25396681
216 57.00 2.25366855
217 58.00 2.25336957
218 59.00 2.25306892
219 59.00 2.25276804
220 59.00 2.25246572
221 59.00 2.25216150
222 59.00 2.25185633
223 59.00 2.25155044
224 59.00 2.25124383
225 59.00 2.25093603
226 59.00 2.25062704
227 59.00 2.25031638
228 59.00 2.25000477
229 59.00 2.24969172
230 59.00 2.24937797
231 59.00 2.24906301
232 60.00 2.24874663
233 60.00 2.24842858
234 60.00 2.24810934
235 61.00 2.24778986
236 61.00 2.24746847
237 62.00 2.24714518
238 62.00 2.24682045
239 62.00 2.24649405
240 62.00 2.24616647
241 62.00 2.24583673
242 62.00 2.24550533
243 62.00 2.24517274
244 62.00 2.24483824
245 63.00 2.24450278
246 63.00 2.24416542
247 63.00 2.24382782
248 63.00 2.24348807
249 63.00 2.24314737
250 63.00 2.24280524
251 63.00 2.24246192
252 63.00 2.24211693
253 63.00 2.24177098
254 63.00 2.24142289
255 63.00 2.24107337
256 64.00 2.24072242
257 64.00 2.24036932
258 64.00 2.24001551
259 64.00 2.23965979
260 64.00 2.23930240
261 64.00 2.23894358
262 65.00 2.23858285
263 65.00 2.23822045
264 65.00 2.23785591
265 65.00 2.23749042
266 65.00 2.23712277
267 65.00 2.23675346
268 65.00 2.23638225
269 65.00 2.23600960
270 65.00 2.23563457
271 65.00 2.23525810
272 65.00 2.23487854
273 65.00 2.23449731
274 64.00 2.23411417
275 64.00 2.23372889
276 64.00 2.23334146
277 65.00 2.23295212
278 65.00 2.23256063
279 66.00 2.23216701
280 66.00 2.23177123
281 66.00 2.23137379
282 66.00 2.23097467
283 66.00 2.23057318
284 66.00 2.23017025
285 66.00 2.22976542
286 67.00 2.22935891
287 68.00 2.22894979
288 68.00 2.22853947
289 68.00 2.22812724
290 68.00 2.22771263
291 68.00 2.22729540
292 68.00 2.22687626
293 68.00 2.22645545
294 68.00 2.22603250
295 68.00 2.22560740
296 68.00 2.22518039
297 68.00 2.22475123
298 68.00 2.22431970
299 68.00 2.22388697
300 68.00 2.22345161
301 68.00 2.22301483
302 68.00 2.22257471
303 68.00 2.22213292
304 68.00 2.22168803
305 68.00 2.22124171
306 68.00 2.22079182
307 68.00 2.22034001
308 67.00 2.21988654
309 67.00 2.21942997
310 67.00 2.21897101
311 67.00 2.21850991
312 67.00 2.21804667
313 67.00 2.21758056
314 67.00 2.21711111
315 67.00 2.21663904
316 67.00 2.21616459
317 67.00 2.21568656
318 67.00 2.21520638
319 67.00 2.21472263
320 67.00 2.21423745
321 67.00 2.21374893
322 67.00 2.21325779
323 67.00 2.21276402
324 67.00 2.21226716
325 67.00 2.21176720
326 67.00 2.21126461
327 67.00 2.21075916
328 67.00 2.21025085
329 67.00 2.20973969
330 67.00 2.20922494
331 67.00 2.20870781
332 67.00 2.20818734
333 67.00 2.20766473
334 67.00 2.20713878
335 67.00 2.20660877
336 67.00 2.20607591
337 67.00 2.20553946
338 67.00 2.20499921
339 67.00 2.20445585
340 67.00 2.20390892
341 67.00 2.20335865
342 67.00 2.20280552
343 67.00 2.20224881
344 67.00 2.20168877
345 67.00 2.20112610
346 68.00 2.20055914
347 68.00 2.19998980
348 68.00 2.19941640
349 68.00 2.19884014
350 67.00 2.19825983
351 67.00 2.19767499
352 67.00 2.19708633
353 67.00 2.19649434
354 67.00 2.19589877
355 66.00 2.19529986
356 66.00 2.19469690
357 66.00 2.19408989
358 66.00 2.19348025
359 66.00 2.19286537
360 66.00 2.19224715
361 66.00 2.19162560
362 66.00 2.19100022
363 66.00 2.19037104
364 66.00 2.18973827
365 66.00 2.18910193
366 66.00 2.18846226
367 66.00 2.18781853
368 66.00 2.18717146
369 66.00 2.18651962
370 66.00 2.18586421
371 66.00 2.18520498
372 66.00 2.18454123
373 66.00 2.18387365
374 66.00 2.18320274
375 66.00 2.18252587
376 66.00 2.18184519
377 66.00 2.18115997
378 66.00 2.18047023
379 66.00 2.17977595
380 66.00 2.17907715
381 66.00 2.17837286
382 66.00 2.17766404
383 66.00 2.17695189
384 66.00 2.17623425
385 66.00 2.17551208
386 66.00 2.17478585
387 66.00 2.17405510
388 66.00 2.17331958
389 66.00 2.17258000
390 66.00 2.17183471
391 66.00 2.17108464
392 66.00 2.17033052
393 67.00 2.16957211
394 67.00 2.16880918
395 67.00 2.16804171
396 67.00 2.16726828
397 67.00 2.16648984
398 67.00 2.16570640
399 67.00 2.16491795
400 67.00 2.16412377
401 67.00 2.16332483
601 68.00 1.83084118
801 89.00 1.06076002
1001 96.00 0.48612484
1201 100.00 0.20591053
1401 100.00 0.09610531
1601 100.00 0.05375968
1801 100.00 0.03462501
2001 100.00 0.02451350
2201 100.00 0.01850772
2401 100.00 0.01462391
2601 100.00 0.01194850
2801 100.00 0.01001404
3001 100.00 0.00856326
3201 100.00 0.00744149
3401 100.00 0.00655268
3601 100.00 0.00583384
3801 100.00 0.00524256
4001 100.00 0.00474905
4201 100.00 0.00433169
4401 100.00 0.00397486
4601 100.00 0.00366683
4801 100.00 0.00339869
5001 100.00 0.00316343
5201 100.00 0.00295563
5401 100.00 0.00277096
5601 100.00 0.00260587
5801 100.00 0.00245752
6001 100.00 0.00232360
6201 100.00 0.00220215
6401 100.00 0.00209159
6601 100.00 0.00199056
6801 100.00 0.00189798
7001 100.00 0.00181283
7201 100.00 0.00173429
7401 100.00 0.00166165
7601 100.00 0.00159428
7801 100.00 0.00153168
8001 100.00 0.00147334
8201 100.00 0.00141890
8401 100.00 0.00136795
8601 100.00 0.00132022
8801 100.00 0.00127542
9001 100.00 0.00123329
9201 100.00 0.00119360
9401 100.00 0.00115617
9601 100.00 0.00112080
9801 100.00 0.00108733
10001 100.00 0.00105561
10201 100.00 0.00102553
10401 100.00 0.00099697
10601 100.00 0.00096981
10801 100.00 0.00094396
11001 100.00 0.00091934
11201 100.00 0.00089586
11401 100.00 0.00087343
11601 100.00 0.00085201
11801 100.00 0.00083150
12001 100.00 0.00081188
12201 100.00 0.00079308
12401 100.00 0.00077507
12601 100.00 0.00075778
12801 100.00 0.00074117
13001 100.00 0.00072523
13201 100.00 0.00070989
13401 100.00 0.00069512
13601 100.00 0.00068091
13801 100.00 0.00066722
14001 100.00 0.00065401
14201 100.00 0.00064127
14401 100.00 0.00062897
14601 100.00 0.00061711
14801 100.00 0.00060564
15001 100.00 0.00059454
15201 100.00 0.00058383
15401 100.00 0.00057346
15601 100.00 0.00056340
15801 100.00 0.00055368
16001 100.00 0.00054424
16201 100.00 0.00053510
16401 100.00 0.00052623
16601 100.00 0.00051763
16801 100.00 0.00050929
17001 100.00 0.00050119
17201 100.00 0.00049331
17401 100.00 0.00048566
17601 100.00 0.00047823
17801 100.00 0.00047099
18001 100.00 0.00046394
18201 100.00 0.00045710
18401 100.00 0.00045044
18601 100.00 0.00044396
18801 100.00 0.00043765
19001 100.00 0.00043148
19201 100.00 0.00042547
19401 100.00 0.00041964
19601 100.00 0.00041393
19801 100.00 0.00040836
20001 100.00 0.00040295
20201 100.00 0.00039764
20401 100.00 0.00039246
20601 100.00 0.00038741
20801 100.00 0.00038247
21001 100.00 0.00037766
21201 100.00 0.00037294
21401 100.00 0.00036833
21601 100.00 0.00036383
21801 100.00 0.00035945
22001 100.00 0.00035513
22201 100.00 0.00035093
22401 100.00 0.00034680
22601 100.00 0.00034277
22801 100.00 0.00033883
23001 100.00 0.00033496
23201 100.00 0.00033117
23401 100.00 0.00032746
23601 100.00 0.00032382
23801 100.00 0.00032027
24001 100.00 0.00031677
24201 100.00 0.00031335
24401 100.00 0.00031000
24601 100.00 0.00030672
24801 100.00 0.00030351
25001 100.00 0.00030032
25201 100.00 0.00029722
25401 100.00 0.00029419
25601 100.00 0.00029120
25801 100.00 0.00028827
26001 100.00 0.00028539
26201 100.00 0.00028255
26401 100.00 0.00027980
26601 100.00 0.00027705
26801 100.00 0.00027438
27001 100.00 0.00027175
27201 100.00 0.00026916
27401 100.00 0.00026662
27601 100.00 0.00026414
27801 100.00 0.00026168
28001 100.00 0.00025927
28201 100.00 0.00025689
28401 100.00 0.00025455
28601 100.00 0.00025227
28801 100.00 0.00025000
29001 100.00 0.00024779
29201 100.00 0.00024561
29401 100.00 0.00024345
29601 100.00 0.00024133
29801 100.00 0.00023926
30001 100.00 0.00023722
30201 100.00 0.00023520
30401 100.00 0.00023321
30601 100.00 0.00023126
30801 100.00 0.00022933
31001 100.00 0.00022744
31201 100.00 0.00022557
31401 100.00 0.00022373
31601 100.00 0.00022192
31801 100.00 0.00022012
32001 100.00 0.00021838
32201 100.00 0.00021664
32401 100.00 0.00021493
32601 100.00 0.00021326
32801 100.00 0.00021159
33001 100.00 0.00020996
33201 100.00 0.00020836
33401 100.00 0.00020676
33601 100.00 0.00020519
33801 100.00 0.00020364
34001 100.00 0.00020212
34201 100.00 0.00020062
34401 100.00 0.00019913
34601 100.00 0.00019766
34801 100.00 0.00019622
35001 100.00 0.00019480
35201 100.00 0.00019340
35401 100.00 0.00019201
35601 100.00 0.00019064
35801 100.00 0.00018929
36000 100.00 0.00018795
