1 12.70 2.30171152
2 14.07 2.30096237
3 17.16 2.30048652
4 17.74 2.29985068
5 18.10 2.29929438
6 17.74 2.29844174
7 18.23 2.29773311
13 20.28 2.29199185
19 35.32 2.27933121
25 35.74 2.23751029
31 23.77 2.00792713
37 42.98 1.37425669
43 53.88 1.17300678
49 63.07 1.06400344
55 61.89 1.00830597
61 65.34 0.87961706
67 66.85 0.91954942
73 70.70 0.78454219
79 65.08 1.07511635
85 60.07 1.02951631
91 63.02 0.91274911
97 72.45 0.74801102
103 71.59 0.73001733
109 67.22 0.91469745
115 77.99 0.61569797
121 74.94 0.70216404
127 69.32 0.75606285
133 79.74 0.55575701
139 71.27 0.86137054
145 81.20 0.50975055
151 73.68 0.72766048
157 72.74 0.79818187
163 80.56 0.51024222
169 82.64 0.48877433
175 76.06 0.77468446
181 70.20 0.97461245
187 85.88 0.39939312
193 80.45 0.57380762
199 83.17 0.47882279
205 84.86 0.41617050
211 72.48 0.80687172
217 82.97 0.50482492
223 79.88 0.55857465
229 81.73 0.60205567
235 81.28 0.47753182
241 69.05 1.03765682
247 76.38 0.74370089
253 83.09 0.48843884
259 84.54 0.45954487
265 85.49 0.42787399
271 89.02 0.30063066
277 78.73 0.61149883
283 86.27 0.37826732
289 89.32 0.28622965
295 67.89 1.08056964
301 84.30 0.44373857
307 79.93 0.55573562
313 88.72 0.30690662
319 84.35 0.46508814
325 92.35 0.21826637
331 82.08 0.54148262
337 90.64 0.27081315
343 86.08 0.39751052
349 88.52 0.30609598
355 91.35 0.24079066
361 86.26 0.40575565
367 88.52 0.37404366
373 91.82 0.23940727
379 85.75 0.39929091
385 86.17 0.44663224
391 93.20 0.18714411
397 94.70 0.15437387
403 90.86 0.25639065
409 94.33 0.16029624
415 67.74 1.80242111
421 84.03 0.61314374
427 96.49 0.11176396
433 87.55 0.36291516
439 97.04 0.10262947
445 56.23 3.12374262
451 92.51 0.21934933
457 96.25 0.10915084
463 95.97 0.12394360
469 93.94 0.17556369
475 97.37 0.08834018
481 94.80 0.14119048
487 84.21 0.59993899
493 98.00 0.07460016
499 96.71 0.11124298
505 75.35 1.22901138
511 97.82 0.07154238
517 95.35 0.14239267
523 98.01 0.06486444
529 92.74 0.21332689
535 92.55 0.19464788
541 96.57 0.09576417
547 99.17 0.04171076
553 96.51 0.11948648
559 99.23 0.03809336
565 97.15 0.08410483
571 91.21 0.25121374
577 97.77 0.06255359
583 99.51 0.02944244
589 99.72 0.02194992
595 99.80 0.01601778
600 89.38 0.57804645
