1 19.00 2.29993439
2 21.00 2.29877090
3 23.00 2.29761100
4 25.00 2.29645109
5 25.00 2.29529071
6 25.00 2.29412889
7 27.00 2.29296732
8 27.00 2.29180789
9 27.00 2.29064536
10 29.00 2.28947639
11 29.00 2.28830028
12 30.00 2.28712368
13 33.00 2.28594661
14 33.00 2.28476429
15 34.00 2.28357840
16 35.00 2.28239059
17 36.00 2.28119683
18 37.00 2.27999473
19 37.00 2.27877617
20 37.00 2.27754927
21 38.00 2.27631617
22 39.00 2.27507329
23 40.00 2.27381039
24 40.00 2.27253103
25 41.00 2.27123451
26 42.00 2.26991606
27 43.00 2.26857710
28 43.00 2.26721740
29 43.00 2.26583958
30 47.00 2.26444221
31 48.00 2.26302290
32 49.00 2.26158166
33 49.00 2.26012039
34 50.00 2.25863457
35 50.00 2.25712395
36 50.00 2.25558567
37 51.00 2.25401187
38 51.00 2.25240421
39 52.00 2.25076890
40 52.00 2.24909949
41 52.00 2.24739003
42 53.00 2.24564338
43 53.00 2.24385262
44 56.00 2.24201751
45 57.00 2.24014187
46 58.00 2.23821950
47 59.00 2.23624730
48 60.00 2.23422432
49 60.00 2.23214936
50 61.00 2.23002481
51 62.00 2.22784829
52 62.00 2.22561932
53 62.00 2.22333741
54 62.00 2.22099519
55 62.00 2.21858764
56 62.00 2.21611333
57 62.00 2.21357155
58 63.00 2.21096182
59 63.00 2.20827937
60 63.00 2.20552373
61 64.00 2.20268869
62 64.00 2.19976997
63 64.00 2.19676614
64 65.00 2.19366789
65 65.00 2.19047379
66 65.00 2.18717813
67 65.00 2.18378353
68 65.00 2.18029094
69 65.00 2.17669487
70 64.00 2.17298436
71 64.00 2.16915226
72 64.00 2.16520071
73 64.00 2.16111684
74 64.00 2.15689397
75 64.00 2.15252757
76 64.00 2.14801693
77 64.00 2.14335871
78 65.00 2.13854694
79 65.00 2.13357592
80 65.00 2.12843537
81 65.00 2.12311530
82 65.00 2.11760998
83 65.00 2.11190915
84 65.00 2.10599637
85 65.00 2.09986734
86 65.00 2.09352040
87 65.00 2.08694029
88 65.00 2.08012462
89 65.00 2.07305908
90 65.00 2.06573153
91 65.00 2.05812240
92 65.00 2.05022502
93 65.00 2.04202962
94 65.00 2.03353095
95 65.00 2.02470422
96 64.00 2.01554084
97 64.00 2.00601840
98 64.00 1.99614704
99 65.00 1.98591876
100 65.00 1.97531140
101 66.00 1.96431589
102 66.00 1.95292234
103 66.00 1.94112134
104 66.00 1.92890060
105 66.00 1.91624522
106 65.00 1.90316463
107 65.00 1.88964665
108 65.00 1.87567830
109 65.00 1.86123550
110 65.00 1.84633911
111 65.00 1.83099246
112 65.00 1.81518734
113 65.00 1.79891586
114 65.00 1.78217924
115 65.00 1.76498628
116 65.00 1.74735844
117 65.00 1.72929764
118 65.00 1.71081924
119 66.00 1.69192779
120 66.00 1.67263556
121 66.00 1.65295720
122 67.00 1.63290286
123 68.00 1.61249280
124 68.00 1.59179139
125 67.00 1.57081234
126 67.00 1.54955888
127 69.00 1.52805257
128 69.00 1.50630724
129 70.00 1.48435974
130 70.00 1.46224701
131 70.00 1.43999517
132 70.00 1.41765702
133 70.00 1.39524317
134 71.00 1.37277341
135 71.00 1.35027635
136 71.00 1.32776320
137 71.00 1.30527353
138 72.00 1.28281462
139 73.00 1.26041806
140 73.00 1.23810732
141 75.00 1.21591115
142 75.00 1.19385803
143 76.00 1.17194593
144 76.00 1.15018594
145 77.00 1.12861669
146 77.00 1.10726821
147 77.00 1.08615828
148 79.00 1.06529570
149 79.00 1.04467893
150 80.00 1.02432227
151 80.00 1.00425732
152 80.00 0.98448282
153 82.00 0.96501434
154 83.00 0.94585794
155 85.00 0.92702699
156 85.00 0.90851951
157 85.00 0.89034915
158 86.00 0.87252134
159 88.00 0.85503381
160 88.00 0.83789253
161 89.00 0.82108521
162 89.00 0.80461973
163 89.00 0.78848505
164 90.00 0.77267504
165 90.00 0.75719208
166 90.00 0.74203348
167 91.00 0.72719306
168 92.00 0.71265656
169 92.00 0.69843072
170 92.00 0.68451768
171 92.00 0.67090166
172 92.00 0.65757555
173 92.00 0.64452815
174 92.00 0.63176078
175 93.00 0.61927301
176 93.00 0.60705495
177 93.00 0.59510475
178 93.00 0.58341235
179 94.00 0.57197309
180 95.00 0.56078041
181 95.00 0.54982901
182 95.00 0.53911543
183 95.00 0.52863008
184 95.00 0.51836550
185 95.00 0.50832140
186 95.00 0.49849629
187 95.00 0.48888496
188 95.00 0.47947800
189 96.00 0.47027415
190 96.00 0.46126732
191 96.00 0.45245522
192 96.00 0.44383293
193 96.00 0.43539062
194 97.00 0.42712811
195 97.00 0.41904023
196 97.00 0.41112465
197 97.00 0.40338016
198 97.00 0.39580196
199 97.00 0.38838756
200 97.00 0.38113159
201 97.00 0.37403256
301 100.00 0.07657595
401 100.00 0.02812077
501 100.00 0.01545389
601 100.00 0.01040467
701 100.00 0.00783572
801 100.00 0.00632320
901 100.00 0.00534456
1001 100.00 0.00466856
1101 100.00 0.00417886
1201 100.00 0.00381206
1301 100.00 0.00352987
1401 100.00 0.00330791
1501 100.00 0.00313011
1601 100.00 0.00298553
1701 100.00 0.00286679
1801 100.00 0.00276812
1901 100.00 0.00268547
2001 100.00 0.00261578
2101 100.00 0.00255671
2201 100.00 0.00250636
2301 100.00 0.00246315
2401 100.00 0.00242593
2501 100.00 0.00239388
2601 100.00 0.00236602
2701 100.00 0.00234183
2801 100.00 0.00232078
2901 100.00 0.00230236
3001 100.00 0.00228631
3101 100.00 0.00227230
3201 100.00 0.00225999
3301 100.00 0.00224914
3401 100.00 0.00223963
3501 100.00 0.00223127
3601 100.00 0.00222396
3701 100.00 0.00221752
3801 100.00 0.00221184
3901 100.00 0.00220684
4001 100.00 0.00220245
4101 100.00 0.00219854
4201 100.00 0.00219499
4301 100.00 0.00219180
4401 100.00 0.00218892
4501 100.00 0.00218627
4601 100.00 0.00218388
4701 100.00 0.00218171
4801 100.00 0.00217975
4901 100.00 0.00217797
5001 100.00 0.00217637
5101 100.00 0.00217491
5201 100.00 0.00217350
5301 100.00 0.00217215
5401 100.00 0.00217088
5501 100.00 0.00216965
5601 100.00 0.00216846
5701 100.00 0.00216734
5801 100.00 0.00216622
5901 100.00 0.00216513
6001 100.00 0.00216408
6101 100.00 0.00216309
6201 100.00 0.00216209
6301 100.00 0.00216111
6401 100.00 0.00216014
6501 100.00 0.00215921
6601 100.00 0.00215826
6701 100.00 0.00215732
6801 100.00 0.00215639
6901 100.00 0.00215546
7001 100.00 0.00215454
7101 100.00 0.00215360
7201 100.00 0.00215264
7301 100.00 0.00215170
7401 100.00 0.00215077
7501 100.00 0.00214981
7601 100.00 0.00214886
7701 100.00 0.00214787
7801 100.00 0.00214689
7901 100.00 0.00214588
8001 100.00 0.00214483
8101 100.00 0.00214380
8201 100.00 0.00214273
8301 100.00 0.00214169
8401 100.00 0.00214064
8501 100.00 0.00213958
8601 100.00 0.00213857
8701 100.00 0.00213756
8801 100.00 0.00213655
8901 100.00 0.00213558
9001 100.00 0.00213458
9101 100.00 0.00213358
9201 100.00 0.00213256
9301 100.00 0.00213156
9401 100.00 0.00213056
9501 100.00 0.00212954
9601 100.00 0.00212853
9701 100.00 0.00212751
9801 100.00 0.00212651
9901 100.00 0.00212550
10001 100.00 0.00212447
10101 100.00 0.00212347
10201 100.00 0.00212247
10301 100.00 0.00212146
10401 100.00 0.00212048
10501 100.00 0.00211949
10601 100.00 0.00211851
10701 100.00 0.00211753
10801 100.00 0.00211658
10901 100.00 0.00211562
11001 100.00 0.00211466
11101 100.00 0.00211370
11201 100.00 0.00211274
11301 100.00 0.00211178
11401 100.00 0.00211078
11501 100.00 0.00210978
11601 100.00 0.00210876
11701 100.00 0.00210776
11801 100.00 0.00210679
11901 100.00 0.00210581
12001 100.00 0.00210481
12101 100.00 0.00210383
12201 100.00 0.00210285
12301 100.00 0.00210189
12401 100.00 0.00210093
12501 100.00 0.00209998
12601 100.00 0.00209906
12701 100.00 0.00209812
12801 100.00 0.00209717
12901 100.00 0.00209622
13001 100.00 0.00209528
13101 100.00 0.00209432
13201 100.00 0.00209339
13301 100.00 0.00209246
13401 100.00 0.00209152
13501 100.00 0.00209060
13601 100.00 0.00208968
13701 100.00 0.00208876
13801 100.00 0.00208784
13901 100.00 0.00208692
14001 100.00 0.00208600
14101 100.00 0.00208507
14201 100.00 0.00208413
14301 100.00 0.00208320
14401 100.00 0.00208227
14501 100.00 0.00208133
14601 100.00 0.00208041
14701 100.00 0.00207950
14801 100.00 0.00207860
14901 100.00 0.00207773
15001 100.00 0.00207683
15101 100.00 0.00207596
15201 100.00 0.00207510
15301 100.00 0.00207423
15401 100.00 0.00207335
15501 100.00 0.00207245
15601 100.00 0.00207156
15701 100.00 0.00207070
15801 100.00 0.00206982
15901 100.00 0.00206895
16001 100.00 0.00206811
16101 100.00 0.00206725
16201 100.00 0.00206640
16301 100.00 0.00206556
16401 100.00 0.00206473
16501 100.00 0.00206391
16601 100.00 0.00206309
16701 100.00 0.00206227
16801 100.00 0.00206145
16901 100.00 0.00206063
17001 100.00 0.00205977
17101 100.00 0.00205895
17201 100.00 0.00205811
17301 100.00 0.00205727
17401 100.00 0.00205644
17501 100.00 0.00205563
17601 100.00 0.00205482
17701 100.00 0.00205400
17801 100.00 0.00205323
17901 100.00 0.00205242
18001 100.00 0.00205162
18101 100.00 0.00205084
18201 100.00 0.00205008
18301 100.00 0.00204932
18401 100.00 0.00204854
18501 100.00 0.00204780
18601 100.00 0.00204704
18701 100.00 0.00204629
18801 100.00 0.00204554
18901 100.00 0.00204477
19001 100.00 0.00204402
19101 100.00 0.00204328
19201 100.00 0.00204254
19301 100.00 0.00204182
19401 100.00 0.00204112
19501 100.00 0.00204036
19601 100.00 0.00203964
19701 100.00 0.00203891
19801 100.00 0.00203822
19901 100.00 0.00203751
20001 100.00 0.00203680
20101 100.00 0.00203611
20201 100.00 0.00203541
20301 100.00 0.00203472
20401 100.00 0.00203404
20501 100.00 0.00203336
20601 100.00 0.00203270
20701 100.00 0.00203200
20801 100.00 0.00203132
20901 100.00 0.00203066
21001 100.00 0.00203000
21101 100.00 0.00202932
21201 100.00 0.00202866
21301 100.00 0.00202798
21401 100.00 0.00202733
21501 100.00 0.00202670
21601 100.00 0.00202605
21701 100.00 0.00202541
21801 100.00 0.00202477
21901 100.00 0.00202414
22001 100.00 0.00202350
22101 100.00 0.00202288
22201 100.00 0.00202225
22301 100.00 0.00202163
22401 100.00 0.00202103
22501 100.00 0.00202041
22601 100.00 0.00201981
22701 100.00 0.00201921
22801 100.00 0.00201861
22901 100.00 0.00201802
23001 100.00 0.00201745
23101 100.00 0.00201688
23201 100.00 0.00201630
23301 100.00 0.00201575
23401 100.00 0.00201518
23501 100.00 0.00201463
23601 100.00 0.00201408
23701 100.00 0.00201354
23801 100.00 0.00201300
23901 100.00 0.00201246
24001 100.00 0.00201191
24101 100.00 0.00201139
24201 100.00 0.00201084
24301 100.00 0.00201031
24401 100.00 0.00200979
24501 100.00 0.00200926
24601 100.00 0.00200875
24701 100.00 0.00200823
24801 100.00 0.00200771
24901 100.00 0.00200719
25001 100.00 0.00200667
25101 100.00 0.00200615
25201 100.00 0.00200564
25301 100.00 0.00200515
25401 100.00 0.00200463
25501 100.00 0.00200413
25601 100.00 0.00200365
25701 100.00 0.00200315
25801 100.00 0.00200264
25901 100.00 0.00200215
26001 100.00 0.00200165
26101 100.00 0.00200117
26201 100.00 0.00200069
26301 100.00 0.00200020
26401 100.00 0.00199972
26501 100.00 0.00199924
26601 100.00 0.00199878
26701 100.00 0.00199830
26801 100.00 0.00199785
26901 100.00 0.00199737
27001 100.00 0.00199692
27101 100.00 0.00199647
27201 100.00 0.00199600
27301 100.00 0.00199554
27401 100.00 0.00199507
27501 100.00 0.00199462
27601 100.00 0.00199416
27701 100.00 0.00199372
27801 100.00 0.00199327
27901 100.00 0.00199281
28001 100.00 0.00199238
28101 100.00 0.00199191
28201 100.00 0.00199149
28301 100.00 0.00199105
28401 100.00 0.00199063
28501 100.00 0.00199021
28601 100.00 0.00198976
28701 100.00 0.00198933
28801 100.00 0.00198891
28901 100.00 0.00198850
29001 100.00 0.00198809
29101 100.00 0.00198766
29201 100.00 0.00198725
29301 100.00 0.00198685
29401 100.00 0.00198643
29501 100.00 0.00198606
29601 100.00 0.00198563
29701 100.00 0.00198524
29801 100.00 0.00198486
29901 100.00 0.00198447
30001 100.00 0.00198408
30101 100.00 0.00198369
30201 100.00 0.00198331
30301 100.00 0.00198295
30401 100.00 0.00198259
30501 100.00 0.00198221
30601 100.00 0.00198183
30701 100.00 0.00198146
30801 100.00 0.00198108
30901 100.00 0.00198071
31001 100.00 0.00198035
31101 100.00 0.00198001
31201 100.00 0.00197965
31301 100.00 0.00197929
31401 100.00 0.00197893
31501 100.00 0.00197859
31601 100.00 0.00197823
31701 100.00 0.00197788
31801 100.00 0.00197753
31901 100.00 0.00197719
32001 100.00 0.00197685
32101 100.00 0.00197651
32201 100.00 0.00197616
32301 100.00 0.00197585
32401 100.00 0.00197548
32501 100.00 0.00197515
32601 100.00 0.00197483
32701 100.00 0.00197448
32801 100.00 0.00197415
32901 100.00 0.00197383
33001 100.00 0.00197351
33101 100.00 0.00197318
33201 100.00 0.00197286
33301 100.00 0.00197255
33401 100.00 0.00197224
33501 100.00 0.00197193
33601 100.00 0.00197162
33701 100.00 0.00197130
33801 100.00 0.00197099
33901 100.00 0.00197067
34001 100.00 0.00197036
34101 100.00 0.00197007
34201 100.00 0.00196977
34301 100.00 0.00196947
34401 100.00 0.00196915
34501 100.00 0.00196888
34601 100.00 0.00196856
34701 100.00 0.00196827
34801 100.00 0.00196797
34901 100.00 0.00196769
35001 100.00 0.00196739
35101 100.00 0.00196710
35201 100.00 0.00196682
35301 100.00 0.00196654
35401 100.00 0.00196625
35501 100.00 0.00196596
35601 100.00 0.00196569
35701 100.00 0.00196543
35801 100.00 0.00196515
35901 100.00 0.00196488
36000 100.00 0.00196462
