1 9.99 2.30224568
2 9.99 2.30140098
3 10.01 2.30061640
4 12.98 2.30009445
5 15.36 2.29937440
6 30.28 2.29887034
7 30.92 2.29790519
13 44.58 2.29178199
19 50.78 2.27904530
25 44.59 2.24081409
31 31.60 2.00369715
37 43.41 1.28659112
43 53.08 1.13023135
49 58.23 0.97794342
55 61.41 1.10786360
61 64.15 0.96365158
67 71.01 0.78192241
73 68.22 0.88054991
79 71.65 0.78344588
85 67.04 0.87160948
91 70.99 0.83571215
97 72.62 0.76476212
103 75.31 0.65715178
109 77.28 0.63432057
115 73.11 0.70121499
121 70.97 0.80788576
127 79.00 0.58308736
133 77.25 0.66354354
139 74.87 0.68192942
145 73.59 0.83636194
151 82.16 0.50633447
157 69.11 0.86996329
163 79.12 0.56582008
169 83.11 0.48885605
175 81.31 0.53882850
181 80.10 0.55413980
187 83.31 0.46280366
193 45.65 2.31391687
199 80.22 0.55182277
205 74.97 0.65567958
211 80.67 0.51923637
217 83.88 0.43804008
223 72.80 0.74328444
229 87.35 0.38005246
235 88.19 0.33035806
241 83.04 0.50607766
247 73.04 0.85481562
253 89.02 0.31863622
259 86.37 0.38215621
265 80.76 0.59359273
271 72.91 1.02610381
277 90.85 0.26156538
283 84.99 0.41369738
289 90.45 0.26762504
295 80.25 0.67232162
301 90.39 0.26564287
307 88.39 0.31193048
313 91.23 0.24442471
319 76.09 0.92630035
325 85.95 0.34664189
331 77.52 0.67291401
337 91.20 0.24450407
343 88.56 0.29301963
349 84.07 0.47136662
355 92.44 0.21594390
361 91.92 0.22012800
367 92.32 0.21060391
373 93.80 0.17093601
379 78.61 0.77440245
385 84.38 0.43550320
391 95.17 0.14567192
397 74.85 0.89938526
403 69.92 1.37481862
409 90.21 0.26551361
415 90.13 0.24934271
421 84.44 0.53336968
427 89.89 0.27105146
433 89.34 0.33405338
439 83.69 0.55289319
445 97.89 0.07797286
451 86.08 0.45281320
457 97.72 0.08121553
463 93.98 0.15586123
469 95.63 0.13859640
475 97.16 0.08884791
481 92.76 0.21293030
487 91.81 0.27216636
493 92.86 0.20386179
499 95.32 0.13131361
505 91.58 0.29421204
511 90.22 0.30919578
517 72.76 1.97241966
523 99.02 0.04678703
529 96.36 0.09978930
535 99.38 0.03141763
541 97.45 0.07755064
547 93.22 0.17122759
553 86.06 0.42431240
559 99.34 0.03318950
565 97.10 0.08350705
571 99.49 0.03200861
577 99.62 0.02456839
583 93.47 0.15922507
589 99.43 0.02671436
595 99.82 0.01965751
600 99.58 0.02737641
