1 10.50 2.30061592
81 79.40 1.18956775
161 97.80 0.16703309
241 100.00 0.03973004
321 100.00 0.01685527
401 100.00 0.00972405
481 100.00 0.00654095
561 100.00 0.00480870
641 100.00 0.00374360
721 100.00 0.00303282
801 100.00 0.00252960
881 100.00 0.00215723
961 100.00 0.00187209
1041 100.00 0.00164768
1121 100.00 0.00146709
1201 100.00 0.00131904
1281 100.00 0.00119574
1361 100.00 0.00109167
1441 100.00 0.00100279
1521 100.00 0.00092612
1601 100.00 0.00085937
1681 100.00 0.00080081
1761 100.00 0.00074908
1841 100.00 0.00070307
1921 100.00 0.00066193
2001 100.00 0.00062493
2081 100.00 0.00059152
2161 100.00 0.00056120
2241 100.00 0.00053359
2321 100.00 0.00050833
2400 100.00 0.00048544
