1 10.00 2.30273082
21 11.60 2.29897954
41 18.60 2.29420166
61 46.20 2.28611515
81 45.40 2.26803620
101 31.20 2.20852692
121 23.80 1.96593029
141 45.20 1.41387426
161 57.60 1.08740985
181 61.60 0.93613918
201 58.80 0.87137192
221 68.40 0.83049515
241 66.80 0.77533066
261 72.80 0.67871045
281 72.20 0.68929382
301 76.40 0.59190264
321 74.00 0.58621834
341 83.80 0.43379734
361 84.20 0.42595410
381 83.60 0.38928727
401 78.40 0.53260035
421 85.80 0.33000108
441 92.20 0.23402874
461 91.20 0.24159740
481 46.20 2.65976095
501 64.60 1.14340931
521 96.40 0.13768766
541 96.60 0.12937665
561 96.20 0.11633795
581 96.20 0.12140579
601 99.20 0.06217052
621 99.20 0.04867928
641 99.80 0.03818725
661 99.80 0.03988689
681 99.80 0.02925297
701 99.80 0.02540119
721 99.80 0.01691803
741 100.00 0.02080288
761 100.00 0.01336391
781 100.00 0.00960449
801 100.00 0.00784846
821 100.00 0.00640751
841 100.00 0.00544150
861 100.00 0.00463417
881 100.00 0.00407682
901 100.00 0.00359246
921 100.00 0.00321024
941 100.00 0.00290900
960 100.00 0.00266748
