1 10.60 2.30047460
41 49.40 1.10041680
81 54.50 1.28632922
121 85.50 0.42064156
161 91.70 0.23858653
201 98.30 0.05624660
241 95.70 0.14474972
281 99.50 0.01901538
321 99.10 0.03046919
361 100.00 0.00240481
401 100.00 0.00088629
441 100.00 0.00056144
481 100.00 0.00041659
521 100.00 0.00033010
561 100.00 0.00027279
601 100.00 0.00023193
641 100.00 0.00020140
681 100.00 0.00017777
721 100.00 0.00015894
761 100.00 0.00014344
801 100.00 0.00013056
841 100.00 0.00011967
881 100.00 0.00011040
921 100.00 0.00010237
961 100.00 0.00009536
1001 100.00 0.00008919
1041 100.00 0.00008372
1081 100.00 0.00007884
1121 100.00 0.00007445
1161 100.00 0.00007052
1201 100.00 0.00006696
1241 100.00 0.00006372
1281 100.00 0.00006075
1321 100.00 0.00005800
1361 100.00 0.00005546
1401 100.00 0.00005313
1441 100.00 0.00005098
1481 100.00 0.00004899
1521 100.00 0.00004715
1561 100.00 0.00004544
1601 100.00 0.00004385
1641 100.00 0.00004235
1681 100.00 0.00004095
1721 100.00 0.00003963
1761 100.00 0.00003838
1801 100.00 0.00003721
1841 100.00 0.00003611
1881 100.00 0.00003506
1920 100.00 0.00003409
