1 74.03 0.80408721
2 91.47 0.28951805
3 89.42 0.33031707
4 89.53 0.31188538
5 96.35 0.12019357
6 97.72 0.07726972
7 96.20 0.12801765
8 98.52 0.05021840
9 96.72 0.11895815
10 98.92 0.03955731
11 99.10 0.03415471
12 99.24 0.02865255
13 99.34 0.02404716
14 99.77 0.01263661
15 99.73 0.01244231
16 99.89 0.00730362
17 99.94 0.00516628
18 99.97 0.00381531
19 99.98 0.00273475
20 99.99 0.00244310
21 99.99 0.00168059
31 100.00 0.00042174
41 100.00 0.00023549
51 100.00 0.00015934
61 100.00 0.00011880
71 100.00 0.00009373
81 100.00 0.00007703
91 100.00 0.00006477
101 100.00 0.00005582
111 100.00 0.00004893
121 100.00 0.00004320
131 100.00 0.00003871
141 100.00 0.00003514
151 100.00 0.00003196
161 100.00 0.00002929
171 100.00 0.00002700
181 100.00 0.00002501
191 100.00 0.00002329
200 100.00 0.00002196
