1 16.74 2.29387294
2 30.70 2.27527823
3 36.00 2.18575978
4 20.48 2.10552341
5 24.34 1.64723303
6 39.28 1.41035861
7 52.48 1.10640119
8 49.16 1.21287192
9 54.60 1.04948727
10 60.14 0.97078175
11 59.82 0.97811278
12 50.42 1.18120813
13 59.06 0.89809690
25 77.88 0.59853548
37 84.74 0.42501854
49 80.10 0.57456103
61 89.08 0.29457907
73 92.60 0.21538243
85 90.48 0.26490774
97 93.48 0.18406983
109 94.64 0.16175298
121 94.96 0.13143201
133 92.74 0.18785048
145 84.56 0.46793258
157 92.02 0.19919428
169 96.56 0.10218202
181 86.46 0.41042149
193 97.44 0.07388312
205 97.46 0.06749431
217 97.14 0.08144819
229 98.10 0.05441961
241 99.48 0.02248566
253 96.72 0.08699662
265 99.90 0.00903066
277 99.24 0.03134109
289 82.56 0.61669160
301 96.96 0.10162080
313 99.60 0.01806446
325 98.78 0.03461135
337 99.94 0.00456842
349 99.82 0.00925201
361 99.14 0.02767994
373 99.64 0.01721425
385 99.64 0.01660503
397 99.98 0.00202363
409 97.48 0.07570761
421 75.68 1.60992376
433 99.92 0.00543445
445 100.00 0.00124460
457 100.00 0.00080868
469 100.00 0.00061933
481 100.00 0.00049392
493 100.00 0.00041361
505 100.00 0.00035656
517 100.00 0.00031017
529 100.00 0.00027896
541 100.00 0.00026983
553 100.00 0.00022811
565 100.00 0.00021099
577 100.00 0.00019597
589 100.00 0.00017950
601 100.00 0.00016796
613 100.00 0.00015992
625 100.00 0.00015002
637 100.00 0.00014211
649 100.00 0.00013201
661 100.00 0.00012556
673 100.00 0.00012013
685 100.00 0.00011521
697 100.00 0.00010923
709 100.00 0.00010352
721 100.00 0.00009882
733 100.00 0.00009556
745 100.00 0.00009299
757 100.00 0.00008906
769 100.00 0.00008469
781 100.00 0.00008347
793 100.00 0.00007936
805 100.00 0.00007715
817 100.00 0.00007494
829 100.00 0.00007295
841 100.00 0.00007010
853 100.00 0.00006768
865 100.00 0.00006658
877 100.00 0.00006428
889 100.00 0.00006259
901 100.00 0.00006092
913 100.00 0.00005889
925 100.00 0.00005811
937 100.00 0.00005622
949 100.00 0.00005471
961 100.00 0.00005337
973 100.00 0.00005271
985 100.00 0.00005106
997 100.00 0.00005000
1009 100.00 0.00004828
1021 100.00 0.00004737
1033 100.00 0.00004747
1045 100.00 0.00004590
1057 100.00 0.00004420
1069 100.00 0.00004394
1081 100.00 0.00004281
1093 100.00 0.00004267
1105 100.00 0.00004155
1117 100.00 0.00004041
1129 100.00 0.00003943
1141 100.00 0.00003913
1153 100.00 0.00003819
1165 100.00 0.00003774
1177 100.00 0.00003708
1189 100.00 0.00003698
1200 100.00 0.00003551
