1 40.00 2.28570271
201 100.00 0.00167943
401 100.00 0.00066047
601 100.00 0.00039307
801 100.00 0.00027426
1001 100.00 0.00020821
1201 100.00 0.00016660
1401 100.00 0.00013815
1601 100.00 0.00011755
1801 100.00 0.00010207
2001 100.00 0.00008997
2201 100.00 0.00008029
2401 100.00 0.00007237
2601 100.00 0.00006578
2801 100.00 0.00006025
3001 100.00 0.00005552
3201 100.00 0.00005145
3401 100.00 0.00004790
3601 100.00 0.00004477
3801 100.00 0.00004200
4001 100.00 0.00003954
4201 100.00 0.00003733
4401 100.00 0.00003535
4601 100.00 0.00003355
4801 100.00 0.00003191
5001 100.00 0.00003041
5201 100.00 0.00002905
5401 100.00 0.00002780
5601 100.00 0.00002663
5801 100.00 0.00002557
6000 100.00 0.00002457
