1 46.86 1.22491838
2 73.41 0.62915787
3 76.15 0.66984104
4 78.20 0.55889472
5 79.68 0.51693117
6 84.14 0.42568368
7 79.93 0.50838433
8 85.00 0.40332125
9 84.51 0.41596546
10 81.45 0.50038949
11 87.72 0.33588111
12 85.23 0.37827154
13 85.81 0.41191510
14 89.63 0.27624657
15 88.17 0.30540463
16 87.93 0.31554907
17 89.82 0.26539805
18 89.66 0.27510772
19 88.33 0.30532700
20 87.77 0.31732390
21 79.11 0.62342297
31 90.58 0.24656360
41 90.18 0.31118488
51 93.32 0.17095401
61 10.00 nan
71 10.00 nan
81 10.00 nan
91 10.00 nan
101 10.00 nan
111 10.00 nan
121 10.00 nan
131 10.00 nan
141 10.00 nan
151 10.00 nan
161 10.00 nan
171 10.00 nan
181 10.00 nan
191 10.00 nan
201 10.00 nan
211 10.00 nan
221 10.00 nan
231 10.00 nan
241 10.00 nan
251 10.00 nan
261 10.00 nan
271 10.00 nan
281 10.00 nan
291 10.00 nan
301 10.00 nan
311 10.00 nan
321 10.00 nan
331 10.00 nan
341 10.00 nan
351 10.00 nan
361 10.00 nan
371 10.00 nan
381 10.00 nan
391 10.00 nan
400 10.00 nan
