1 9.20 2.30267438
81 36.60 2.29582791
161 67.70 2.27177525
241 51.80 1.62752489
321 98.30 0.16795589
401 99.90 0.02025641
481 100.00 0.00615119
561 100.00 0.00331772
641 100.00 0.00217515
721 100.00 0.00157885
801 100.00 0.00122050
881 100.00 0.00098453
961 100.00 0.00081888
1041 100.00 0.00069704
1121 100.00 0.00060414
1201 100.00 0.00053124
1281 100.00 0.00047269
1361 100.00 0.00042479
1441 100.00 0.00038495
1521 100.00 0.00035136
1601 100.00 0.00032270
1681 100.00 0.00029799
1761 100.00 0.00027650
1841 100.00 0.00025764
1921 100.00 0.00024099
2001 100.00 0.00022619
2081 100.00 0.00021295
2161 100.00 0.00020105
2241 100.00 0.00019030
2321 100.00 0.00018056
2400 100.00 0.00017178
