1 44.91 2.27320682
2 53.76 2.20040069
3 57.15 1.89848639
4 72.46 1.12871676
5 79.89 0.73459825
6 83.69 0.57637222
7 85.96 0.49408323
8 87.41 0.44241590
9 88.40 0.40964692
10 89.15 0.38470578
11 89.54 0.36828367
12 89.97 0.35194915
13 90.39 0.33964931
14 90.58 0.32958358
15 90.94 0.31682166
16 91.20 0.30674871
17 91.52 0.29751451
18 91.70 0.29041434
19 91.97 0.28099751
20 92.24 0.27376805
21 92.42 0.26720791
31 94.19 0.20485387
41 95.36 0.16222461
51 96.17 0.13211373
61 96.92 0.10861109
71 97.48 0.09072923
81 97.91 0.07585918
91 98.23 0.06431290
101 98.57 0.05491346
111 98.77 0.04727505
121 98.92 0.04229248
131 99.19 0.03482418
141 99.37 0.02959368
151 99.50 0.02495560
161 99.59 0.02162641
171 99.70 0.01872273
181 99.77 0.01609389
191 99.83 0.01368555
200 99.85 0.01219730
