41 100.00 0.00000303
42 100.00 0.00000303
43 100.00 0.00000303
44 100.00 0.00000303
45 100.00 0.00000303
46 100.00 0.00000303
47 100.00 0.00000303
48 100.00 0.00000303
49 100.00 0.00000303
50 100.00 0.00000303
51 100.00 0.00000303
52 100.00 0.00000303
53 100.00 0.00000303
54 100.00 0.00000303
55 100.00 0.00000303
56 100.00 0.00000303
57 100.00 0.00000303
58 100.00 0.00000303
59 100.00 0.00000303
60 100.00 0.00000303
61 100.00 0.00000303
62 100.00 0.00000303
63 100.00 0.00000303
64 100.00 0.00000303
65 100.00 0.00000303
66 100.00 0.00000303
91 100.00 0.00000302
116 100.00 0.00000301
141 100.00 0.00000300
166 100.00 0.00000299
191 100.00 0.00000299
216 100.00 0.00000298
241 100.00 0.00000297
266 100.00 0.00000297
291 100.00 0.00000296
316 100.00 0.00000295
341 100.00 0.00000295
366 100.00 0.00000294
391 100.00 0.00000294
416 100.00 0.00000293
441 100.00 0.00000293
466 100.00 0.00000292
491 100.00 0.00000292
516 100.00 0.00000291
541 100.00 0.00000290
566 100.00 0.00000290
591 100.00 0.00000289
616 100.00 0.00000289
641 100.00 0.00000288
666 100.00 0.00000287
691 100.00 0.00000287
716 100.00 0.00000286
741 100.00 0.00000285
766 100.00 0.00000285
791 100.00 0.00000285
816 100.00 0.00000284
841 100.00 0.00000284
866 100.00 0.00000283
891 100.00 0.00000282
916 100.00 0.00000282
941 100.00 0.00000281
966 100.00 0.00000280
991 100.00 0.00000280
1016 100.00 0.00000279
1040 100.00 0.00000279
