1 38.00 2.23097248
2 25.60 2.01029339
3 46.80 1.73455305
4 20.00 2.10772066
5 38.80 1.43938718
6 37.20 1.93680589
7 70.80 1.02075732
8 34.40 1.58240478
9 83.20 0.61794277
10 86.40 0.53707870
11 60.00 1.15406096
12 95.60 0.32930887
13 78.40 0.79708265
14 89.20 0.32929896
15 94.40 0.16959983
16 95.20 0.15533868
17 99.20 0.07347317
18 99.60 0.03645080
19 100.00 0.02920565
20 100.00 0.01786891
21 100.00 0.01389581
22 100.00 0.01107088
23 100.00 0.00935807
24 100.00 0.00784257
25 100.00 0.00686521
26 100.00 0.00603525
27 100.00 0.00547553
28 100.00 0.00487749
29 100.00 0.00445030
30 100.00 0.00409007
401 100.00 0.00009236
801 100.00 0.00004106
1201 100.00 0.00002572
1601 100.00 0.00001851
2001 100.00 0.00001435
2401 100.00 0.00001165
2801 100.00 0.00000978
3201 100.00 0.00000840
3601 100.00 0.00000735
4001 100.00 0.00000652
4401 100.00 0.00000585
4801 100.00 0.00000531
5201 100.00 0.00000485
5601 100.00 0.00000445
6001 100.00 0.00000412
6401 100.00 0.00000383
6801 100.00 0.00000358
7200 100.00 0.00000336
