1 65.00 9.71943932
2 27.00 9.05561810
3 50.00 8.52551651
4 30.00 8.04629669
5 20.00 8.31386929
6 30.00 7.34719610
7 19.00 6.85204468
8 39.00 6.28788843
9 41.00 6.08124495
10 45.00 5.37031660
11 33.00 5.33095188
12 46.00 4.58398514
13 17.00 5.89244404
14 32.00 4.64111824
15 29.00 4.29242010
16 53.00 3.74587541
17 46.00 3.45969172
18 43.00 3.08399520
19 58.00 2.88274627
20 28.00 3.44250555
21 54.00 2.89657331
22 51.00 2.54652824
23 41.00 2.81185255
24 46.00 2.28759613
25 53.00 2.36387725
26 48.00 2.26020188
27 46.00 2.02593536
28 45.00 2.17821455
29 66.00 1.69070272
30 48.00 1.94112468
31 58.00 1.81395369
32 52.00 1.80260112
33 58.00 1.54751492
34 32.00 2.44683352
35 50.00 1.84683523
36 55.00 1.61442642
37 53.00 1.56903839
38 57.00 1.56518993
39 60.00 1.49338369
40 54.00 1.61490774
801 100.00 0.52131364
1601 100.00 0.60761120
2401 100.00 0.54764729
3201 100.00 0.50433781
4001 100.00 0.49301279
4801 100.00 0.49133495
5601 100.00 0.48705696
6401 100.00 0.48989884
7201 100.00 0.49031346
8001 100.00 0.48473859
8801 100.00 0.50387013
9601 100.00 0.53284656
10401 100.00 0.48501163
11201 100.00 0.57722802
12001 100.00 0.48384630
12801 100.00 0.48332887
13601 100.00 0.48553723
14401 100.00 0.48153314
15201 100.00 0.48328629
16001 100.00 0.48291994
16801 100.00 0.51660103
17601 100.00 0.48964183
18000 100.00 0.48383771
