1 75.37 0.79769925
2 86.06 0.45065210
3 89.99 0.34227789
4 90.92 0.31143696
5 92.80 0.24675309
6 93.84 0.21231796
7 93.82 0.20834005
8 94.61 0.18186102
9 95.36 0.15691587
10 95.66 0.14528129
13 96.86 0.10652487
17 98.26 0.06319143
21 98.71 0.04789310
25 99.45 0.02578749
29 99.80 0.01510218
33 99.91 0.00977780
37 99.97 0.00631093
41 99.99 0.00470184
45 99.99 0.00355530
49 100.00 0.00255897
53 100.00 0.00209344
57 100.00 0.00173294
61 100.00 0.00150419
65 100.00 0.00127693
69 100.00 0.00112243
73 100.00 0.00100937
77 100.00 0.00090673
80 100.00 0.00083550
