1 33.90 2.02051875
2 63.00 1.00854681
3 82.00 0.58553574
4 86.30 0.45495956
5 86.90 0.38655290
6 90.10 0.28643977
7 94.90 0.20235583
8 96.20 0.16103991
9 80.20 0.56104729
10 97.40 0.11375363
11 96.20 0.12853070
12 98.90 0.06724418
13 98.80 0.06372670
14 99.70 0.03549336
15 99.90 0.02386330
16 99.90 0.01873959
17 100.00 0.01364770
18 100.00 0.01228502
19 100.00 0.01033610
20 100.00 0.00891162
21 100.00 0.00766976
22 100.00 0.00706162
23 100.00 0.00628650
24 100.00 0.00563742
25 100.00 0.00514720
26 100.00 0.00471827
27 100.00 0.00446986
28 100.00 0.00405771
29 100.00 0.00385262
30 100.00 0.00363775
31 100.00 0.00336399
32 100.00 0.00324817
33 100.00 0.00301000
34 100.00 0.00286797
35 100.00 0.00275123
36 100.00 0.00261837
37 100.00 0.00252082
38 100.00 0.00241532
39 100.00 0.00227945
40 100.00 0.00217391
41 100.00 0.00207830
61 100.00 0.00114219
81 100.00 0.00076510
101 100.00 0.00056553
121 100.00 0.00044522
141 100.00 0.00036437
161 100.00 0.00030716
181 100.00 0.00026457
201 100.00 0.00023174
221 100.00 0.00020569
241 100.00 0.00018460
261 100.00 0.00016717
281 100.00 0.00015258
301 100.00 0.00014018
321 100.00 0.00012952
341 100.00 0.00012025
361 100.00 0.00011215
381 100.00 0.00010501
401 100.00 0.00009866
421 100.00 0.00009298
441 100.00 0.00008789
461 100.00 0.00008328
481 100.00 0.00007910
501 100.00 0.00007530
521 100.00 0.00007182
541 100.00 0.00006863
561 100.00 0.00006569
581 100.00 0.00006298
600 100.00 0.00006059
