1 10.00 2.30119905
81 75.20 1.27262163
161 96.40 0.20643847
241 100.00 0.04706071
321 100.00 0.01903660
401 100.00 0.01073171
481 100.00 0.00712725
561 100.00 0.00519673
641 100.00 0.00402293
721 100.00 0.00324593
801 100.00 0.00269903
881 100.00 0.00229626
961 100.00 0.00198902
1041 100.00 0.00174791
1121 100.00 0.00155436
1201 100.00 0.00139598
1281 100.00 0.00126429
1361 100.00 0.00115329
1441 100.00 0.00105863
1521 100.00 0.00097708
1601 100.00 0.00090616
1681 100.00 0.00084398
1761 100.00 0.00078910
1841 100.00 0.00074034
1921 100.00 0.00069677
2001 100.00 0.00065763
2081 100.00 0.00062228
2161 100.00 0.00059022
2241 100.00 0.00056104
2321 100.00 0.00053437
2400 100.00 0.00051020
