1 10.00 2.30257624
2 10.00 2.30246401
3 10.00 2.30243063
4 10.00 2.30239493
5 10.00 2.30232936
6 10.00 2.30217421
7 10.00 2.30214292
8 10.00 2.30209190
9 10.00 2.30202651
10 10.00 2.30195427
11 10.00 2.30191940
12 10.00 2.30181682
13 10.00 2.30178356
14 10.00 2.30172473
15 10.00 2.30163151
16 10.00 2.30157864
17 10.00 2.30149353
18 10.00 2.30146199
19 10.10 2.30135584
20 10.10 2.30135280
21 10.10 2.30128866
22 10.10 2.30121928
23 10.10 2.30117130
24 10.10 2.30103177
25 10.20 2.30103129
26 10.20 2.30096179
27 10.30 2.30089837
28 10.50 2.30082792
29 10.50 2.30073828
30 10.80 2.30067277
31 10.90 2.30061942
32 11.20 2.30059218
33 11.40 2.30049253
34 11.70 2.30043757
35 11.80 2.30035549
36 12.10 2.30027926
37 12.40 2.30019212
38 12.80 2.30013371
39 12.80 2.30003506
40 13.20 2.29997820
41 13.50 2.29991692
42 13.80 2.29983884
43 14.20 2.29977977
44 14.70 2.29975182
45 14.70 2.29964775
46 14.80 2.29961532
47 15.00 2.29954749
48 15.40 2.29945576
49 15.50 2.29939902
50 15.90 2.29934174
51 16.10 2.29919100
52 16.20 2.29917520
53 16.30 2.29909688
54 16.30 2.29900897
55 16.40 2.29891956
56 16.50 2.29887557
57 16.50 2.29875743
58 16.80 2.29872710
59 17.10 2.29864013
60 17.10 2.29853529
61 17.10 2.29850847
62 17.20 2.29839468
63 17.20 2.29832035
64 17.20 2.29825246
65 17.30 2.29813445
66 17.20 2.29810399
67 17.30 2.29805154
68 17.40 2.29794383
69 17.40 2.29788470
70 17.50 2.29777277
71 17.50 2.29769915
72 17.50 2.29759914
73 17.40 2.29753733
74 17.40 2.29747421
75 17.40 2.29739159
76 17.40 2.29728907
77 17.30 2.29725105
78 17.40 2.29709822
79 17.30 2.29701185
80 17.30 2.29694092
81 17.30 2.29685742
82 17.50 2.29674596
83 17.60 2.29666919
84 17.80 2.29657537
85 17.70 2.29651028
86 17.90 2.29638159
87 18.00 2.29630464
88 18.00 2.29621953
89 18.10 2.29612786
90 18.40 2.29601902
91 18.30 2.29588723
92 18.40 2.29582548
93 18.80 2.29571408
94 18.90 2.29559559
95 19.00 2.29551512
96 19.20 2.29542357
97 19.80 2.29532385
98 20.00 2.29518664
99 20.10 2.29508483
100 20.10 2.29496890
101 20.40 2.29488611
151 30.00 2.28710848
201 31.80 2.26870143
251 28.60 2.20492113
301 30.30 1.93729082
351 43.60 1.40171608
401 53.40 1.13894680
451 59.70 1.01845907
501 62.60 0.96468942
551 64.60 0.86241864
601 71.00 0.76931575
651 72.80 0.72394256
701 73.00 0.71506472
751 78.30 0.62855348
801 80.10 0.58609882
851 80.70 0.54640134
901 82.20 0.53553845
951 84.70 0.46042504
1001 82.00 0.47914243
1051 86.10 0.39492831
1101 86.30 0.39481353
1151 87.50 0.37586834
1201 87.00 0.36041597
1251 90.00 0.30101753
1301 92.00 0.26602307
1351 90.50 0.28355379
1401 93.10 0.22014142
1451 94.80 0.18396341
1501 94.60 0.17701916
1551 95.80 0.13914043
1601 95.60 0.13237819
1651 97.30 0.10576145
1701 97.80 0.08106773
1751 97.60 0.09407973
1801 98.10 0.07232254
1851 99.00 0.05156049
1901 99.70 0.04860865
1951 99.70 0.03534451
2001 99.80 0.03002435
2051 99.90 0.02483801
2101 100.00 0.01905881
2151 100.00 0.01699771
2201 100.00 0.01328405
2251 100.00 0.01146976
2301 100.00 0.00974673
2351 100.00 0.00891229
2400 100.00 0.00781492
