1 21.60 2.29525170
2 26.40 2.28947178
3 29.10 2.28328367
4 31.50 2.27643275
5 33.90 2.26861429
6 35.40 2.25951025
7 38.20 2.24873078
8 40.60 2.23566755
9 42.90 2.21960752
10 46.80 2.19961765
11 48.30 2.17428058
12 48.30 2.14195452
13 51.40 2.10052053
14 53.50 2.04750279
15 56.30 1.98005019
16 57.20 1.89628695
17 63.20 1.79578351
18 65.90 1.68048626
19 69.30 1.55434912
20 73.40 1.42594265
21 74.50 1.29824159
22 76.40 1.18095466
23 76.00 1.07012105
24 78.70 0.97337490
25 79.30 0.89326555
26 79.30 0.82988248
27 82.40 0.76609714
28 82.00 0.71662245
29 82.20 0.67772817
30 83.60 0.63648870
31 82.70 0.60513056
32 84.60 0.56809597
33 85.30 0.54173393
34 86.30 0.51575038
35 85.60 0.49592868
36 87.10 0.47444539
37 87.40 0.46158325
38 87.90 0.43371806
39 88.30 0.41503489
40 89.40 0.40279351
41 88.90 0.39634768
61 95.40 0.18753073
81 98.80 0.09204549
101 100.00 0.04771557
121 100.00 0.02735867
141 100.00 0.01771122
161 100.00 0.01251873
181 100.00 0.00948891
201 100.00 0.00744875
221 100.00 0.00606368
241 100.00 0.00506715
261 100.00 0.00432591
281 100.00 0.00375043
301 100.00 0.00328980
321 100.00 0.00292716
341 100.00 0.00262256
361 100.00 0.00237092
381 100.00 0.00215988
401 100.00 0.00197899
421 100.00 0.00182301
441 100.00 0.00168748
461 100.00 0.00156911
481 100.00 0.00146428
501 100.00 0.00137118
521 100.00 0.00128806
541 100.00 0.00121356
561 100.00 0.00114644
581 100.00 0.00108562
600 100.00 0.00103280
