41 100.00 0.00000296
42 100.00 0.00000286
43 100.00 0.00000280
44 100.00 0.00000274
45 100.00 0.00000270
46 100.00 0.00000265
47 100.00 0.00000261
48 100.00 0.00000257
49 100.00 0.00000254
50 100.00 0.00000251
51 100.00 0.00000248
52 100.00 0.00000245
53 100.00 0.00000243
54 100.00 0.00000241
55 100.00 0.00000239
56 100.00 0.00000236
57 100.00 0.00000234
58 100.00 0.00000232
59 100.00 0.00000229
60 100.00 0.00000227
61 100.00 0.00000226
62 100.00 0.00000224
63 100.00 0.00000223
64 100.00 0.00000221
65 100.00 0.00000219
66 100.00 0.00000217
91 100.00 0.00000184
116 100.00 0.00000164
141 100.00 0.00000147
166 100.00 0.00000136
191 100.00 0.00000125
216 100.00 0.00000118
241 100.00 0.00000110
266 100.00 0.00000104
291 100.00 0.00000098
316 100.00 0.00000094
341 100.00 0.00000090
366 100.00 0.00000086
391 100.00 0.00000082
416 100.00 0.00000080
441 100.00 0.00000077
466 100.00 0.00000074
491 100.00 0.00000071
516 100.00 0.00000069
541 100.00 0.00000067
566 100.00 0.00000065
591 100.00 0.00000064
616 100.00 0.00000062
641 100.00 0.00000060
666 100.00 0.00000058
691 100.00 0.00000056
716 100.00 0.00000055
741 100.00 0.00000054
766 100.00 0.00000054
791 100.00 0.00000052
816 100.00 0.00000051
841 100.00 0.00000050
866 100.00 0.00000049
891 100.00 0.00000047
916 100.00 0.00000046
941 100.00 0.00000046
966 100.00 0.00000045
991 100.00 0.00000044
1016 100.00 0.00000043
1040 100.00 0.00000043
