1 10.00 2.30109074
81 100.00 0.00107768
161 100.00 0.00027342
241 100.00 0.00014876
321 100.00 0.00010017
401 100.00 0.00007461
481 100.00 0.00005897
561 100.00 0.00004851
641 100.00 0.00004105
721 100.00 0.00003550
801 100.00 0.00003120
881 100.00 0.00002778
961 100.00 0.00002500
1041 100.00 0.00002269
1121 100.00 0.00002076
1201 100.00 0.00001911
1281 100.00 0.00001768
1361 100.00 0.00001644
1441 100.00 0.00001536
1521 100.00 0.00001440
1601 100.00 0.00001354
1681 100.00 0.00001278
1761 100.00 0.00001209
1841 100.00 0.00001147
1921 100.00 0.00001090
2001 100.00 0.00001038
2081 100.00 0.00000992
2161 100.00 0.00000948
2241 100.00 0.00000908
2321 100.00 0.00000871
2400 100.00 0.00000838
