1 15.00 2.30161285
2 17.00 2.30081439
3 20.00 2.30004257
4 19.00 2.29929644
5 20.00 2.29854614
6 20.00 2.29776871
7 20.00 2.29696536
8 20.00 2.29611045
9 20.00 2.29515141
10 17.00 2.29415131
11 12.00 2.29303211
12 26.00 2.29175866
13 36.00 2.29033399
14 41.00 2.28877032
15 49.00 2.28700900
16 62.00 2.28500086
17 72.00 2.28274852
18 72.00 2.28008878
19 76.00 2.27696389
20 75.00 2.27343714
21 78.00 2.26911694
41 54.00 1.16873570
61 85.00 0.31140527
81 100.00 0.00770848
101 100.00 0.00262718
121 100.00 0.00149332
141 100.00 0.00101869
161 100.00 0.00076256
181 100.00 0.00060458
201 100.00 0.00049771
221 100.00 0.00042116
241 100.00 0.00036378
261 100.00 0.00031925
281 100.00 0.00028386
301 100.00 0.00025521
321 100.00 0.00023138
341 100.00 0.00021139
361 100.00 0.00019438
381 100.00 0.00017973
401 100.00 0.00016697
421 100.00 0.00015582
441 100.00 0.00014597
461 100.00 0.00013724
481 100.00 0.00012941
501 100.00 0.00012236
521 100.00 0.00011602
541 100.00 0.00011025
561 100.00 0.00010500
581 100.00 0.00010019
601 100.00 0.00009575
621 100.00 0.00009168
641 100.00 0.00008792
661 100.00 0.00008444
681 100.00 0.00008120
701 100.00 0.00007818
721 100.00 0.00007536
741 100.00 0.00007274
761 100.00 0.00007027
781 100.00 0.00006794
801 100.00 0.00006577
821 100.00 0.00006372
841 100.00 0.00006178
861 100.00 0.00005995
881 100.00 0.00005824
901 100.00 0.00005659
921 100.00 0.00005503
941 100.00 0.00005355
961 100.00 0.00005215
981 100.00 0.00005080
1001 100.00 0.00004953
1021 100.00 0.00004831
1041 100.00 0.00004716
1061 100.00 0.00004604
1081 100.00 0.00004498
1101 100.00 0.00004397
1121 100.00 0.00004299
1141 100.00 0.00004205
1161 100.00 0.00004115
1181 100.00 0.00004028
1201 100.00 0.00003945
1221 100.00 0.00003865
1241 100.00 0.00003787
1261 100.00 0.00003714
1281 100.00 0.00003643
1301 100.00 0.00003572
1321 100.00 0.00003506
1341 100.00 0.00003441
1361 100.00 0.00003379
1381 100.00 0.00003319
1401 100.00 0.00003260
1421 100.00 0.00003204
1441 100.00 0.00003149
1461 100.00 0.00003096
1481 100.00 0.00003045
1501 100.00 0.00002995
1521 100.00 0.00002946
1541 100.00 0.00002899
1561 100.00 0.00002854
1581 100.00 0.00002811
1601 100.00 0.00002768
1621 100.00 0.00002726
1641 100.00 0.00002685
1661 100.00 0.00002645
1681 100.00 0.00002607
1701 100.00 0.00002569
1721 100.00 0.00002533
1741 100.00 0.00002497
1761 100.00 0.00002463
1781 100.00 0.00002428
1801 100.00 0.00002396
1821 100.00 0.00002363
1841 100.00 0.00002332
1861 100.00 0.00002302
1881 100.00 0.00002272
1901 100.00 0.00002244
1921 100.00 0.00002215
1941 100.00 0.00002187
1961 100.00 0.00002159
1981 100.00 0.00002133
2001 100.00 0.00002108
2021 100.00 0.00002081
2041 100.00 0.00002058
2061 100.00 0.00002033
2081 100.00 0.00002009
2101 100.00 0.00001988
2121 100.00 0.00001964
2141 100.00 0.00001942
2161 100.00 0.00001920
2181 100.00 0.00001900
2201 100.00 0.00001879
2221 100.00 0.00001858
2241 100.00 0.00001837
2261 100.00 0.00001818
2281 100.00 0.00001800
2301 100.00 0.00001781
2321 100.00 0.00001762
2341 100.00 0.00001745
2361 100.00 0.00001726
2381 100.00 0.00001708
2401 100.00 0.00001692
2421 100.00 0.00001675
2441 100.00 0.00001658
2461 100.00 0.00001642
2481 100.00 0.00001626
2501 100.00 0.00001611
2521 100.00 0.00001595
2541 100.00 0.00001580
2561 100.00 0.00001566
2581 100.00 0.00001552
2601 100.00 0.00001537
2621 100.00 0.00001523
2641 100.00 0.00001509
2661 100.00 0.00001496
2681 100.00 0.00001483
2701 100.00 0.00001469
2721 100.00 0.00001457
2741 100.00 0.00001444
2761 100.00 0.00001430
2781 100.00 0.00001418
2801 100.00 0.00001407
2821 100.00 0.00001394
2841 100.00 0.00001383
2861 100.00 0.00001372
2881 100.00 0.00001361
2901 100.00 0.00001349
2921 100.00 0.00001338
2941 100.00 0.00001327
2961 100.00 0.00001317
2981 100.00 0.00001307
3001 100.00 0.00001296
3021 100.00 0.00001286
3041 100.00 0.00001276
3061 100.00 0.00001266
3081 100.00 0.00001256
3101 100.00 0.00001247
3121 100.00 0.00001238
3141 100.00 0.00001227
3161 100.00 0.00001218
3181 100.00 0.00001209
3201 100.00 0.00001200
3221 100.00 0.00001192
3241 100.00 0.00001183
3261 100.00 0.00001175
3281 100.00 0.00001166
3301 100.00 0.00001158
3321 100.00 0.00001150
3341 100.00 0.00001141
3361 100.00 0.00001133
3381 100.00 0.00001125
3401 100.00 0.00001117
3421 100.00 0.00001110
3441 100.00 0.00001102
3461 100.00 0.00001095
3481 100.00 0.00001087
3501 100.00 0.00001079
3521 100.00 0.00001072
3541 100.00 0.00001065
3561 100.00 0.00001059
3581 100.00 0.00001050
3601 100.00 0.00001044
3621 100.00 0.00001037
3641 100.00 0.00001031
3661 100.00 0.00001024
3681 100.00 0.00001017
3701 100.00 0.00001011
3721 100.00 0.00001004
3741 100.00 0.00000998
3761 100.00 0.00000991
3781 100.00 0.00000986
3801 100.00 0.00000980
3821 100.00 0.00000973
3841 100.00 0.00000968
3861 100.00 0.00000962
3881 100.00 0.00000956
3901 100.00 0.00000950
3921 100.00 0.00000945
3941 100.00 0.00000939
3961 100.00 0.00000934
3981 100.00 0.00000927
4001 100.00 0.00000923
4021 100.00 0.00000917
4041 100.00 0.00000912
4061 100.00 0.00000906
4081 100.00 0.00000901
4101 100.00 0.00000896
4121 100.00 0.00000891
4141 100.00 0.00000885
4161 100.00 0.00000880
4181 100.00 0.00000876
4201 100.00 0.00000871
4221 100.00 0.00000866
4241 100.00 0.00000861
4261 100.00 0.00000857
4281 100.00 0.00000852
4301 100.00 0.00000847
4321 100.00 0.00000843
4341 100.00 0.00000838
4361 100.00 0.00000833
4381 100.00 0.00000829
4401 100.00 0.00000824
4421 100.00 0.00000820
4441 100.00 0.00000816
4461 100.00 0.00000811
4481 100.00 0.00000808
4501 100.00 0.00000802
4521 100.00 0.00000798
4541 100.00 0.00000794
4561 100.00 0.00000791
4581 100.00 0.00000787
4601 100.00 0.00000782
4621 100.00 0.00000778
4641 100.00 0.00000774
4661 100.00 0.00000770
4681 100.00 0.00000766
4701 100.00 0.00000763
4721 100.00 0.00000758
4741 100.00 0.00000755
4761 100.00 0.00000752
4781 100.00 0.00000748
4801 100.00 0.00000744
4821 100.00 0.00000740
4841 100.00 0.00000737
4861 100.00 0.00000733
4881 100.00 0.00000730
4901 100.00 0.00000727
4921 100.00 0.00000722
4941 100.00 0.00000719
4961 100.00 0.00000716
4981 100.00 0.00000713
5001 100.00 0.00000709
5021 100.00 0.00000706
5041 100.00 0.00000703
5061 100.00 0.00000699
5081 100.00 0.00000696
5101 100.00 0.00000693
5121 100.00 0.00000690
5141 100.00 0.00000687
5161 100.00 0.00000683
5181 100.00 0.00000681
5201 100.00 0.00000678
5221 100.00 0.00000674
5241 100.00 0.00000671
5261 100.00 0.00000668
5281 100.00 0.00000666
5301 100.00 0.00000663
5321 100.00 0.00000660
5341 100.00 0.00000657
5361 100.00 0.00000654
5381 100.00 0.00000652
5401 100.00 0.00000649
5421 100.00 0.00000646
5441 100.00 0.00000643
5461 100.00 0.00000640
5481 100.00 0.00000637
5501 100.00 0.00000634
5521 100.00 0.00000631
5541 100.00 0.00000629
5561 100.00 0.00000627
5581 100.00 0.00000624
5601 100.00 0.00000622
5621 100.00 0.00000619
5641 100.00 0.00000617
5661 100.00 0.00000614
5681 100.00 0.00000612
5701 100.00 0.00000609
5721 100.00 0.00000605
5741 100.00 0.00000604
5761 100.00 0.00000601
5781 100.00 0.00000598
5801 100.00 0.00000596
5821 100.00 0.00000594
5841 100.00 0.00000591
5861 100.00 0.00000589
5881 100.00 0.00000588
5901 100.00 0.00000585
5921 100.00 0.00000582
5941 100.00 0.00000581
5961 100.00 0.00000578
5981 100.00 0.00000576
6000 100.00 0.00000573
