1 18.60 2.30048980
41 71.60 1.53782536
81 92.40 0.34375415
121 99.00 0.11676287
161 100.00 0.04296471
201 100.00 0.02168160
241 100.00 0.01328025
281 100.00 0.00915819
321 100.00 0.00682691
361 100.00 0.00532758
401 100.00 0.00432575
441 100.00 0.00360938
481 100.00 0.00307762
521 100.00 0.00266888
561 100.00 0.00234690
601 100.00 0.00208724
641 100.00 0.00187447
681 100.00 0.00169704
721 100.00 0.00154738
761 100.00 0.00141960
801 100.00 0.00130943
841 100.00 0.00121363
881 100.00 0.00112964
921 100.00 0.00105547
961 100.00 0.00098959
1001 100.00 0.00093067
1041 100.00 0.00087777
1081 100.00 0.00083003
1121 100.00 0.00078674
1161 100.00 0.00074735
1200 100.00 0.00071222
