1 10.00 2.30264837
2 10.00 2.30261230
3 10.00 2.30249292
4 10.00 2.30242175
5 10.00 2.30237436
6 10.00 2.30227089
7 10.00 2.30216599
8 10.00 2.30213487
9 10.00 2.30199897
10 10.00 2.30193430
11 10.00 2.30184573
12 10.00 2.30176389
13 10.00 2.30169737
14 10.00 2.30160451
15 10.00 2.30155033
16 10.00 2.30144721
17 10.00 2.30133611
18 10.00 2.30127794
19 10.00 2.30119133
20 10.00 2.30110776
21 10.10 2.30101043
22 10.10 2.30098695
23 10.10 2.30088383
24 10.20 2.30082685
25 10.20 2.30072826
26 10.20 2.30065268
27 10.30 2.30055743
28 10.40 2.30047929
29 10.60 2.30037636
30 10.70 2.30033672
31 10.70 2.30027533
32 10.80 2.30018234
33 10.90 2.30005389
34 11.20 2.29999804
35 11.40 2.29992110
36 11.50 2.29984856
37 11.70 2.29973912
38 12.00 2.29969645
39 12.00 2.29962391
40 12.30 2.29951692
41 13.00 2.29941529
42 13.50 2.29934663
43 13.70 2.29925823
44 13.70 2.29919755
45 13.90 2.29906482
46 14.00 2.29901677
47 14.30 2.29891759
48 14.30 2.29885399
49 14.40 2.29875171
50 14.50 2.29867989
51 14.60 2.29855466
52 14.70 2.29849100
53 14.90 2.29838467
54 15.00 2.29830778
55 15.00 2.29820108
56 15.00 2.29813540
57 15.10 2.29799467
58 15.30 2.29793125
59 15.30 2.29783601
60 15.40 2.29772538
61 15.60 2.29764616
62 15.90 2.29756260
63 15.90 2.29745144
64 16.00 2.29735547
65 16.20 2.29726368
66 16.80 2.29715824
67 16.90 2.29702079
68 17.30 2.29694861
69 17.50 2.29683465
70 18.00 2.29672843
71 18.80 2.29665321
72 18.80 2.29653680
73 19.40 2.29643965
74 19.80 2.29633373
75 19.90 2.29625696
76 20.30 2.29612118
77 20.70 2.29603481
78 21.20 2.29591602
79 21.40 2.29581404
80 21.30 2.29571211
81 21.60 2.29558283
82 22.10 2.29546428
83 22.80 2.29536402
84 23.00 2.29523975
85 23.50 2.29513341
86 23.60 2.29502952
87 23.80 2.29492503
88 24.10 2.29479003
89 24.40 2.29469341
90 24.50 2.29458147
91 24.80 2.29445523
92 25.20 2.29430979
93 25.50 2.29418850
94 25.80 2.29405594
95 25.80 2.29396474
96 25.80 2.29384106
97 26.10 2.29370999
98 26.20 2.29356366
99 26.70 2.29344058
100 26.60 2.29331678
101 26.60 2.29316550
151 33.40 2.28343725
201 29.50 2.25833893
251 27.00 2.15964824
301 28.00 1.88089544
351 49.30 1.35936821
401 58.60 1.06951630
451 61.70 0.91591921
501 68.60 0.82041372
551 70.90 0.77095857
601 72.30 0.76144059
651 72.70 0.74734850
701 70.10 0.82153648
751 78.70 0.62720142
801 71.90 0.72055136
851 80.00 0.56361445
901 82.70 0.48308132
951 77.80 0.57276374
1001 77.90 0.57829820
1051 87.10 0.38654706
1101 87.00 0.36097705
1151 88.40 0.32150073
1201 88.40 0.33010929
1251 89.40 0.31640787
1301 89.80 0.29092035
1351 93.00 0.22869230
1401 93.60 0.20079352
1451 95.30 0.17270592
1501 96.30 0.15657011
1551 97.20 0.12676347
1601 97.40 0.11232546
1651 96.30 0.12156711
1701 98.10 0.09651309
1751 95.80 0.14640806
1801 99.40 0.06234176
1851 99.40 0.04772294
1901 99.60 0.04790256
1951 99.90 0.03752079
2001 100.00 0.02250938
2051 100.00 0.01751223
2101 100.00 0.01346912
2151 100.00 0.01102282
2201 100.00 0.00913543
2251 100.00 0.00777895
2301 100.00 0.00680428
2351 100.00 0.00594274
2400 100.00 0.00532602
