1 34.35 29.68189335
2 21.75 19.96575909
3 22.25 12.88670936
4 16.65 7.98972168
5 11.90 4.94493804
6 10.00 3.26640604
7 10.00 2.51452183
8 10.00 2.37204595
9 10.00 2.37002318
10 10.00 2.36950150
11 10.00 2.36937381
12 10.00 2.36934881
13 10.00 2.36935025
14 10.00 2.36931051
15 10.00 2.36931815
16 10.00 2.36927764
17 10.00 2.36926630
18 10.00 2.36930014
19 10.00 2.36932226
20 10.00 2.36930521
201 10.00 2.36927817
401 10.00 2.36933914
601 10.00 2.36929654
801 10.00 2.36933824
1001 10.00 2.36935030
1201 10.00 2.36932321
1401 10.00 2.36935811
1601 10.00 2.36932437
1801 10.00 2.36930214
2001 10.00 2.36933581
2201 10.00 2.36929412
2401 10.00 2.36935816
2601 10.00 2.36929390
2801 10.00 2.36930250
3001 10.00 2.36931117
3201 10.00 2.36933374
3401 10.00 2.36933582
3600 10.00 2.36931310
