1 10.00 2.29982157
41 44.00 1.26561825
81 77.60 0.67325257
121 83.20 0.52981397
161 97.20 0.10165081
201 98.80 0.04264512
241 99.60 0.04540341
281 100.00 0.00224564
321 100.00 0.00105635
361 100.00 0.00067402
401 100.00 0.00048847
441 100.00 0.00037928
481 100.00 0.00030832
521 100.00 0.00025829
561 100.00 0.00022161
601 100.00 0.00019346
641 100.00 0.00017136
681 100.00 0.00015344
721 100.00 0.00013869
761 100.00 0.00012630
801 100.00 0.00011582
841 100.00 0.00010683
881 100.00 0.00009906
921 100.00 0.00009227
961 100.00 0.00008631
1001 100.00 0.00008101
1041 100.00 0.00007629
1081 100.00 0.00007205
1121 100.00 0.00006823
1161 100.00 0.00006478
1201 100.00 0.00006162
1241 100.00 0.00005874
1281 100.00 0.00005611
1321 100.00 0.00005368
1361 100.00 0.00005143
1401 100.00 0.00004936
1441 100.00 0.00004745
1481 100.00 0.00004567
1521 100.00 0.00004400
1561 100.00 0.00004244
1601 100.00 0.00004099
1641 100.00 0.00003963
1681 100.00 0.00003833
1721 100.00 0.00003712
1761 100.00 0.00003598
1801 100.00 0.00003492
1841 100.00 0.00003390
1881 100.00 0.00003293
1920 100.00 0.00003204
