1 55.45 3.02849339
2 34.25 2.80548148
3 37.95 2.79532565
4 40.40 2.49808587
5 40.00 2.43308806
6 52.50 2.18501729
7 51.80 2.18478811
8 62.10 1.95734582
9 69.30 1.74496292
10 69.10 1.76403810
11 59.50 2.03762987
12 68.30 1.61086742
13 76.10 1.42186466
14 76.70 1.44225644
15 86.75 1.19866717
16 77.05 1.40741265
17 87.90 1.10762710
18 92.85 1.00880449
19 94.65 0.94333423
20 93.75 0.96157736
201 100.00 0.31821640
401 97.85 0.28709937
601 100.00 0.16767821
801 100.00 0.14381059
1001 98.95 0.21457198
1201 82.05 0.74530027
1401 97.45 0.23665520
1601 91.70 0.42130090
1801 98.75 0.18114267
2001 100.00 0.11718891
2201 100.00 0.11297617
2401 98.15 0.21084524
2601 100.00 0.12243670
2801 93.65 0.28456631
3001 100.00 0.11217859
3201 100.00 0.10811894
3401 100.00 0.10540939
3600 100.00 0.10227415
