1 10.00 2.30279654
41 35.20 2.29700800
81 67.40 2.28046404
121 40.40 1.94452806
161 82.40 0.47454813
201 99.20 0.07497833
241 100.00 0.01560962
281 100.00 0.00665337
321 100.00 0.00389305
361 100.00 0.00264816
401 100.00 0.00195550
441 100.00 0.00153042
481 100.00 0.00124159
521 100.00 0.00103569
561 100.00 0.00088390
601 100.00 0.00076767
641 100.00 0.00067589
681 100.00 0.00060187
721 100.00 0.00054115
761 100.00 0.00049058
801 100.00 0.00044785
841 100.00 0.00041140
881 100.00 0.00037982
921 100.00 0.00035236
961 100.00 0.00032830
1001 100.00 0.00030700
1041 100.00 0.00028806
1081 100.00 0.00027115
1121 100.00 0.00025590
1161 100.00 0.00024215
1200 100.00 0.00022997
