1 10.00 45.81306195
2 9.00 2.51276898
3 11.00 2.30127138
4 10.00 2.30177730
5 10.00 2.30337912
6 10.00 2.30263305
7 10.00 2.30143905
8 11.00 2.30075181
9 11.00 2.29972756
10 10.00 2.29925555
11 10.00 2.29879010
12 10.00 2.29818374
13 10.00 2.29784709
14 10.00 2.29711056
15 10.00 2.29646426
16 11.00 2.29584289
17 13.00 2.29455847
18 18.00 2.28980511
19 13.00 2.28509045
20 15.00 2.28512555
21 13.00 2.28268611
22 11.00 2.28068686
23 11.00 2.27930039
24 11.00 2.27793837
25 12.00 2.27669638
26 12.00 2.27542531
27 11.00 2.27425891
28 11.00 2.27289581
29 11.00 2.27164537
30 11.00 2.27058244
31 11.00 2.26957172
32 11.00 2.26864666
33 11.00 2.26765943
34 11.00 2.26673001
35 11.00 2.26585746
36 11.00 2.26506472
37 11.00 2.26414531
38 11.00 2.26334250
39 11.00 2.26257890
40 11.00 2.25811934
41 10.00 2.25532115
42 10.00 2.25265831
43 10.00 2.25102252
44 10.00 2.24961662
45 10.00 2.24795258
46 10.00 2.24655825
47 10.00 2.24527979
48 11.00 2.24391186
49 11.00 2.24276942
50 11.00 2.24122667
51 11.00 2.24000758
52 11.00 2.23830867
53 11.00 2.23728657
54 11.00 2.23562711
55 11.00 2.23434180
56 11.00 2.23316324
57 11.00 2.23207927
58 11.00 2.23077339
59 11.00 2.22938055
60 11.00 2.22806239
61 11.00 2.22684532
62 11.00 2.22571963
63 12.00 2.22464401
64 12.00 2.22331947
65 12.00 2.22114503
66 12.00 2.21990067
67 12.00 2.21867096
68 12.00 2.21743739
69 12.00 2.21590376
70 12.00 2.21423781
71 12.00 2.21273690
72 12.00 2.21130592
73 12.00 2.20645428
74 12.00 2.19954777
75 13.00 2.19587368
76 13.00 2.19267535
77 13.00 2.19046676
78 13.00 2.18831670
79 13.00 2.18621278
80 15.00 2.18438816
81 15.00 2.18299812
82 15.00 2.18113351
83 15.00 2.17970359
84 16.00 2.17815053
85 17.00 2.17625159
86 17.00 2.17427105
87 17.00 2.17243904
88 17.00 2.17048812
89 17.00 2.16934961
90 17.00 2.16750628
91 18.00 2.16624498
92 18.00 2.16459036
93 19.00 2.16301352
94 19.00 2.16179633
95 19.00 2.16024828
96 19.00 2.15990222
97 19.00 2.15777069
98 19.00 2.15566772
99 19.00 2.14843124
100 19.00 2.14554429
101 19.00 2.14264095
201 32.00 1.71560791
301 36.00 1.57952714
401 44.00 1.49377397
501 45.00 1.42540559
601 45.00 1.38646418
701 48.00 1.33609170
801 49.00 1.28345761
901 49.00 1.25373131
1001 49.00 1.22499767
1101 50.00 1.19963178
1201 50.00 1.18558100
1301 49.00 1.16528893
1401 56.00 1.16519988
1501 54.00 1.13598555
1601 55.00 1.10929415
1701 55.00 1.10801655
1801 55.00 1.08129793
1901 56.00 1.08441418
2001 56.00 1.08921319
2101 57.00 1.05699763
2201 55.00 1.03937458
2301 50.00 1.03752315
2401 51.00 1.15613455
2501 51.00 1.03155394
2601 59.00 1.06436545
2701 56.00 0.99460708
2801 40.00 1.35387507
2901 58.00 0.96340455
3001 58.00 0.95209953
3101 66.00 0.88609713
3201 62.00 0.92654724
3301 66.00 0.83016957
3401 58.00 0.91317002
3501 67.00 0.77544831
3601 68.00 0.75740044
3701 71.00 0.74443918
3801 70.00 0.73975857
3901 72.00 0.70634060
4001 61.00 0.78358512
4101 72.00 0.70167659
4201 75.00 0.66750917
4301 81.00 0.64953762
4401 82.00 0.62891376
4501 81.00 0.61118712
4601 82.00 0.59483995
4701 83.00 0.58814284
4801 83.00 0.56441039
4901 84.00 0.54068495
5001 83.00 0.52366724
5101 88.00 0.50047730
5201 85.00 0.47339401
5301 83.00 0.48283675
5401 85.00 0.46487514
5501 88.00 0.44954511
5601 79.00 0.50661549
5701 83.00 0.46617671
5801 87.00 0.42137617
5901 87.00 0.40678490
6001 90.00 0.38294748
6101 88.00 0.38999166
6201 90.00 0.39458619
6301 89.00 0.36280499
6401 88.00 0.36557789
6501 89.00 0.35337683
6601 89.00 0.34159514
6701 86.00 0.42893328
6801 89.00 0.32918455
6901 92.00 0.31722501
7001 92.00 0.33282349
7101 91.00 0.30023635
7201 91.00 0.40555537
7301 96.00 0.30920739
7401 97.00 0.28399449
7501 98.00 0.25838837
7601 99.00 0.25693909
7701 99.00 0.22128664
7801 99.00 0.21725130
7901 99.00 0.18861835
8001 99.00 0.19725891
8101 99.00 0.16541223
8201 99.00 0.16001695
8301 94.00 0.23226060
8401 99.00 0.13690023
8501 100.00 0.17009900
8601 100.00 0.12804052
8701 100.00 0.12182187
8801 100.00 0.11378804
8901 100.00 0.10627164
9001 100.00 0.11133017
9101 100.00 0.09985494
9201 100.00 0.09226787
9301 100.00 0.09087588
9401 100.00 0.09487587
9501 100.00 0.08501587
9601 100.00 0.13200524
9701 100.00 0.08462588
9801 100.00 0.08110203
9901 100.00 0.07598624
10001 100.00 0.08516575
10101 100.00 0.07448403
10201 100.00 0.07142246
10301 100.00 0.07157193
10401 100.00 0.07278238
10501 100.00 0.06730503
10601 100.00 0.06508065
10701 100.00 0.09157583
10801 100.00 0.06054884
10901 100.00 0.06026720
11001 100.00 0.06034733
11101 100.00 0.05723840
11201 100.00 0.05506063
11301 100.00 0.06313182
11401 100.00 0.06184950
11501 100.00 0.05312468
11601 100.00 0.05377885
11701 100.00 0.05192743
11801 100.00 0.05957334
11901 100.00 0.04978455
12001 100.00 0.05777292
12101 100.00 0.05222398
12201 100.00 0.05038316
12301 100.00 0.04966762
12401 100.00 0.04690404
12501 100.00 0.04806720
12601 100.00 0.05017499
12701 100.00 0.04749028
12801 100.00 0.04603063
12901 100.00 0.04336043
13001 100.00 0.04479772
13101 100.00 0.04765072
13201 100.00 0.04402541
13301 100.00 0.04140197
13401 100.00 0.04419741
13501 100.00 0.04572157
13601 100.00 0.06692427
13701 100.00 0.03948499
13801 100.00 0.04359501
13901 100.00 0.04226021
14001 100.00 0.04519956
14101 100.00 0.03960230
14201 100.00 0.03676216
14301 100.00 0.04249591
14401 100.00 0.05055745
14501 100.00 0.04028286
14601 100.00 0.04083240
14701 100.00 0.03578123
14801 100.00 0.03644015
14901 100.00 0.03874029
15001 100.00 0.03842136
15101 100.00 0.03664201
15201 100.00 0.03370020
15301 100.00 0.03491801
15401 100.00 0.03817415
15501 100.00 0.03264896
15601 100.00 0.03428765
15701 100.00 0.03253906
15801 100.00 0.03655759
15901 100.00 0.03195393
16001 100.00 0.04435239
16101 100.00 0.03197633
16201 100.00 0.03069664
16301 100.00 0.03152432
16401 100.00 0.03267604
16501 100.00 0.03215829
16601 100.00 0.03660370
16701 100.00 0.02976714
16801 100.00 0.03348479
16901 100.00 0.03378666
17001 100.00 0.02806556
17101 100.00 0.03459983
17201 100.00 0.03110972
17301 100.00 0.02931037
17401 100.00 0.03032979
17501 100.00 0.02972946
17601 100.00 0.04006725
17701 100.00 0.02662260
17801 100.00 0.02719090
17901 100.00 0.03426154
18001 100.00 0.02792876
18101 100.00 0.02659611
18201 100.00 0.02633684
18301 100.00 0.02761062
18401 100.00 0.02544672
18501 100.00 0.02594168
18601 100.00 0.02528906
18701 100.00 0.02600648
18801 100.00 0.02459631
18901 100.00 0.02751237
19001 100.00 0.02593751
19101 100.00 0.02475680
19201 100.00 0.02408848
19301 100.00 0.02328280
19401 100.00 0.02376306
19501 100.00 0.02309930
19601 100.00 0.02496867
19701 100.00 0.02267091
19801 100.00 0.02258082
19901 100.00 0.02356625
20001 100.00 0.02326510
20101 100.00 0.02207828
20201 100.00 0.02667354
20301 100.00 0.02448278
20401 100.00 0.02571246
20501 100.00 0.02163229
20601 100.00 0.02737630
20701 100.00 0.02178009
20801 100.00 0.02132603
20901 100.00 0.02378350
21001 100.00 0.02065816
21101 100.00 0.02088920
21201 100.00 0.02129928
21301 100.00 0.02086326
21401 100.00 0.02341058
21501 100.00 0.02663735
21601 100.00 0.02222778
21701 100.00 0.02073065
21801 100.00 0.01989930
21901 100.00 0.02137538
22001 100.00 0.02097816
22101 100.00 0.02465039
22201 100.00 0.02952500
22301 100.00 0.01922474
22401 100.00 0.01892268
22501 100.00 0.01903814
22601 100.00 0.01906863
22701 100.00 0.02091458
22801 100.00 0.02112163
22901 100.00 0.02333136
23001 100.00 0.01938347
23101 100.00 0.01912405
23201 100.00 0.01814441
23301 100.00 0.01979299
23401 100.00 0.01778540
23501 100.00 0.01766198
23601 100.00 0.01891386
23701 100.00 0.01753281
23801 100.00 0.01870261
23901 100.00 0.01950042
24001 100.00 0.01817763
24101 100.00 0.01797794
24201 100.00 0.01732426
24301 100.00 0.01674123
24401 100.00 0.01646931
24501 100.00 0.01821384
24601 100.00 0.01665810
24701 100.00 0.01645944
24801 100.00 0.01727928
24901 100.00 0.01838645
25001 100.00 0.01830307
25101 100.00 0.01716333
25201 100.00 0.01691288
25301 100.00 0.01702767
25401 100.00 0.01580157
25501 100.00 0.01530868
25601 100.00 0.02209589
25701 100.00 0.01548944
25801 100.00 0.01548956
25901 100.00 0.01566738
26001 100.00 0.01705699
26101 100.00 0.01544884
26201 100.00 0.01532157
26301 100.00 0.01524282
26401 100.00 0.01454106
26501 100.00 0.01472438
26601 100.00 0.01536253
26701 100.00 0.01463682
26801 100.00 0.01429201
26901 100.00 0.01418609
27001 100.00 0.01438738
27101 100.00 0.01551897
27201 100.00 0.01468905
27301 100.00 0.01379818
27401 100.00 0.01372498
27501 100.00 0.01412271
27601 100.00 0.01347240
27701 100.00 0.01564952
27801 100.00 0.01545059
27901 100.00 0.01349295
28001 100.00 0.01688601
28101 100.00 0.01344921
28201 100.00 0.02078950
28301 100.00 0.01337446
28401 100.00 0.01243712
28501 100.00 0.01405319
28601 100.00 0.01409639
28701 100.00 0.01211993
28801 100.00 0.01333769
28901 100.00 0.01206849
29001 100.00 0.01893224
29101 100.00 0.01268421
29201 100.00 0.01433901
29301 100.00 0.01251301
29401 100.00 0.01249758
29501 100.00 0.01262304
29601 100.00 0.01301336
29701 100.00 0.01274881
29801 100.00 0.01150093
29901 100.00 0.01201160
30001 100.00 0.01179271
30101 100.00 0.01127119
30201 100.00 0.01217367
30301 100.00 0.01147194
30401 100.00 0.01089793
30501 100.00 0.01115859
30601 100.00 0.01216637
30701 100.00 0.01127805
30801 100.00 0.01085611
30901 100.00 0.01078316
31001 100.00 0.01077282
31101 100.00 0.01043186
31201 100.00 0.01245229
31301 100.00 0.01044807
31401 100.00 0.01054697
31501 100.00 0.01078621
31601 100.00 0.01207992
31701 100.00 0.01013480
31801 100.00 0.01022693
31901 100.00 0.01013546
32001 100.00 0.01102290
32101 100.00 0.01007814
32201 100.00 0.01011382
32301 100.00 0.01076091
32401 100.00 0.00982705
32501 100.00 0.00982843
32601 100.00 0.01049822
32701 100.00 0.00981947
32801 100.00 0.00972279
32901 100.00 0.00959429
33001 100.00 0.01003335
33101 100.00 0.00982542
33201 100.00 0.00965002
33301 100.00 0.00958174
33401 100.00 0.00942653
33501 100.00 0.01101350
33601 100.00 0.00928877
33701 100.00 0.00930531
33801 100.00 0.00928084
33901 100.00 0.01408670
34001 100.00 0.00976471
34101 100.00 0.00969788
34201 100.00 0.00978899
34301 100.00 0.00966004
34401 100.00 0.00940768
34501 100.00 0.00900263
34601 100.00 0.00904886
34701 100.00 0.00875261
34801 100.00 0.00920070
34901 100.00 0.00891569
35001 100.00 0.00881332
35101 100.00 0.00873913
35201 100.00 0.00881024
35301 100.00 0.00870957
35401 100.00 0.00914719
35501 100.00 0.00862072
35601 100.00 0.00894074
35701 100.00 0.00924848
35801 100.00 0.00888650
35901 100.00 0.01176199
36000 100.00 0.00829203
