1 36.00 9.72285881
2 42.00 9.08309517
3 30.00 8.59697037
4 35.00 8.12141113
5 12.00 7.99561710
6 42.00 7.12385798
7 38.00 6.82477674
8 44.00 6.07011032
9 40.00 6.13008070
10 48.00 5.41651020
11 34.00 5.32500153
12 62.00 4.65495119
13 56.00 4.27442751
14 57.00 4.13827333
15 57.00 3.71199789
16 60.00 3.28576274
17 47.00 3.69595613
18 57.00 3.24109597
19 38.00 3.61810145
20 64.00 2.74873838
21 45.00 3.01466537
22 43.00 3.26590195
23 53.00 2.61234632
24 64.00 2.36274018
25 76.00 1.95655093
26 31.00 3.08385139
27 50.00 2.65492864
28 51.00 2.30975580
29 67.00 1.89514980
30 71.00 1.60034981
31 72.00 1.63661337
32 45.00 2.30066390
33 62.00 1.49705162
34 63.00 1.43800173
35 67.00 1.51265812
36 74.00 1.19947720
37 74.00 1.25129477
38 85.00 1.08059776
39 43.00 2.29429522
40 78.00 1.41382108
801 76.00 1.40772269
1601 100.00 0.53897114
2401 100.00 0.50206799
3201 100.00 0.48765181
4001 100.00 0.64950931
4801 100.00 0.46905929
5601 100.00 0.46885750
6401 100.00 0.47374721
7201 100.00 0.46927503
8001 100.00 0.48700966
8801 100.00 0.46750221
9601 100.00 0.47021542
10401 100.00 0.48779116
11201 100.00 0.47902540
12001 100.00 0.46648774
12801 100.00 0.46874489
13601 100.00 0.46742243
14401 99.00 0.54883664
15201 100.00 0.47947230
16001 100.00 0.46566275
16801 100.00 0.47236814
17601 100.00 0.46463996
18000 100.00 0.46825839
