1 68.38 0.84691951
2 78.52 0.62605060
3 80.69 0.54972659
4 80.22 0.54442834
5 83.76 0.45787426
6 84.07 0.45070828
7 82.48 0.47117423
8 85.44 0.41633619
9 80.65 0.51798671
10 82.64 0.46129839
11 86.53 0.37712495
12 86.88 0.36592087
13 87.36 0.35282655
14 84.58 0.41391677
15 86.00 0.37521541
16 85.50 0.38827301
17 88.47 0.31942058
18 88.03 0.32757833
19 86.45 0.37908271
20 88.58 0.31052926
21 89.40 0.28953604
22 82.70 0.42912924
23 88.15 0.32819485
24 86.67 0.37775143
25 89.83 0.28093011
26 90.00 0.27055314
27 89.70 0.27730489
28 88.12 0.32157979
29 86.65 0.34433168
30 88.17 0.31788715
31 87.09 0.34644210
32 89.11 0.28719617
33 91.05 0.24562275
34 90.30 0.26308742
35 89.95 0.27452623
36 88.91 0.32014706
37 90.59 0.25441901
38 89.23 0.28238799
39 89.36 0.28792209
40 90.33 0.25738368
