1 36.40 2.26428492
81 100.00 0.00235593
161 100.00 0.00088863
241 100.00 0.00052175
321 100.00 0.00036128
401 100.00 0.00027295
481 100.00 0.00021767
561 100.00 0.00018010
641 100.00 0.00015293
721 100.00 0.00013250
801 100.00 0.00011661
881 100.00 0.00010390
961 100.00 0.00009356
1041 100.00 0.00008497
1121 100.00 0.00007776
1201 100.00 0.00007161
1281 100.00 0.00006630
1361 100.00 0.00006169
1441 100.00 0.00005763
1521 100.00 0.00005404
1601 100.00 0.00005085
1681 100.00 0.00004799
1761 100.00 0.00004541
1841 100.00 0.00004309
1921 100.00 0.00004097
2001 100.00 0.00003904
2081 100.00 0.00003727
2161 100.00 0.00003565
2241 100.00 0.00003416
2321 100.00 0.00003277
2400 100.00 0.00003150
