1 12.00 2.30201602
2 13.00 2.29999614
3 15.00 2.29800653
4 15.00 2.29602313
5 16.00 2.29403543
6 16.00 2.29205346
7 18.00 2.29007339
8 20.00 2.28807211
9 22.00 2.28605843
10 26.00 2.28401661
11 26.00 2.28193903
12 26.00 2.27982926
13 28.00 2.27767920
14 28.00 2.27548051
15 28.00 2.27323103
16 28.00 2.27092671
17 29.00 2.26854086
18 32.00 2.26608133
19 33.00 2.26355743
20 34.00 2.26096106
21 35.00 2.25826669
22 38.00 2.25548983
23 39.00 2.25260901
24 41.00 2.24960423
25 42.00 2.24647498
26 43.00 2.24321985
27 46.00 2.23982978
28 47.00 2.23628712
29 51.00 2.23258996
30 54.00 2.22871375
31 55.00 2.22464228
32 57.00 2.22036815
33 59.00 2.21587324
34 60.00 2.21113443
35 60.00 2.20612741
36 62.00 2.20083165
37 63.00 2.19522381
38 63.00 2.18926978
39 64.00 2.18295717
40 65.00 2.17624736
41 66.00 2.16911674
42 68.00 2.16152382
43 68.00 2.15342903
44 68.00 2.14481068
45 68.00 2.13562489
46 69.00 2.12583733
47 70.00 2.11539340
48 71.00 2.10423040
49 71.00 2.09229922
50 71.00 2.07956243
51 71.00 2.06594968
52 72.00 2.05141425
53 72.00 2.03593302
54 74.00 2.01944089
55 74.00 2.00187945
56 75.00 1.98318517
57 74.00 1.96333492
58 74.00 1.94224644
59 74.00 1.91986728
60 74.00 1.89618194
61 72.00 1.87117946
62 75.00 1.84480250
63 75.00 1.81706655
64 75.00 1.78795040
65 75.00 1.75746763
66 75.00 1.72558010
67 76.00 1.69228518
68 78.00 1.65761411
69 81.00 1.62163162
70 81.00 1.58439493
71 81.00 1.54597545
72 81.00 1.50654721
73 83.00 1.46610463
74 83.00 1.42479551
75 84.00 1.38279521
76 88.00 1.34020686
77 89.00 1.29716599
78 90.00 1.25379217
79 91.00 1.21029770
80 91.00 1.16685283
81 91.00 1.12364244
82 91.00 1.08082879
83 92.00 1.03860080
84 92.00 0.99713212
85 92.00 0.95659065
86 92.00 0.91717499
87 92.00 0.87900156
88 92.00 0.84217864
89 92.00 0.80679506
90 92.00 0.77291852
91 93.00 0.74053782
92 94.00 0.70967573
93 94.00 0.68032408
94 94.00 0.65244973
95 94.00 0.62600493
96 95.00 0.60091698
97 95.00 0.57712245
98 95.00 0.55455381
99 95.00 0.53315473
100 96.00 0.51283234
101 96.00 0.49352631
102 97.00 0.47522104
103 96.00 0.45785826
104 97.00 0.44137380
105 97.00 0.42572734
106 97.00 0.41100335
107 97.00 0.39709228
108 97.00 0.38416305
109 97.00 0.37211379
110 95.00 0.36128375
111 96.00 0.35171336
112 95.00 0.34376034
113 94.00 0.33785111
114 93.00 0.33405054
115 93.00 0.33466610
116 91.00 0.33636206
117 90.00 0.34704265
118 89.00 0.35051402
119 87.00 0.36761838
120 87.00 0.35529760
121 87.00 0.35886750
122 88.00 0.32541618
123 90.00 0.31003952
124 92.00 0.27731350
125 95.00 0.25862575
126 95.00 0.23761025
127 96.00 0.22356498
128 96.00 0.21094604
129 98.00 0.20078270
130 99.00 0.19194296
131 98.00 0.18402836
132 99.00 0.17701757
133 98.00 0.17043258
134 99.00 0.16439466
135 99.00 0.15867987
136 99.00 0.15337148
137 99.00 0.14829844
138 99.00 0.14350007
139 100.00 0.13891153
140 100.00 0.13454415
141 100.00 0.13036285
142 100.00 0.12636213
143 100.00 0.12252367
144 100.00 0.11884222
145 100.00 0.11531177
146 100.00 0.11190774
147 100.00 0.10863975
148 100.00 0.10550406
149 100.00 0.10248161
150 100.00 0.09956977
151 100.00 0.09676207
152 100.00 0.09405875
153 100.00 0.09145255
154 100.00 0.08894077
155 100.00 0.08651614
156 100.00 0.08417998
157 100.00 0.08192896
158 100.00 0.07975552
159 100.00 0.07766239
160 100.00 0.07564114
161 100.00 0.07368930
162 100.00 0.07180904
163 100.00 0.06999005
164 100.00 0.06823409
165 100.00 0.06653927
166 100.00 0.06490250
167 100.00 0.06332398
168 100.00 0.06179684
169 100.00 0.06032343
170 100.00 0.05889777
171 100.00 0.05752071
172 100.00 0.05619103
173 100.00 0.05490340
174 100.00 0.05365997
175 100.00 0.05245633
176 100.00 0.05129294
177 100.00 0.05016640
178 100.00 0.04907588
179 100.00 0.04802043
180 100.00 0.04699740
181 100.00 0.04600731
182 100.00 0.04504864
183 100.00 0.04411856
184 100.00 0.04321855
185 100.00 0.04234531
186 100.00 0.04149951
187 100.00 0.04067875
188 100.00 0.03988394
189 100.00 0.03911180
190 100.00 0.03836259
191 100.00 0.03763603
192 100.00 0.03692959
193 100.00 0.03624416
194 100.00 0.03557790
195 100.00 0.03492991
196 100.00 0.03430070
197 100.00 0.03368913
198 100.00 0.03309467
199 100.00 0.03251652
200 100.00 0.03195430
201 100.00 0.03140719
401 100.00 0.00530542
601 100.00 0.00252554
801 100.00 0.00158334
1001 100.00 0.00112722
1201 100.00 0.00086353
1401 100.00 0.00069373
1601 100.00 0.00057616
1801 100.00 0.00049043
2001 100.00 0.00042539
2201 100.00 0.00037454
2401 100.00 0.00033381
2601 100.00 0.00030052
2801 100.00 0.00027284
3001 100.00 0.00024951
3201 100.00 0.00022960
3401 100.00 0.00021241
3601 100.00 0.00019744
3801 100.00 0.00018431
4001 100.00 0.00017270
4201 100.00 0.00016237
4401 100.00 0.00015313
4601 100.00 0.00014480
4801 100.00 0.00013726
5001 100.00 0.00013044
5201 100.00 0.00012421
5401 100.00 0.00011850
5601 100.00 0.00011327
5801 100.00 0.00010844
6001 100.00 0.00010398
6201 100.00 0.00009986
6401 100.00 0.00009602
6601 100.00 0.00009246
6801 100.00 0.00008910
7001 100.00 0.00008599
7201 100.00 0.00008307
7401 100.00 0.00008032
7601 100.00 0.00007774
7801 100.00 0.00007530
8001 100.00 0.00007301
8201 100.00 0.00007084
8401 100.00 0.00006879
8601 100.00 0.00006685
8801 100.00 0.00006500
9001 100.00 0.00006325
9201 100.00 0.00006159
9401 100.00 0.00005999
9601 100.00 0.00005849
9801 100.00 0.00005705
10001 100.00 0.00005566
10201 100.00 0.00005435
10401 100.00 0.00005310
10601 100.00 0.00005187
10801 100.00 0.00005072
11001 100.00 0.00004961
11201 100.00 0.00004854
11401 100.00 0.00004752
11601 100.00 0.00004653
11801 100.00 0.00004559
12001 100.00 0.00004468
12201 100.00 0.00004380
12401 100.00 0.00004295
12601 100.00 0.00004213
12801 100.00 0.00004134
13001 100.00 0.00004058
13201 100.00 0.00003984
13401 100.00 0.00003914
13601 100.00 0.00003844
13801 100.00 0.00003778
14001 100.00 0.00003713
14201 100.00 0.00003651
14401 100.00 0.00003590
14601 100.00 0.00003532
14801 100.00 0.00003474
15001 100.00 0.00003418
15201 100.00 0.00003366
15401 100.00 0.00003314
15601 100.00 0.00003262
15801 100.00 0.00003213
16001 100.00 0.00003166
16201 100.00 0.00003119
16401 100.00 0.00003074
16601 100.00 0.00003030
16801 100.00 0.00002987
17001 100.00 0.00002945
17201 100.00 0.00002905
17401 100.00 0.00002865
17601 100.00 0.00002827
17801 100.00 0.00002789
18001 100.00 0.00002752
18201 100.00 0.00002716
18401 100.00 0.00002682
18601 100.00 0.00002647
18801 100.00 0.00002614
19001 100.00 0.00002580
19201 100.00 0.00002549
19401 100.00 0.00002519
19601 100.00 0.00002488
19801 100.00 0.00002458
20001 100.00 0.00002429
20201 100.00 0.00002400
20401 100.00 0.00002373
20601 100.00 0.00002346
20801 100.00 0.00002319
21001 100.00 0.00002293
21201 100.00 0.00002267
21401 100.00 0.00002242
21601 100.00 0.00002217
21801 100.00 0.00002194
22001 100.00 0.00002169
22201 100.00 0.00002148
22401 100.00 0.00002124
22601 100.00 0.00002102
22801 100.00 0.00002080
23001 100.00 0.00002060
23201 100.00 0.00002038
23401 100.00 0.00002018
23601 100.00 0.00001997
23801 100.00 0.00001978
24001 100.00 0.00001958
24201 100.00 0.00001939
24401 100.00 0.00001921
24601 100.00 0.00001903
24801 100.00 0.00001884
25001 100.00 0.00001866
25201 100.00 0.00001848
25401 100.00 0.00001832
25601 100.00 0.00001815
25801 100.00 0.00001798
26001 100.00 0.00001783
26201 100.00 0.00001767
26401 100.00 0.00001752
26601 100.00 0.00001736
26801 100.00 0.00001720
27001 100.00 0.00001705
27201 100.00 0.00001691
27401 100.00 0.00001677
27601 100.00 0.00001662
27801 100.00 0.00001648
28001 100.00 0.00001634
28201 100.00 0.00001620
28401 100.00 0.00001607
28601 100.00 0.00001593
28801 100.00 0.00001580
29001 100.00 0.00001567
29201 100.00 0.00001555
29401 100.00 0.00001542
29601 100.00 0.00001530
29801 100.00 0.00001518
30001 100.00 0.00001506
30201 100.00 0.00001494
30401 100.00 0.00001483
30601 100.00 0.00001472
30801 100.00 0.00001460
31001 100.00 0.00001449
31201 100.00 0.00001438
31401 100.00 0.00001428
31601 100.00 0.00001417
31801 100.00 0.00001407
32001 100.00 0.00001396
32201 100.00 0.00001386
32401 100.00 0.00001376
32601 100.00 0.00001367
32801 100.00 0.00001357
33001 100.00 0.00001347
33201 100.00 0.00001338
33401 100.00 0.00001329
33601 100.00 0.00001320
33801 100.00 0.00001310
34001 100.00 0.00001301
34201 100.00 0.00001293
34401 100.00 0.00001283
34601 100.00 0.00001274
34801 100.00 0.00001266
35001 100.00 0.00001258
35201 100.00 0.00001249
35401 100.00 0.00001242
35601 100.00 0.00001233
35801 100.00 0.00001225
36000 100.00 0.00001217
