1 10.67 2.30190681
2 11.73 2.30121746
3 13.72 2.30053490
4 17.40 2.29993698
5 20.23 2.29918748
6 24.81 2.29846795
7 25.20 2.29760594
13 32.14 2.29109911
19 41.30 2.27658886
25 38.72 2.22459257
31 30.68 1.94546639
37 43.24 1.33548345
43 54.42 1.11006099
49 60.43 1.03227217
55 61.25 1.09713313
61 62.29 0.93857727
67 69.21 0.85396677
73 70.42 0.81336247
79 68.62 0.86239992
85 65.30 0.93291743
91 68.05 0.93745408
97 71.47 0.78177339
103 72.16 0.75318321
109 69.94 0.81680804
115 73.73 0.72067223
121 73.47 0.75184730
127 73.60 0.72076323
133 70.30 0.84579423
139 75.11 0.71576456
145 79.58 0.58919494
151 77.05 0.67767328
157 74.29 0.80260774
163 79.29 0.57528172
169 81.14 0.52718800
175 74.58 0.81928271
181 78.34 0.65577109
187 83.40 0.46666762
193 66.76 1.12188314
199 82.42 0.48918581
205 80.79 0.51690446
211 77.52 0.67118475
217 83.98 0.44833053
223 80.96 0.52345384
229 83.19 0.52363947
235 84.95 0.41307886
241 82.12 0.54868335
247 78.51 0.64500428
253 86.25 0.39837315
259 84.19 0.44887879
265 84.01 0.48045973
271 84.44 0.49919980
277 84.64 0.44092849
283 84.92 0.43536519
289 89.01 0.29663235
295 79.91 0.63492694
301 88.85 0.31361705
307 86.73 0.36639031
313 86.75 0.37926205
319 81.36 0.62755849
325 89.89 0.27436297
331 84.78 0.45989409
337 91.12 0.24749463
343 86.46 0.40582533
349 88.44 0.32519542
355 86.42 0.46973628
361 91.34 0.24732898
367 91.96 0.24179515
373 93.03 0.19856755
379 86.84 0.41960845
385 82.96 0.60136343
391 91.47 0.25545906
397 87.12 0.45246800
403 87.89 0.47636064
409 90.91 0.28638924
415 84.86 0.65237495
421 88.43 0.39371882
427 93.73 0.17126752
433 91.21 0.25488277
439 80.03 1.07461856
445 85.28 0.88733178
451 90.55 0.30803330
457 95.00 0.17291160
463 87.39 0.46430520
469 95.10 0.14307000
475 97.68 0.08003764
481 94.09 0.17189532
487 92.61 0.26078463
493 96.65 0.10498494
499 94.94 0.14470226
505 90.59 0.41627539
511 91.75 0.33611731
517 91.43 0.55343678
523 98.81 0.05088354
529 96.45 0.10656871
535 97.58 0.07498785
541 97.72 0.07318669
547 97.80 0.06988098
553 95.42 0.15046033
559 98.10 0.07190261
565 96.44 0.10920357
571 97.33 0.08715015
577 98.98 0.03764384
583 97.41 0.07142583
589 97.60 0.08010991
595 98.09 0.06455152
600 97.17 0.15972851
