1 100.00 0.00000288
2 100.00 0.00000288
3 100.00 0.00000288
4 100.00 0.00000287
5 100.00 0.00000287
6 100.00 0.00000287
7 100.00 0.00000286
8 100.00 0.00000286
9 100.00 0.00000286
10 100.00 0.00000286
11 100.00 0.00000286
12 100.00 0.00000285
13 100.00 0.00000285
14 100.00 0.00000285
15 100.00 0.00000285
16 100.00 0.00000284
17 100.00 0.00000283
18 100.00 0.00000283
19 100.00 0.00000283
20 100.00 0.00000283
21 100.00 0.00000282
22 100.00 0.00000282
23 100.00 0.00000282
24 100.00 0.00000282
25 100.00 0.00000281
26 100.00 0.00000281
51 100.00 0.00000276
76 100.00 0.00000270
101 100.00 0.00000263
126 100.00 0.00000259
151 100.00 0.00000254
176 100.00 0.00000250
201 100.00 0.00000245
226 100.00 0.00000241
251 100.00 0.00000237
276 100.00 0.00000233
301 100.00 0.00000229
326 100.00 0.00000226
351 100.00 0.00000223
376 100.00 0.00000219
401 100.00 0.00000216
426 100.00 0.00000213
451 100.00 0.00000210
476 100.00 0.00000208
501 100.00 0.00000204
526 100.00 0.00000202
551 100.00 0.00000199
576 100.00 0.00000197
601 100.00 0.00000194
626 100.00 0.00000192
651 100.00 0.00000190
676 100.00 0.00000187
701 100.00 0.00000185
726 100.00 0.00000182
751 100.00 0.00000180
776 100.00 0.00000178
801 100.00 0.00000176
826 100.00 0.00000175
851 100.00 0.00000173
876 100.00 0.00000171
901 100.00 0.00000169
926 100.00 0.00000167
951 100.00 0.00000165
976 100.00 0.00000163
1000 100.00 0.00000162
