1 41.97 1.41697275
2 68.42 0.71461261
3 79.26 0.52898669
4 74.98 0.73718776
5 83.26 0.45482063
6 84.06 0.44319223
7 82.66 0.46204774
8 84.11 0.41458131
9 84.09 0.42158602
10 83.84 0.47637840
11 86.53 0.36903514
12 88.58 0.31015725
13 87.80 0.32594902
14 88.35 0.31144423
15 85.41 0.40926174
16 87.67 0.32320679
17 69.19 0.75811168
18 82.62 0.47327454
19 86.08 0.37055176
20 85.55 0.37657344
21 87.24 0.33414465
31 89.02 0.28918680
41 92.41 0.19600721
51 91.09 0.23910229
61 92.33 0.20096904
71 90.30 0.26807925
81 93.71 0.16014629
91 93.73 0.17522902
101 92.75 0.21737460
111 96.29 0.09289979
121 94.69 0.14914772
131 97.41 0.06557538
141 94.99 0.14613542
151 93.93 0.21374024
161 98.61 0.03882393
171 98.66 0.04573087
181 97.86 0.06625014
191 99.14 0.02463585
201 89.87 0.57255826
211 100.00 0.00042503
221 100.00 0.00014719
231 100.00 0.00009271
241 100.00 0.00006825
251 100.00 0.00005376
261 100.00 0.00004434
271 100.00 0.00003776
281 100.00 0.00003271
291 100.00 0.00002877
301 100.00 0.00002569
311 100.00 0.00002326
321 100.00 0.00002116
331 100.00 0.00001944
341 100.00 0.00001793
351 100.00 0.00001665
361 100.00 0.00001549
371 100.00 0.00001449
381 100.00 0.00001372
391 100.00 0.00001303
400 100.00 0.00001221
