1 40.00 6.11559849
2 55.80 5.77678967
3 49.80 5.44902992
4 23.40 5.71369562
5 26.60 5.51108150
6 29.20 5.16860962
7 34.00 4.93412018
8 41.00 4.60462465
9 56.60 4.15740299
10 30.00 4.95905027
11 54.60 4.38729954
12 44.00 4.13971481
13 63.00 3.54451241
14 69.80 3.29285541
15 60.60 3.67022004
16 85.40 2.90169740
17 54.20 3.70130725
18 87.60 2.74623971
19 82.80 2.60913672
20 84.00 2.61306853
201 61.20 1.58288090
401 100.00 0.43745767
601 100.00 0.38805430
801 100.00 0.41622573
1001 99.80 0.42552141
1201 66.20 1.34299114
1401 100.00 0.38048738
1601 99.80 0.42357798
1801 100.00 0.40411515
2001 100.00 0.37507905
2201 100.00 0.40207568
2401 100.00 0.36615702
2601 100.00 0.39665010
2801 98.60 0.41769220
3001 95.20 0.47652265
3201 94.00 0.63081748
3401 84.20 0.80275197
3600 100.00 0.37185389
