1 10.00 2.30239075
2 10.00 2.30217353
3 10.00 2.30196064
4 10.00 2.30175412
5 10.00 2.30155283
6 10.00 2.30135219
7 10.00 2.30115355
8 10.00 2.30095530
9 10.00 2.30075396
10 10.00 2.30054805
11 10.00 2.30033545
12 10.00 2.30011508
13 10.00 2.29988787
14 10.00 2.29965439
15 10.00 2.29941281
16 10.00 2.29916049
17 10.00 2.29889190
18 10.00 2.29861144
19 10.00 2.29832094
20 10.00 2.29801540
21 10.00 2.29769284
22 10.10 2.29735254
23 10.20 2.29699282
24 10.80 2.29661061
25 12.00 2.29620549
26 14.40 2.29577456
27 16.90 2.29531783
28 20.60 2.29483026
29 23.30 2.29431025
30 25.80 2.29375411
31 27.80 2.29315607
32 28.90 2.29251189
33 30.50 2.29181861
34 31.80 2.29106991
35 34.10 2.29025928
36 34.80 2.28937750
37 36.10 2.28841641
38 36.80 2.28736618
39 37.50 2.28621669
40 37.70 2.28495288
41 38.10 2.28355756
61 34.20 2.07904439
81 80.00 0.62623117
101 87.60 0.36291959
121 97.90 0.10921506
141 100.00 0.02326369
161 100.00 0.00913301
181 100.00 0.00513157
201 100.00 0.00342871
221 100.00 0.00253609
241 100.00 0.00192609
261 100.00 0.00154367
281 100.00 0.00127568
301 100.00 0.00108239
321 100.00 0.00093517
341 100.00 0.00082134
361 100.00 0.00072724
381 100.00 0.00065189
401 100.00 0.00058869
421 100.00 0.00053603
441 100.00 0.00049148
461 100.00 0.00045259
481 100.00 0.00041915
501 100.00 0.00038972
521 100.00 0.00036378
541 100.00 0.00034081
561 100.00 0.00032036
581 100.00 0.00030196
600 100.00 0.00028614
