1 6.80 2.30289855
81 39.20 2.29705915
161 76.40 2.28115685
241 48.40 2.00416982
321 97.60 0.16555051
401 100.00 0.01707006
481 100.00 0.00544797
561 100.00 0.00295294
641 100.00 0.00194436
721 100.00 0.00141727
801 100.00 0.00109944
881 100.00 0.00088957
961 100.00 0.00074173
1041 100.00 0.00063268
1121 100.00 0.00054934
1201 100.00 0.00048379
1281 100.00 0.00043107
1361 100.00 0.00038785
1441 100.00 0.00035185
1521 100.00 0.00032146
1601 100.00 0.00029550
1681 100.00 0.00027308
1761 100.00 0.00025357
1841 100.00 0.00023644
1921 100.00 0.00022129
2001 100.00 0.00020782
2081 100.00 0.00019575
2161 100.00 0.00018491
2241 100.00 0.00017511
2321 100.00 0.00016620
2400 100.00 0.00015819
