1 19.50 2.29822994
2 27.90 2.29380249
3 34.50 2.28913512
4 38.10 2.28407484
5 41.40 2.27842452
6 44.00 2.27197305
7 45.20 2.26446252
8 46.70 2.25552284
9 47.90 2.24467659
10 47.60 2.23131111
11 48.20 2.21463894
12 47.60 2.19358965
13 49.10 2.16672394
14 51.90 2.13236927
15 53.90 2.08811752
16 55.50 2.03183514
17 59.20 1.96129963
18 63.50 1.87500156
19 65.40 1.77182023
20 68.20 1.65299678
21 70.20 1.52107860
22 72.00 1.38416846
23 74.60 1.25234373
24 75.50 1.13194551
25 76.40 1.02443582
26 76.70 0.93834186
27 77.60 0.86699583
28 78.90 0.79816595
29 79.70 0.74520618
30 81.60 0.70038356
31 79.80 0.66644510
32 82.60 0.63271322
33 84.90 0.59921215
34 83.40 0.57445181
35 85.60 0.54597006
36 85.90 0.51801789
37 85.10 0.50737875
38 85.70 0.48067350
39 86.40 0.46052224
40 88.00 0.44742232
41 87.30 0.43653509
61 93.90 0.23992188
81 97.80 0.12552491
101 98.90 0.07289453
121 99.80 0.03946776
141 100.00 0.02403574
161 100.00 0.01640654
181 100.00 0.01170720
201 100.00 0.00894345
221 100.00 0.00713710
241 100.00 0.00584908
261 100.00 0.00493475
281 100.00 0.00422151
301 100.00 0.00367834
321 100.00 0.00324134
341 100.00 0.00289029
361 100.00 0.00259680
381 100.00 0.00235302
401 100.00 0.00214691
421 100.00 0.00197100
441 100.00 0.00181736
461 100.00 0.00168447
481 100.00 0.00156760
501 100.00 0.00146502
521 100.00 0.00137280
541 100.00 0.00129075
561 100.00 0.00121684
581 100.00 0.00115020
600 100.00 0.00109265
