1 42.00 2.23077726
2 39.60 1.94607315
3 24.80 2.24299593
4 40.40 1.78811219
5 51.60 1.55471897
6 33.60 1.97424655
7 56.40 1.17024198
8 55.60 1.20971782
9 56.40 1.47770128
10 77.60 0.64059068
11 93.20 0.37501087
12 66.80 0.87932025
13 93.60 0.30790483
14 95.60 0.17368183
15 90.00 0.22253354
16 51.60 1.74523115
17 74.00 0.84696360
18 79.20 0.62610077
19 82.80 0.52149829
20 88.40 0.42482129
21 98.00 0.18970410
22 97.60 0.13351030
23 98.80 0.06279121
24 98.80 0.04723844
25 100.00 0.02848725
26 100.00 0.01668968
27 100.00 0.01323140
28 100.00 0.01036698
29 100.00 0.00873856
30 100.00 0.00758239
401 100.00 0.00009388
801 100.00 0.00004140
1201 100.00 0.00002588
1601 100.00 0.00001861
2001 100.00 0.00001442
2401 100.00 0.00001172
2801 100.00 0.00000983
3201 100.00 0.00000845
3601 100.00 0.00000739
4001 100.00 0.00000657
4401 100.00 0.00000590
4801 100.00 0.00000535
5201 100.00 0.00000489
5601 100.00 0.00000449
6001 100.00 0.00000416
6401 100.00 0.00000386
6801 100.00 0.00000361
7200 100.00 0.00000339
