1 10.00 2.29828154
2 26.51 2.29193961
3 37.06 2.27907316
4 30.60 2.23983912
5 29.63 2.04647984
6 46.98 1.38784008
7 55.66 1.08726588
8 61.50 0.93686547
9 67.66 0.85530742
10 67.75 0.86873660
11 72.12 0.77002543
21 76.88 0.61926175
31 79.53 0.55531767
41 85.05 0.40948125
51 87.08 0.35559415
61 87.45 0.35674638
71 87.55 0.33545259
81 90.72 0.25374660
91 90.24 0.26706135
101 86.90 0.36955414
111 89.37 0.27438701
121 93.61 0.17852952
131 92.55 0.20049142
141 94.09 0.16353454
151 91.84 0.21595586
161 95.26 0.13356393
171 95.86 0.11658941
181 95.34 0.12054303
191 95.67 0.11075909
201 96.97 0.09158513
211 85.29 0.56721372
221 96.54 0.09422896
231 91.52 0.23605150
241 96.88 0.08415929
251 99.23 0.02825426
261 98.58 0.04330395
271 88.24 0.50236331
281 94.64 0.14411898
291 99.78 0.01252178
301 99.59 0.01489248
311 99.11 0.02981138
321 95.46 0.12547851
331 99.73 0.01180120
341 99.94 0.00623718
351 99.93 0.00429551
361 100.00 0.00198643
371 100.00 0.00128180
381 100.00 0.00108699
391 100.00 0.00089228
400 100.00 0.00076842
