1 45.50 3.01946335
2 32.80 2.70729671
3 66.40 2.18552656
4 29.50 2.81504469
5 46.20 2.32194018
6 48.40 2.48073392
7 39.20 2.44961610
8 68.10 1.81540670
9 68.30 1.62215273
10 77.10 1.47061496
101 74.40 1.23880906
201 100.00 0.32160411
301 100.00 0.41232167
401 99.90 0.42175413
501 95.70 0.38194253
601 100.00 0.24854566
701 100.00 0.21440350
801 100.00 0.17233993
901 99.70 0.19580000
1001 100.00 0.13786450
1101 100.00 0.13885298
1201 100.00 0.18025594
1301 67.80 1.17025566
1401 98.40 0.24142904
1501 100.00 0.12393000
1601 100.00 0.12919870
1701 93.90 0.46706284
1800 100.00 0.17027650
