1 17.22 2.30048178
2 11.24 2.29882010
3 11.24 2.29698438
4 11.24 2.29467600
5 11.24 2.29145642
6 12.15 2.28647858
7 18.21 2.27762418
8 25.70 2.25958602
9 28.80 2.21089350
10 30.94 2.03501373
11 51.71 1.56840566
12 68.38 0.95886169
13 76.07 0.75152083
14 80.31 0.64686751
15 81.62 0.60739535
16 83.07 0.55846969
17 84.97 0.51977895
18 85.80 0.48973958
19 86.70 0.45905771
20 87.99 0.42549693
21 88.74 0.39320039
31 94.69 0.18788447
41 96.40 0.12597496
51 96.73 0.10882846
61 98.47 0.05839366
71 99.16 0.03739970
81 96.12 0.10948782
91 99.58 0.01965369
101 99.84 0.01151802
111 99.95 0.00656966
121 99.97 0.00488350
131 99.99 0.00384419
141 100.00 0.00246115
151 100.00 0.00182151
161 100.00 0.00146207
171 100.00 0.00119255
181 100.00 0.00100619
191 100.00 0.00086551
200 100.00 0.00076500
