1 11.24 2.30111686
5 11.24 2.29438740
9 29.36 2.25906954
13 64.73 1.11301138
17 82.70 0.57809430
21 88.50 0.40885692
25 91.90 0.29177139
29 93.49 0.22789544
33 94.56 0.18871102
37 95.78 0.14879684
41 96.37 0.12472767
45 96.91 0.10938759
49 96.60 0.11581485
53 97.84 0.07844282
57 97.32 0.08852922
61 96.78 0.09893391
65 98.43 0.05632199
69 98.72 0.04861621
73 99.12 0.03866167
77 99.10 0.03513295
81 99.47 0.02650215
85 99.56 0.02286015
89 99.68 0.01864541
93 99.48 0.02179533
97 99.80 0.01300725
101 99.52 0.01861725
105 99.83 0.01160456
109 99.87 0.00989569
113 99.91 0.00834505
117 99.96 0.00642419
120 99.97 0.00523322
