1 14.71 2.30133155
2 18.94 2.29960389
3 19.82 2.29781902
5 24.44 2.29287007
7 34.05 2.28342280
9 40.39 2.25948013
11 31.88 2.15593135
13 41.71 1.54140459
15 52.63 1.13190068
17 59.57 1.03802463
19 63.76 0.88441784
21 68.82 0.84378631
23 69.62 0.83056057
25 68.54 0.84773972
27 71.60 0.74937062
29 71.23 0.86616326
31 72.97 0.70133117
33 75.72 0.67637738
35 71.12 0.76958384
37 68.51 0.90957545
39 74.78 0.69558690
41 69.57 0.85792468
43 79.18 0.58290592
45 76.17 0.60752618
47 80.12 0.55062308
49 79.60 0.56247085
51 78.77 0.58404635
53 81.50 0.52394892
55 74.02 0.67799229
57 71.04 0.78120050
59 82.95 0.48009991
61 79.74 0.53611004
63 83.24 0.47286897
65 73.80 0.66714238
67 84.38 0.44241883
69 82.83 0.48291701
71 74.83 0.66810480
73 84.83 0.42539880
75 81.48 0.52603290
77 85.72 0.40068065
79 83.93 0.45715922
81 82.11 0.51920129
83 86.08 0.38997992
85 86.33 0.38753548
87 86.48 0.37902641
89 85.70 0.40036671
91 86.02 0.39684213
93 85.94 0.38084296
95 84.12 0.43422494
97 87.17 0.35074945
99 83.50 0.46365644
101 84.32 0.43046958
103 87.90 0.33862255
105 88.21 0.33047622
107 85.53 0.39158101
109 88.21 0.32809087
111 86.53 0.36067287
113 86.82 0.35794168
115 87.25 0.34716860
117 87.05 0.35502422
119 86.08 0.38928195
121 88.59 0.30933413
123 86.86 0.36043466
125 88.89 0.30276807
127 81.66 0.48626633
129 74.48 0.86511313
131 89.77 0.28215471
133 90.24 0.27522260
135 86.49 0.35286979
137 89.80 0.28434047
139 84.09 0.43465897
141 90.85 0.25120030
143 87.16 0.35923394
145 91.33 0.24138605
147 91.37 0.23849256
149 88.40 0.31126973
151 90.36 0.25910966
153 88.20 0.32044070
155 91.20 0.24378355
157 89.67 0.27942854
159 86.01 0.42382246
161 89.98 0.28432224
163 76.21 0.74047114
165 73.57 0.79802671
167 91.03 0.24301512
169 92.70 0.20341413
171 85.34 0.40545560
173 92.68 0.20620676
175 90.13 0.26202339
177 92.13 0.21779143
179 91.94 0.22141899
181 88.68 0.29426655
183 91.27 0.24470406
185 87.84 0.33276687
187 92.94 0.19450194
189 80.81 0.62788072
191 93.01 0.19258319
193 91.10 0.24493414
195 93.64 0.17738978
197 93.92 0.17031962
199 92.57 0.20276066
200 93.53 0.17696502
