1 59.77 1.69589247
2 75.07 0.74427127
3 83.44 0.51634270
4 74.42 0.91224143
5 90.21 0.32301783
6 87.94 0.37364128
7 88.16 0.37479107
8 92.00 0.25467696
9 95.21 0.16704873
10 92.22 0.28611469
11 94.29 0.24830958
12 97.45 0.09584394
13 98.03 0.07767975
14 96.17 0.13717230
15 97.52 0.08985364
16 98.86 0.04674454
17 99.52 0.03054571
18 98.80 0.04919489
19 99.66 0.02360953
20 99.78 0.01968353
21 99.91 0.01403452
22 99.82 0.01553709
23 99.97 0.00939730
24 99.98 0.00768122
25 99.99 0.00646125
26 99.95 0.00734884
27 100.00 0.00496057
28 100.00 0.00439457
29 100.00 0.00413263
30 100.00 0.00354202
31 100.00 0.00334586
32 100.00 0.00294612
33 100.00 0.00271569
34 100.00 0.00265637
35 100.00 0.00242264
36 100.00 0.00225122
37 100.00 0.00227758
38 100.00 0.00196143
39 100.00 0.00186134
40 100.00 0.00178543
49 100.00 0.00120622
65 100.00 0.00072604
81 100.00 0.00051154
97 100.00 0.00039021
113 100.00 0.00031186
129 100.00 0.00025827
145 100.00 0.00021894
161 100.00 0.00018955
177 100.00 0.00016607
193 100.00 0.00014795
209 100.00 0.00013268
225 100.00 0.00012072
241 100.00 0.00011040
257 100.00 0.00010134
273 100.00 0.00009336
289 100.00 0.00008701
305 100.00 0.00008087
321 100.00 0.00007596
337 100.00 0.00007134
353 100.00 0.00006712
369 100.00 0.00006330
385 100.00 0.00006016
401 100.00 0.00005693
417 100.00 0.00005429
433 100.00 0.00005174
449 100.00 0.00004938
465 100.00 0.00004718
480 100.00 0.00004540
