1 28.07 1.70703104
2 45.16 1.21030265
3 42.90 1.54083155
4 59.39 1.03785355
7 64.44 0.97765478
10 79.81 0.53377328
13 74.11 0.77574738
16 82.82 0.45492883
19 85.99 0.39929859
22 83.21 0.44664562
25 82.54 0.48036444
28 86.50 0.36860143
31 76.45 0.93881411
34 85.31 0.39339549
37 82.82 0.50204823
40 80.36 0.57751419
43 82.20 0.46565323
46 83.27 0.50158230
49 86.77 0.32252026
52 89.55 0.26204935
55 83.81 0.46286725
58 86.18 0.35295530
61 87.05 0.34652532
64 83.07 0.50686674
67 91.83 0.22361700
70 93.69 0.16769913
73 87.76 0.35604451
76 94.12 0.15527347
79 87.84 0.31889155
82 89.67 0.28310360
85 82.86 0.57974335
88 63.20 3.18028321
91 88.23 0.37218116
94 83.89 0.69322166
97 96.27 0.10823614
100 88.79 0.37618538
103 82.49 0.86513126
106 95.96 0.10934608
109 93.89 0.19576111
112 95.64 0.11445506
115 94.16 0.15956503
118 94.32 0.17086299
121 82.82 0.76184301
124 92.19 0.24424793
127 81.08 0.63025310
130 86.72 0.60919192
133 96.35 0.10019768
136 94.22 0.19979052
139 91.92 0.24879343
142 84.47 0.87587477
145 90.94 0.29452190
148 97.06 0.07547278
151 89.70 0.35679682
154 91.95 0.25084667
157 96.70 0.09244568
160 89.68 0.46158641
163 98.00 0.05522433
166 98.61 0.04183379
169 93.98 0.20616456
172 98.47 0.04293618
175 98.43 0.04363413
178 97.77 0.07352258
181 33.01 1.66584476
184 72.34 0.73942114
187 79.52 0.54368803
190 92.18 0.22770969
193 88.70 0.37924970
196 96.91 0.09639510
199 88.70 0.40379474
202 96.89 0.09804360
205 96.75 0.09632897
208 96.36 0.09647070
211 83.08 0.72959664
214 98.39 0.04860056
217 92.20 0.25641114
220 96.58 0.09597507
223 89.00 0.43397404
226 92.01 0.35903233
229 98.52 0.04372752
232 94.26 0.18953725
235 91.86 0.26008615
238 98.38 0.04947427
241 93.92 0.17907247
244 81.09 0.84960136
247 92.86 0.33079673
250 98.22 0.04877353
253 84.10 0.87532689
256 92.05 0.26870026
259 87.48 0.47503316
262 99.20 0.03137968
265 97.25 0.10128510
268 99.22 0.02259958
271 93.30 0.33641231
274 96.60 0.11465103
277 90.40 0.43296926
280 99.48 0.01738401
283 76.78 1.66960105
286 89.50 0.49773461
289 96.37 0.10984675
292 99.21 0.02546568
295 96.03 0.14560382
298 97.67 0.08588924
300 99.41 0.02044670
