1 10.00 2.30140948
2 10.00 2.29996980
3 10.40 2.29849833
4 15.75 2.29680047
7 38.81 2.28963659
10 49.16 2.27472115
13 38.66 2.22840387
16 29.48 1.96931102
19 50.81 1.28910905
22 55.45 1.07020774
25 63.12 0.92081717
28 65.46 0.86885527
31 63.61 0.86940214
34 67.18 0.83200069
37 58.03 1.07011486
40 73.89 0.72233784
43 67.92 0.86100061
46 75.56 0.71820174
49 76.68 0.64573641
52 71.41 0.73095035
55 77.12 0.63786507
58 76.36 0.61630842
61 79.33 0.55342054
64 79.84 0.56763079
67 80.64 0.53417202
70 81.14 0.51943307
73 75.14 0.72358138
76 82.45 0.48938341
79 83.05 0.47485425
82 81.55 0.52143566
85 83.80 0.44942586
88 77.66 0.59006302
91 79.16 0.56747549
94 84.16 0.44094370
97 79.41 0.54273048
100 84.95 0.41999020
103 83.86 0.44207221
106 85.54 0.40645467
109 84.54 0.43231137
112 76.64 0.68582085
115 81.51 0.52736038
118 75.39 0.66625975
121 87.24 0.35616541
124 83.09 0.45734969
127 87.70 0.34112782
130 87.81 0.33708872
133 82.85 0.44510625
136 88.42 0.31515377
139 84.60 0.42727908
142 69.35 1.17444133
145 88.71 0.30963414
148 86.47 0.36925612
151 86.52 0.37500242
154 83.47 0.46232495
157 89.36 0.29282554
160 79.23 0.65822199
163 83.74 0.46843616
166 88.74 0.30694579
169 89.20 0.29824369
172 85.75 0.38711096
175 90.79 0.25652555
178 87.71 0.32612049
181 87.00 0.36024553
184 90.17 0.27124465
187 88.57 0.30646364
190 80.57 0.62364725
193 91.20 0.23711091
196 91.24 0.24215676
199 73.94 0.80906361
202 91.76 0.22589731
205 90.59 0.26021363
208 92.01 0.22343763
211 84.95 0.38031807
214 87.31 0.35194407
217 83.69 0.44480654
220 89.77 0.27405116
223 91.94 0.21483689
226 92.41 0.19828661
229 87.88 0.31915598
232 93.37 0.18156646
235 92.44 0.20840591
238 94.23 0.16540986
241 68.01 1.24103173
244 90.22 0.28198440
247 92.52 0.19630526
250 86.28 0.36478575
253 90.98 0.23713419
256 95.27 0.13466729
259 89.01 0.29138579
262 90.83 0.25444822
265 92.80 0.20040095
268 89.20 0.26982406
271 93.27 0.17727169
274 91.94 0.22120973
277 95.60 0.12811655
280 96.21 0.11485769
283 87.08 0.33754752
286 94.66 0.14301119
289 88.75 0.32467453
292 92.69 0.18302288
295 94.78 0.14534562
298 95.48 0.12325806
300 91.77 0.20937954
