1 9.90 2.30261269
2 10.10 2.30235965
3 10.40 2.30211622
4 10.90 2.30188023
5 11.20 2.30165088
6 11.70 2.30142288
7 13.00 2.30119811
8 14.50 2.30097078
9 16.30 2.30074133
10 18.40 2.30050789
11 20.60 2.30026968
12 22.30 2.30002438
13 24.90 2.29977244
14 28.10 2.29951334
15 30.00 2.29924560
16 31.70 2.29897106
17 33.40 2.29868585
18 34.20 2.29839065
19 35.00 2.29808283
20 36.30 2.29776210
21 37.80 2.29742506
22 38.80 2.29707022
23 39.90 2.29669634
24 41.10 2.29630160
25 43.50 2.29588361
26 46.10 2.29543931
27 50.50 2.29496670
28 53.60 2.29446380
29 57.10 2.29392578
30 59.50 2.29334997
31 61.00 2.29273294
32 62.70 2.29207083
33 64.40 2.29135653
34 65.40 2.29058437
35 66.30 2.28974497
36 66.00 2.28883345
37 66.40 2.28783720
38 66.00 2.28674737
39 65.50 2.28555223
40 65.20 2.28423796
41 64.60 2.28278515
61 36.20 2.04330290
81 75.80 0.76710852
101 90.40 0.34545308
121 97.80 0.11414250
141 100.00 0.02211719
161 100.00 0.00885502
181 100.00 0.00496977
201 100.00 0.00333526
221 100.00 0.00241083
241 100.00 0.00185089
261 100.00 0.00149165
281 100.00 0.00123850
301 100.00 0.00105096
321 100.00 0.00091037
341 100.00 0.00079890
361 100.00 0.00070950
381 100.00 0.00063756
401 100.00 0.00057652
421 100.00 0.00052514
441 100.00 0.00048141
461 100.00 0.00044405
481 100.00 0.00041135
501 100.00 0.00038282
521 100.00 0.00035767
541 100.00 0.00033544
561 100.00 0.00031534
581 100.00 0.00029742
600 100.00 0.00028197
