1 11.00 2.28392845
201 100.00 0.00147071
401 100.00 0.00057772
601 100.00 0.00034508
801 100.00 0.00024147
1001 100.00 0.00018368
1201 100.00 0.00014723
1401 100.00 0.00012231
1601 100.00 0.00010425
1801 100.00 0.00009057
2001 100.00 0.00007989
2201 100.00 0.00007136
2401 100.00 0.00006439
2601 100.00 0.00005857
2801 100.00 0.00005367
3001 100.00 0.00004948
3201 100.00 0.00004588
3401 100.00 0.00004274
3601 100.00 0.00003997
3801 100.00 0.00003750
4001 100.00 0.00003531
4201 100.00 0.00003335
4401 100.00 0.00003159
4601 100.00 0.00003000
4801 100.00 0.00002855
5001 100.00 0.00002723
5201 100.00 0.00002601
5401 100.00 0.00002490
5601 100.00 0.00002386
5801 100.00 0.00002291
6000 100.00 0.00002203
