1 10.00 2.30292869
81 18.00 2.29908836
161 20.00 2.29496360
241 28.00 2.28922582
321 40.00 2.27938044
401 41.00 2.25859594
481 37.00 2.19775152
561 31.00 1.98798430
641 38.00 1.50755227
721 63.00 1.18946642
801 66.00 0.96655366
881 78.00 0.75280249
961 81.00 0.68291104
1041 65.00 1.18042618
1121 99.00 0.22596966
1201 99.00 0.14205258
1281 100.00 0.07133992
1361 100.00 0.04233123
1441 100.00 0.02676589
1521 100.00 0.01857286
1601 100.00 0.01374084
1681 100.00 0.01059089
1761 100.00 0.00847932
1841 100.00 0.00698493
1921 100.00 0.00587533
2001 100.00 0.00503475
2081 100.00 0.00437790
2161 100.00 0.00385549
2241 100.00 0.00343233
2321 100.00 0.00308243
2401 100.00 0.00278870
2481 100.00 0.00254104
2561 100.00 0.00232901
2641 100.00 0.00214524
2721 100.00 0.00198597
2801 100.00 0.00184601
2881 100.00 0.00172206
2961 100.00 0.00161226
3041 100.00 0.00151396
3121 100.00 0.00142565
3201 100.00 0.00134616
3281 100.00 0.00127411
3361 100.00 0.00120856
3441 100.00 0.00114859
3521 100.00 0.00109384
3601 100.00 0.00104349
3681 100.00 0.00099675
3761 100.00 0.00095391
3841 100.00 0.00091410
3921 100.00 0.00087706
4001 100.00 0.00084263
4081 100.00 0.00081049
4161 100.00 0.00078058
4241 100.00 0.00075247
4321 100.00 0.00072606
4401 100.00 0.00070129
4481 100.00 0.00067802
4561 100.00 0.00065606
4641 100.00 0.00063534
4721 100.00 0.00061580
4800 100.00 0.00059744
