1 29.00 2.00560021
2 15.00 2.34116697
3 56.00 2.04084086
4 61.00 1.68795812
5 71.00 1.28328860
6 44.00 1.91558778
7 41.00 2.02972126
8 61.00 1.79235315
9 66.00 1.26345038
10 49.00 1.53917170
11 61.00 1.38116932
12 80.00 0.83726686
13 59.00 1.31749940
14 60.00 1.57116914
15 67.00 1.58282137
16 69.00 0.90593088
17 71.00 0.79513949
18 92.00 0.43421715
19 90.00 0.33281201
20 67.00 0.95241934
21 71.00 1.49888659
22 49.00 1.67911673
23 76.00 1.27764463
24 86.00 0.61029428
25 92.00 0.36946830
26 85.00 0.45252082
27 65.00 0.97431302
28 73.00 0.81429464
29 92.00 0.47077301
30 97.00 0.26322642
31 98.00 0.18680435
32 99.00 0.15062302
33 98.00 0.12323996
34 98.00 0.11723432
35 98.00 0.12476327
36 94.00 0.17195301
37 95.00 0.17661679
38 94.00 0.18603680
39 97.00 0.13082576
40 98.00 0.08476795
41 100.00 0.06951464
42 99.00 0.07028072
43 100.00 0.04696083
44 100.00 0.04273329
45 100.00 0.04814460
46 100.00 0.03284320
47 100.00 0.03133675
48 100.00 0.02678506
49 100.00 0.02558509
50 100.00 0.02710493
51 100.00 0.03483976
52 100.00 0.02065107
53 100.00 0.02381278
54 100.00 0.02047207
55 100.00 0.01836299
56 100.00 0.01702479
57 100.00 0.01571524
58 100.00 0.01679403
59 100.00 0.01829272
60 100.00 0.01404411
61 100.00 0.01375185
62 100.00 0.01185115
63 100.00 0.01512234
64 100.00 0.01380616
65 100.00 0.01463231
66 100.00 0.01380040
67 100.00 0.00988829
68 100.00 0.00975861
69 100.00 0.00954518
70 100.00 0.00846609
71 100.00 0.00861208
72 100.00 0.00793895
73 100.00 0.00775875
74 100.00 0.00762599
75 100.00 0.00861933
76 100.00 0.00826007
77 100.00 0.00637251
78 100.00 0.00645639
79 100.00 0.00606502
80 100.00 0.00592160
81 100.00 0.00599871
82 100.00 0.00543330
83 100.00 0.00534005
84 100.00 0.00535586
85 100.00 0.00558191
86 100.00 0.00543707
87 100.00 0.00479078
88 100.00 0.00435969
89 100.00 0.00425562
90 100.00 0.00418198
91 100.00 0.00405336
92 100.00 0.00420992
93 100.00 0.00436013
94 100.00 0.00365524
95 100.00 0.00414465
96 100.00 0.00372644
97 100.00 0.00355589
98 100.00 0.00340707
99 100.00 0.00336084
100 100.00 0.00324405
101 100.00 0.00331507
151 100.00 0.00126130
201 100.00 0.00074841
251 100.00 0.00054774
301 100.00 0.00032294
351 100.00 0.00026483
401 100.00 0.00019648
451 100.00 0.00014961
501 100.00 0.00012469
551 100.00 0.00011581
601 100.00 0.00008650
651 100.00 0.00008260
701 100.00 0.00007148
751 100.00 0.00006192
801 100.00 0.00005398
851 100.00 0.00005075
901 100.00 0.00005560
951 100.00 0.00005364
1001 100.00 0.00004316
1051 100.00 0.00004173
1101 100.00 0.00003791
1151 100.00 0.00003891
1201 100.00 0.00003098
1251 100.00 0.00002902
1301 100.00 0.00002784
1351 100.00 0.00002597
1401 100.00 0.00002614
1451 100.00 0.00002354
1501 100.00 0.00002290
1551 100.00 0.00001983
1601 100.00 0.00001937
1651 100.00 0.00001839
1701 100.00 0.00001722
1751 100.00 0.00001667
1801 100.00 0.00001589
1851 100.00 0.00001480
1901 100.00 0.00001428
1951 100.00 0.00001378
2001 100.00 0.00001267
2051 100.00 0.00001215
2101 100.00 0.00001255
2151 100.00 0.00001138
2201 100.00 0.00001179
2251 100.00 0.00001301
2301 100.00 0.00001157
2351 100.00 0.00001075
2401 100.00 0.00000995
2451 100.00 0.00000977
2501 100.00 0.00000946
2551 100.00 0.00001024
2601 100.00 0.00000899
2651 100.00 0.00000855
2701 100.00 0.00000855
2751 100.00 0.00000839
2801 100.00 0.00000895
2851 100.00 0.00000779
2901 100.00 0.00000828
2951 100.00 0.00000752
3000 100.00 0.00000789
