1 9.00 2.30432624
2 10.00 2.30357498
3 10.00 2.30282897
4 10.00 2.30208164
5 10.00 2.30133498
6 13.00 2.30059338
7 13.00 2.29985684
8 13.00 2.29912049
9 13.00 2.29838377
10 13.00 2.29764789
11 15.00 2.29691321
12 15.00 2.29618067
13 16.00 2.29545021
14 16.00 2.29471761
15 16.00 2.29398686
16 16.00 2.29325598
17 16.00 2.29252464
18 16.00 2.29179245
19 16.00 2.29106164
20 16.00 2.29032880
21 16.00 2.28959221
41 19.00 2.27400893
61 22.00 2.25477219
81 32.00 2.22790945
101 47.00 2.18655229
121 58.00 2.11861068
141 60.00 2.00766525
161 71.00 1.84060246
181 78.00 1.59771472
201 84.00 1.27993211
221 87.00 0.95963140
241 89.00 0.69613299
261 91.00 0.50479348
281 93.00 0.37090594
301 98.00 0.27514959
321 100.00 0.20569656
341 100.00 0.15523705
361 100.00 0.11886161
381 100.00 0.09283480
401 100.00 0.07404176
421 100.00 0.06032002
441 100.00 0.05009474
461 100.00 0.04232456
481 100.00 0.03630503
501 100.00 0.03154368
521 100.00 0.02772261
541 100.00 0.02460306
561 100.00 0.02202145
581 100.00 0.01986024
601 100.00 0.01803193
621 100.00 0.01646977
641 100.00 0.01512129
661 100.00 0.01395042
681 100.00 0.01292487
701 100.00 0.01202146
721 100.00 0.01122117
741 100.00 0.01050791
761 100.00 0.00986916
781 100.00 0.00929458
801 100.00 0.00877503
821 100.00 0.00830379
841 100.00 0.00787450
861 100.00 0.00748242
881 100.00 0.00712292
901 100.00 0.00679231
921 100.00 0.00648764
941 100.00 0.00620605
961 100.00 0.00594498
981 100.00 0.00570266
1001 100.00 0.00547699
1021 100.00 0.00526655
1041 100.00 0.00506987
1061 100.00 0.00488568
1081 100.00 0.00471297
1101 100.00 0.00455072
1121 100.00 0.00439805
1141 100.00 0.00425402
1161 100.00 0.00411822
1181 100.00 0.00398987
1201 100.00 0.00386842
1221 100.00 0.00375333
1241 100.00 0.00364412
1261 100.00 0.00354046
1281 100.00 0.00344192
1301 100.00 0.00334812
1321 100.00 0.00325878
1341 100.00 0.00317354
1361 100.00 0.00309221
1381 100.00 0.00301448
1401 100.00 0.00294014
1421 100.00 0.00286900
1441 100.00 0.00280086
1461 100.00 0.00273554
1481 100.00 0.00267289
1501 100.00 0.00261273
1521 100.00 0.00255493
1541 100.00 0.00249938
1561 100.00 0.00244596
1581 100.00 0.00239452
1601 100.00 0.00234496
1621 100.00 0.00229721
1641 100.00 0.00225117
1661 100.00 0.00220677
1681 100.00 0.00216389
1701 100.00 0.00212246
1721 100.00 0.00208246
1741 100.00 0.00204376
1761 100.00 0.00200632
1781 100.00 0.00197008
1801 100.00 0.00193502
1821 100.00 0.00190105
1841 100.00 0.00186813
1861 100.00 0.00183622
1881 100.00 0.00180526
1901 100.00 0.00177523
1921 100.00 0.00174608
1941 100.00 0.00171777
1961 100.00 0.00169027
1981 100.00 0.00166355
2001 100.00 0.00163758
2021 100.00 0.00161233
2041 100.00 0.00158778
2061 100.00 0.00156387
2081 100.00 0.00154060
2101 100.00 0.00151797
2121 100.00 0.00149591
2141 100.00 0.00147442
2161 100.00 0.00145347
2181 100.00 0.00143307
2201 100.00 0.00141316
2221 100.00 0.00139375
2241 100.00 0.00137480
2261 100.00 0.00135633
2281 100.00 0.00133828
2301 100.00 0.00132067
2321 100.00 0.00130346
2341 100.00 0.00128667
2361 100.00 0.00127025
2381 100.00 0.00125421
2401 100.00 0.00123852
2421 100.00 0.00122318
2441 100.00 0.00120818
2461 100.00 0.00119352
2481 100.00 0.00117917
2501 100.00 0.00116511
2521 100.00 0.00115138
2541 100.00 0.00113791
2561 100.00 0.00112475
2581 100.00 0.00111184
2601 100.00 0.00109920
2621 100.00 0.00108682
2641 100.00 0.00107469
2661 100.00 0.00106281
2681 100.00 0.00105114
2701 100.00 0.00103971
2721 100.00 0.00102851
2741 100.00 0.00101752
2761 100.00 0.00100673
2781 100.00 0.00099618
2801 100.00 0.00098580
2821 100.00 0.00097562
2841 100.00 0.00096563
2861 100.00 0.00095583
2881 100.00 0.00094620
2901 100.00 0.00093674
2921 100.00 0.00092746
2941 100.00 0.00091835
2961 100.00 0.00090938
2981 100.00 0.00090057
3001 100.00 0.00089192
3021 100.00 0.00088342
3041 100.00 0.00087506
3061 100.00 0.00086685
3081 100.00 0.00085878
3101 100.00 0.00085083
3121 100.00 0.00084303
3141 100.00 0.00083534
3161 100.00 0.00082779
3181 100.00 0.00082036
3201 100.00 0.00081305
3221 100.00 0.00080586
3241 100.00 0.00079878
3261 100.00 0.00079180
3281 100.00 0.00078496
3301 100.00 0.00077821
3321 100.00 0.00077155
3341 100.00 0.00076501
3361 100.00 0.00075856
3381 100.00 0.00075221
3401 100.00 0.00074597
3421 100.00 0.00073980
3441 100.00 0.00073373
3461 100.00 0.00072776
3481 100.00 0.00072187
3501 100.00 0.00071606
3521 100.00 0.00071034
3541 100.00 0.00070471
3561 100.00 0.00069915
3581 100.00 0.00069368
3601 100.00 0.00068828
3621 100.00 0.00068295
3641 100.00 0.00067770
3661 100.00 0.00067252
3681 100.00 0.00066740
3701 100.00 0.00066238
3721 100.00 0.00065741
3741 100.00 0.00065251
3761 100.00 0.00064766
3781 100.00 0.00064290
3801 100.00 0.00063820
3821 100.00 0.00063354
3841 100.00 0.00062897
3861 100.00 0.00062445
3881 100.00 0.00061998
3901 100.00 0.00061557
3921 100.00 0.00061123
3941 100.00 0.00060692
3961 100.00 0.00060268
3981 100.00 0.00059850
4001 100.00 0.00059436
4021 100.00 0.00059028
4041 100.00 0.00058626
4061 100.00 0.00058227
4081 100.00 0.00057833
4101 100.00 0.00057445
4121 100.00 0.00057061
4141 100.00 0.00056682
4161 100.00 0.00056307
4181 100.00 0.00055937
4201 100.00 0.00055571
4221 100.00 0.00055209
4241 100.00 0.00054853
4261 100.00 0.00054499
4281 100.00 0.00054151
4301 100.00 0.00053806
4321 100.00 0.00053465
4341 100.00 0.00053130
4361 100.00 0.00052795
4381 100.00 0.00052466
4401 100.00 0.00052140
4421 100.00 0.00051818
4441 100.00 0.00051500
4461 100.00 0.00051186
4481 100.00 0.00050874
4501 100.00 0.00050566
4521 100.00 0.00050261
4541 100.00 0.00049960
4561 100.00 0.00049662
4581 100.00 0.00049367
4601 100.00 0.00049075
4621 100.00 0.00048787
4641 100.00 0.00048502
4661 100.00 0.00048220
4681 100.00 0.00047941
4701 100.00 0.00047665
4721 100.00 0.00047391
4741 100.00 0.00047121
4761 100.00 0.00046853
4781 100.00 0.00046586
4801 100.00 0.00046324
4821 100.00 0.00046064
4841 100.00 0.00045807
4861 100.00 0.00045552
4881 100.00 0.00045302
4901 100.00 0.00045052
4921 100.00 0.00044805
4941 100.00 0.00044561
4961 100.00 0.00044318
4981 100.00 0.00044079
5001 100.00 0.00043842
5021 100.00 0.00043607
5041 100.00 0.00043374
5061 100.00 0.00043144
5081 100.00 0.00042916
5101 100.00 0.00042690
5121 100.00 0.00042466
5141 100.00 0.00042244
5161 100.00 0.00042025
5181 100.00 0.00041807
5201 100.00 0.00041593
5221 100.00 0.00041379
5241 100.00 0.00041168
5261 100.00 0.00040958
5281 100.00 0.00040749
5301 100.00 0.00040544
5321 100.00 0.00040340
5341 100.00 0.00040139
5361 100.00 0.00039938
5381 100.00 0.00039740
5401 100.00 0.00039543
5421 100.00 0.00039349
5441 100.00 0.00039156
5461 100.00 0.00038965
5481 100.00 0.00038775
5501 100.00 0.00038589
5521 100.00 0.00038402
5541 100.00 0.00038217
5561 100.00 0.00038035
5581 100.00 0.00037853
5601 100.00 0.00037673
5621 100.00 0.00037495
5641 100.00 0.00037318
5661 100.00 0.00037142
5681 100.00 0.00036969
5701 100.00 0.00036796
5721 100.00 0.00036627
5741 100.00 0.00036457
5761 100.00 0.00036289
5781 100.00 0.00036122
5801 100.00 0.00035957
5821 100.00 0.00035794
5841 100.00 0.00035632
5861 100.00 0.00035471
5881 100.00 0.00035311
5901 100.00 0.00035153
5921 100.00 0.00034995
5941 100.00 0.00034839
5961 100.00 0.00034686
5981 100.00 0.00034533
6000 100.00 0.00034388
