1 16.40 2.22372876
41 100.00 0.00414694
81 100.00 0.00142560
121 100.00 0.00081398
161 100.00 0.00055622
201 100.00 0.00041663
241 100.00 0.00033014
281 100.00 0.00027175
321 100.00 0.00022990
361 100.00 0.00019854
401 100.00 0.00017424
441 100.00 0.00015491
481 100.00 0.00013921
521 100.00 0.00012621
561 100.00 0.00011530
601 100.00 0.00010602
641 100.00 0.00009804
681 100.00 0.00009108
721 100.00 0.00008499
761 100.00 0.00007961
801 100.00 0.00007483
841 100.00 0.00007054
881 100.00 0.00006671
921 100.00 0.00006323
961 100.00 0.00006008
1001 100.00 0.00005722
1041 100.00 0.00005459
1081 100.00 0.00005219
1121 100.00 0.00004997
1161 100.00 0.00004792
1200 100.00 0.00004606
