1 40.84 2.26589587
2 45.34 2.17365781
3 63.84 1.82259888
4 75.28 1.06475478
5 81.40 0.70573010
6 84.60 0.56098228
7 85.87 0.48949292
8 87.64 0.43904391
9 88.34 0.40730794
10 89.01 0.38434045
11 89.68 0.36434956
12 90.09 0.34915395
13 90.46 0.33508366
14 90.67 0.32588437
15 90.98 0.31711730
16 91.25 0.30594169
17 91.57 0.29777429
18 91.88 0.28591028
19 91.97 0.28025425
20 92.18 0.27293783
21 92.45 0.26604699
31 94.22 0.20224067
41 95.39 0.16081495
51 96.16 0.13263185
61 96.94 0.10786483
71 97.47 0.08998404
81 97.90 0.07585159
91 98.23 0.06560317
101 98.56 0.05456743
111 98.82 0.04669528
121 98.98 0.04089780
131 99.17 0.03519670
141 99.36 0.02965307
151 99.50 0.02506785
161 99.61 0.02141944
171 99.70 0.01841084
181 99.78 0.01587674
191 99.80 0.01443010
200 99.83 0.01280696
