1 56.30 6.10546980
2 22.40 5.74104462
3 46.50 5.41872187
4 45.60 5.45554667
5 43.60 5.20795965
6 37.60 4.98092728
7 66.60 4.33235588
8 42.80 4.70180578
9 68.50 4.02465420
10 61.90 4.11693001
101 80.60 1.06046114
201 99.30 0.48281322
301 95.40 0.72013026
401 99.70 0.42854171
501 99.60 0.45329863
601 99.90 0.43812536
701 99.40 0.42939559
801 96.00 0.49540247
901 99.80 0.40852384
1001 99.50 0.42738503
1101 99.70 0.43672304
1201 98.70 0.46840646
1301 99.80 0.41775039
1401 99.70 0.40855607
1501 97.80 0.46708613
1601 99.80 0.39679298
1701 99.90 0.39749510
1800 99.60 0.41341929
