1 10.00 2.30180947
201 100.00 0.00057963
401 100.00 0.00019259
601 100.00 0.00010997
801 100.00 0.00007535
1001 100.00 0.00005666
1201 100.00 0.00004506
1401 100.00 0.00003721
1601 100.00 0.00003158
1801 100.00 0.00002735
2001 100.00 0.00002407
2201 100.00 0.00002145
2401 100.00 0.00001931
2601 100.00 0.00001755
2801 100.00 0.00001606
3001 100.00 0.00001479
3201 100.00 0.00001369
3401 100.00 0.00001275
3601 100.00 0.00001191
3801 100.00 0.00001117
4001 100.00 0.00001052
4201 100.00 0.00000993
4401 100.00 0.00000940
4601 100.00 0.00000892
4801 100.00 0.00000849
5001 100.00 0.00000808
5201 100.00 0.00000772
5401 100.00 0.00000739
5601 100.00 0.00000708
5801 100.00 0.00000680
6000 100.00 0.00000653
