1 11.30 2.30135173
2 24.80 2.29983753
3 27.10 2.29849070
4 27.30 2.29698426
5 27.30 2.29526883
6 25.60 2.29325402
7 29.70 2.29094619
8 32.10 2.28809208
9 32.00 2.28463572
10 33.40 2.28013211
11 34.50 2.27436090
12 32.90 2.26644546
13 32.40 2.25542372
14 33.30 2.23941994
15 34.20 2.21517724
16 30.90 2.17560363
17 28.40 2.10915488
18 33.30 2.00596020
19 35.00 1.86306095
20 20.00 1.81976527
21 34.80 1.64638022
22 26.60 2.25331676
23 37.10 1.52938154
24 28.50 1.54090968
25 47.70 1.45158288
26 39.00 1.49074584
27 38.00 1.40451828
28 49.60 1.26239040
29 33.90 1.47008109
30 54.70 1.20486829
31 53.30 1.19835883
32 47.20 1.63524970
33 42.00 1.30950707
34 33.00 1.46722531
35 46.40 1.20857519
36 47.40 1.11693159
37 32.70 1.50837049
38 50.10 1.17099598
39 55.50 1.08525971
40 54.70 1.09114136
41 51.90 1.12213352
42 25.90 1.93807486
43 55.50 1.08338043
44 56.20 1.02665846
45 56.80 0.99427252
46 58.70 0.99017034
47 55.30 1.01808445
48 37.40 1.31429297
49 63.60 0.96458094
50 51.20 1.10486296
51 54.40 1.01983495
52 59.40 0.94835833
53 59.80 0.94875538
54 42.70 1.30120128
55 60.90 0.95791854
56 64.20 0.87341997
57 66.00 0.87692593
58 55.90 1.03945126
59 53.60 1.13716221
60 66.30 0.85854970
61 58.00 0.99663003
62 64.70 0.86631423
63 63.30 0.97587806
64 23.10 2.56668782
65 55.10 1.14529330
66 66.80 0.93516655
67 66.80 0.84007597
68 62.10 0.89935498
69 70.00 0.78796783
70 67.00 0.82112765
71 71.50 0.76796760
72 55.10 1.10223365
73 69.10 0.80308026
74 70.30 0.76183784
75 71.00 0.75822818
76 71.10 0.71323057
77 64.10 0.98224318
78 71.30 0.71588771
79 68.20 0.76293804
80 69.90 0.72035359
81 64.60 0.87034947
82 60.30 0.95072021
83 75.40 0.67079689
84 75.60 0.64485392
85 74.40 0.63125350
86 72.60 0.71854338
87 68.10 0.81963061
88 77.10 0.61756855
89 79.40 0.58916564
90 71.00 0.74377884
91 77.00 0.60998908
92 77.30 0.58634080
93 70.60 0.78688814
94 79.70 0.55708164
95 78.90 0.53459091
96 73.40 0.65962696
97 79.20 0.54401439
98 79.40 0.54391368
99 43.50 1.83499992
100 80.20 0.62329623
101 82.50 0.54130454
151 87.80 0.36051484
201 89.60 0.27506133
251 73.40 0.81807642
301 92.50 0.23119010
351 97.80 0.08536760
401 40.60 1.90761346
451 98.10 0.05881091
501 99.80 0.01352655
551 99.90 0.00952157
601 100.00 0.00257607
651 100.00 0.00143570
701 100.00 0.00097102
751 100.00 0.00073174
801 100.00 0.00058234
851 100.00 0.00047417
901 100.00 0.00039932
951 100.00 0.00034692
1001 100.00 0.00030487
1051 100.00 0.00027150
1101 100.00 0.00024333
1151 100.00 0.00021992
1201 100.00 0.00020190
1251 100.00 0.00018625
1301 100.00 0.00017300
1351 100.00 0.00015981
1401 100.00 0.00014954
1451 100.00 0.00014047
1501 100.00 0.00013186
1551 100.00 0.00012377
1601 100.00 0.00011666
1651 100.00 0.00011130
1701 100.00 0.00010518
1751 100.00 0.00010000
1801 100.00 0.00009607
1851 100.00 0.00009110
1901 100.00 0.00008678
1951 100.00 0.00008311
2001 100.00 0.00007980
2051 100.00 0.00007713
2101 100.00 0.00007424
2151 100.00 0.00007171
2201 100.00 0.00006921
2251 100.00 0.00006654
2301 100.00 0.00006452
2351 100.00 0.00006239
2400 100.00 0.00006063
