1 27.20 29.68054962
2 35.20 19.95639572
3 18.80 12.90751057
4 10.00 8.08002090
5 20.00 4.91988249
6 11.60 3.22988853
7 15.20 2.52820616
8 10.00 2.37888522
9 10.00 2.37108569
10 10.00 2.36988249
11 10.00 2.36951766
12 10.00 2.36947389
13 10.00 2.36938210
14 10.00 2.36944151
15 10.00 2.36942096
16 10.00 2.36941566
17 10.00 2.36936436
18 10.00 2.36927390
19 10.00 2.36937394
20 10.00 2.36949821
21 10.00 2.36939297
22 10.00 2.36956429
23 10.00 2.36950006
24 10.00 2.36945572
25 10.00 2.36936545
26 10.00 2.36928096
27 10.00 2.36938615
28 10.00 2.36940489
29 10.00 2.36946011
30 10.00 2.36927538
401 10.00 2.36934280
801 10.00 2.36938767
1201 10.00 2.36925306
1601 10.00 2.36937079
2001 10.00 2.36936984
2401 10.00 2.36943007
2801 10.00 2.36942182
3201 10.00 2.36943593
3601 10.00 2.36941342
4001 10.00 2.36946201
4401 10.00 2.36941018
4801 10.00 2.36940899
5201 10.00 2.36929984
5601 10.00 2.36931868
6001 10.00 2.36932116
6401 10.00 2.36936622
6801 10.00 2.36930861
7200 10.00 2.36938295
