1 44.80 29.68899765
2 32.60 19.95513535
3 25.60 12.86956825
4 11.20 7.96824112
5 10.00 4.99193325
6 20.70 3.20642242
7 10.00 2.54610496
8 10.00 2.37719975
9 10.00 2.37118268
10 10.00 2.36990924
101 10.00 2.36925931
201 10.00 2.36929398
301 10.00 2.36925416
401 10.00 2.36929030
501 10.00 2.36927581
601 10.00 2.36929479
701 10.00 2.36932225
801 10.00 2.36931939
901 10.00 2.36926360
1001 10.00 2.36930933
1101 10.00 2.36930161
1201 10.00 2.36932101
1301 10.00 2.36926184
1401 10.00 2.36928282
1501 10.00 2.36935310
1601 10.00 2.36931877
1701 10.00 2.36927524
1800 10.00 2.36930208
