1 58.80 3.03321013
2 33.20 2.84366951
3 30.80 3.02182670
4 44.20 2.45440774
5 47.40 2.41495838
6 51.60 2.08161755
7 51.40 2.20082812
8 65.20 1.82996128
9 71.60 1.73256736
10 52.60 2.44438410
11 59.40 1.91026430
12 63.80 1.67257693
13 71.60 1.42013018
14 73.40 1.47895269
15 83.40 1.26210155
16 77.00 1.37756267
17 86.60 1.13758433
18 86.60 1.17583714
19 94.40 0.98809389
20 91.00 1.05119096
201 100.00 0.28998684
401 100.00 0.16246563
601 100.00 0.16875328
801 100.00 0.16179389
1001 96.60 0.34405218
1201 100.00 0.18066397
1401 100.00 0.14096404
1601 100.00 0.12238470
1801 100.00 0.14761557
2001 100.00 0.11466501
2201 100.00 0.11486606
2401 100.00 0.13657211
2601 100.00 0.11535059
2801 100.00 0.10379137
3001 100.00 0.10309835
3201 100.00 0.09172538
3401 100.00 0.10625366
3600 100.00 0.10702205
