1 10.00 2.30295968
2 10.00 2.30277991
3 10.00 2.30260038
4 10.00 2.30242133
5 10.00 2.30224180
6 10.00 2.30206251
7 10.00 2.30188417
8 10.00 2.30170536
9 10.00 2.30152750
10 10.00 2.30134916
11 10.00 2.30117178
12 10.00 2.30099416
13 10.00 2.30081677
14 10.00 2.30064011
15 10.00 2.30046320
16 10.00 2.30028701
17 10.00 2.30011129
18 10.00 2.29993534
19 10.00 2.29975986
20 10.00 2.29958487
21 10.00 2.29940963
22 10.00 2.29923439
23 10.00 2.29905939
24 10.00 2.29888558
25 10.00 2.29871106
26 10.00 2.29853725
27 10.00 2.29836369
28 10.00 2.29819036
29 10.00 2.29801774
30 10.00 2.29784465
31 10.00 2.29767156
32 10.00 2.29749870
33 10.00 2.29732609
34 10.00 2.29715323
35 10.00 2.29698014
36 10.00 2.29680800
37 10.00 2.29663467
38 10.00 2.29646182
39 11.00 2.29628897
40 11.00 2.29611516
41 11.00 2.29594183
42 11.00 2.29576874
43 11.00 2.29559517
44 11.00 2.29542184
45 11.00 2.29524851
46 11.00 2.29507518
47 11.00 2.29490137
48 11.00 2.29472828
49 12.00 2.29455566
50 12.00 2.29438305
51 12.00 2.29420877
52 12.00 2.29403591
53 13.00 2.29386258
54 13.00 2.29368949
55 13.00 2.29351640
56 13.00 2.29334354
57 13.00 2.29317069
58 13.00 2.29299831
59 14.00 2.29282665
60 16.00 2.29265451
61 16.00 2.29248285
62 16.00 2.29231071
63 17.00 2.29213834
64 17.00 2.29196596
65 17.00 2.29179358
66 17.00 2.29162025
67 17.00 2.29144692
68 17.00 2.29127383
69 17.00 2.29110026
70 17.00 2.29092717
71 17.00 2.29075360
72 17.00 2.29057980
73 17.00 2.29040527
74 17.00 2.29023051
75 17.00 2.29005575
76 17.00 2.28988075
77 18.00 2.28970575
78 18.00 2.28953099
79 18.00 2.28935552
80 18.00 2.28918052
81 18.00 2.28900528
82 18.00 2.28882933
83 18.00 2.28865361
84 19.00 2.28847647
85 20.00 2.28829885
86 20.00 2.28812218
87 20.00 2.28794479
88 20.00 2.28776646
89 20.00 2.28758812
90 20.00 2.28740954
91 20.00 2.28723073
92 20.00 2.28705192
93 20.00 2.28687191
94 20.00 2.28669167
95 20.00 2.28651166
96 20.00 2.28633070
97 20.00 2.28615046
98 20.00 2.28596950
99 20.00 2.28578830
100 20.00 2.28560662
101 20.00 2.28542590
102 20.00 2.28524399
103 20.00 2.28506160
104 20.00 2.28487873
105 20.00 2.28469610
106 21.00 2.28451300
107 21.00 2.28432989
108 21.00 2.28414655
109 21.00 2.28396273
110 22.00 2.28377843
111 22.00 2.28359413
112 22.00 2.28341007
113 22.00 2.28322530
114 22.00 2.28304052
115 22.00 2.28285527
116 22.00 2.28267002
117 23.00 2.28248405
118 23.00 2.28229809
119 23.00 2.28211164
120 23.00 2.28192544
121 24.00 2.28173876
122 24.00 2.28155184
123 25.00 2.28136516
124 26.00 2.28117752
125 26.00 2.28099012
126 26.00 2.28080177
127 26.00 2.28061390
128 26.00 2.28042483
129 26.00 2.28023553
130 26.00 2.28004599
131 26.00 2.27985549
132 26.00 2.27966475
133 26.00 2.27947354
134 26.00 2.27928185
135 26.00 2.27908945
136 26.00 2.27889705
137 27.00 2.27870417
138 28.00 2.27851033
139 28.00 2.27831674
140 28.00 2.27812266
141 28.00 2.27792811
142 29.00 2.27773309
143 29.00 2.27753758
144 29.00 2.27734280
145 29.00 2.27714753
146 29.00 2.27695155
147 29.00 2.27675462
148 29.00 2.27655697
149 29.00 2.27635860
150 30.00 2.27615905
151 30.00 2.27596068
152 30.00 2.27576113
153 32.00 2.27556157
154 32.00 2.27536106
155 32.00 2.27516031
156 32.00 2.27495933
157 33.00 2.27475762
158 33.00 2.27455592
159 33.00 2.27435350
160 33.00 2.27415013
161 33.00 2.27394652
162 33.00 2.27374244
163 33.00 2.27353764
164 34.00 2.27333236
165 34.00 2.27312660
166 35.00 2.27292013
167 35.00 2.27271366
168 35.00 2.27250600
169 35.00 2.27229834
170 36.00 2.27208996
171 36.00 2.27188039
172 36.00 2.27167058
173 36.00 2.27146006
174 37.00 2.27124953
175 37.00 2.27103782
176 37.00 2.27082539
177 37.00 2.27061224
178 38.00 2.27039814
179 38.00 2.27018332
180 38.00 2.26996756
181 38.00 2.26975107
182 38.00 2.26953411
183 38.00 2.26931667
184 40.00 2.26909781
185 42.00 2.26887894
186 43.00 2.26865911
187 43.00 2.26843905
188 43.00 2.26821733
189 43.00 2.26799536
190 43.00 2.26777291
191 43.00 2.26754999
192 43.00 2.26732588
193 43.00 2.26710105
194 44.00 2.26687598
195 45.00 2.26665044
196 46.00 2.26642418
197 47.00 2.26619625
198 47.00 2.26596856
199 47.00 2.26573992
200 47.00 2.26550984
201 47.00 2.26528025
301 72.00 2.23742247
401 73.00 2.19237232
501 70.00 2.11049199
601 75.00 1.95273352
701 76.00 1.67540157
801 81.00 1.29385483
901 91.00 0.90234274
1001 97.00 0.59423661
1101 99.00 0.38475034
1201 99.00 0.25278533
1301 99.00 0.17026752
1401 100.00 0.11800906
1501 100.00 0.08471345
1601 100.00 0.06316944
1701 100.00 0.04883020
1801 100.00 0.03895567
1901 100.00 0.03191392
2001 100.00 0.02672488
2101 100.00 0.02279036
2201 100.00 0.01973344
2301 100.00 0.01730656
2401 100.00 0.01534392
2501 100.00 0.01373185
2601 100.00 0.01238881
2701 100.00 0.01125578
2801 100.00 0.01028961
2901 100.00 0.00945811
3001 100.00 0.00873647
3101 100.00 0.00810522
3201 100.00 0.00754916
3301 100.00 0.00705635
3401 100.00 0.00661714
3501 100.00 0.00622358
3601 100.00 0.00586919
3701 100.00 0.00554877
3801 100.00 0.00525786
3901 100.00 0.00499276
4001 100.00 0.00475035
4101 100.00 0.00452790
4201 100.00 0.00432314
4301 100.00 0.00413416
4401 100.00 0.00395927
4501 100.00 0.00379705
4601 100.00 0.00364622
4701 100.00 0.00350571
4801 100.00 0.00337453
4901 100.00 0.00325186
5001 100.00 0.00313690
5101 100.00 0.00302897
5201 100.00 0.00292745
5301 100.00 0.00283183
5401 100.00 0.00274162
5501 100.00 0.00265642
5601 100.00 0.00257580
5701 100.00 0.00249945
5801 100.00 0.00242706
5901 100.00 0.00235832
6001 100.00 0.00229297
6101 100.00 0.00223079
6201 100.00 0.00217157
6301 100.00 0.00211510
6401 100.00 0.00206121
6501 100.00 0.00200974
6601 100.00 0.00196049
6701 100.00 0.00191338
6801 100.00 0.00186826
6901 100.00 0.00182500
7001 100.00 0.00178349
7101 100.00 0.00174367
7201 100.00 0.00170541
7301 100.00 0.00166863
7401 100.00 0.00163325
7501 100.00 0.00159919
7601 100.00 0.00156639
7701 100.00 0.00153479
7801 100.00 0.00150429
7901 100.00 0.00147488
8001 100.00 0.00144650
8101 100.00 0.00141908
8201 100.00 0.00139258
8301 100.00 0.00136695
8401 100.00 0.00134216
8501 100.00 0.00131817
8601 100.00 0.00129494
8701 100.00 0.00127245
8801 100.00 0.00125063
8901 100.00 0.00122948
9001 100.00 0.00120897
9101 100.00 0.00118908
9201 100.00 0.00116976
9301 100.00 0.00115100
9401 100.00 0.00113277
9501 100.00 0.00111507
9601 100.00 0.00109785
9701 100.00 0.00108110
9801 100.00 0.00106483
9901 100.00 0.00104897
10001 100.00 0.00103355
10101 100.00 0.00101853
10201 100.00 0.00100390
10301 100.00 0.00098964
10401 100.00 0.00097576
10501 100.00 0.00096220
10601 100.00 0.00094900
10701 100.00 0.00093611
10801 100.00 0.00092354
10901 100.00 0.00091127
11001 100.00 0.00089931
11101 100.00 0.00088760
11201 100.00 0.00087619
11301 100.00 0.00086502
11401 100.00 0.00085412
11501 100.00 0.00084347
11601 100.00 0.00083306
11701 100.00 0.00082287
11801 100.00 0.00081291
11901 100.00 0.00080317
12001 100.00 0.00079362
12101 100.00 0.00078429
12201 100.00 0.00077517
12301 100.00 0.00076621
12401 100.00 0.00075746
12501 100.00 0.00074888
12601 100.00 0.00074048
12701 100.00 0.00073225
12801 100.00 0.00072417
12901 100.00 0.00071626
13001 100.00 0.00070850
13101 100.00 0.00070089
13201 100.00 0.00069345
13301 100.00 0.00068612
13401 100.00 0.00067896
13501 100.00 0.00067192
13601 100.00 0.00066501
13701 100.00 0.00065823
13801 100.00 0.00065157
13901 100.00 0.00064504
14001 100.00 0.00063862
14101 100.00 0.00063234
14201 100.00 0.00062615
14301 100.00 0.00062007
14401 100.00 0.00061408
14501 100.00 0.00060823
14601 100.00 0.00060245
14701 100.00 0.00059678
14801 100.00 0.00059121
14901 100.00 0.00058574
15001 100.00 0.00058035
15101 100.00 0.00057505
15201 100.00 0.00056984
15301 100.00 0.00056471
15401 100.00 0.00055966
15501 100.00 0.00055471
15601 100.00 0.00054982
15701 100.00 0.00054502
15801 100.00 0.00054028
15901 100.00 0.00053564
16001 100.00 0.00053105
16101 100.00 0.00052655
16201 100.00 0.00052212
16301 100.00 0.00051774
16401 100.00 0.00051343
16501 100.00 0.00050920
16601 100.00 0.00050501
16701 100.00 0.00050090
16801 100.00 0.00049685
16901 100.00 0.00049284
17001 100.00 0.00048890
17101 100.00 0.00048502
17201 100.00 0.00048120
17301 100.00 0.00047742
17401 100.00 0.00047372
17501 100.00 0.00047005
17601 100.00 0.00046644
17701 100.00 0.00046287
17801 100.00 0.00045936
17901 100.00 0.00045590
18001 100.00 0.00045248
18101 100.00 0.00044911
18201 100.00 0.00044579
18301 100.00 0.00044250
18401 100.00 0.00043926
18501 100.00 0.00043607
18601 100.00 0.00043292
18701 100.00 0.00042982
18801 100.00 0.00042675
18901 100.00 0.00042370
19001 100.00 0.00042073
19101 100.00 0.00041777
19201 100.00 0.00041486
19301 100.00 0.00041198
19401 100.00 0.00040914
19501 100.00 0.00040633
19601 100.00 0.00040356
19701 100.00 0.00040082
19801 100.00 0.00039812
19901 100.00 0.00039545
20001 100.00 0.00039281
20101 100.00 0.00039022
20201 100.00 0.00038763
20301 100.00 0.00038511
20401 100.00 0.00038258
20501 100.00 0.00038010
20601 100.00 0.00037766
20701 100.00 0.00037522
20801 100.00 0.00037282
20901 100.00 0.00037046
21001 100.00 0.00036813
21101 100.00 0.00036580
21201 100.00 0.00036351
21301 100.00 0.00036125
21401 100.00 0.00035901
21501 100.00 0.00035680
21601 100.00 0.00035461
21701 100.00 0.00035245
21801 100.00 0.00035032
21901 100.00 0.00034820
22001 100.00 0.00034612
22101 100.00 0.00034405
22201 100.00 0.00034200
22301 100.00 0.00033998
22401 100.00 0.00033797
22501 100.00 0.00033599
22601 100.00 0.00033403
22701 100.00 0.00033210
22801 100.00 0.00033017
22901 100.00 0.00032828
23001 100.00 0.00032641
23101 100.00 0.00032455
23201 100.00 0.00032271
23301 100.00 0.00032090
23401 100.00 0.00031909
23501 100.00 0.00031731
23601 100.00 0.00031554
23701 100.00 0.00031379
23801 100.00 0.00031208
23901 100.00 0.00031035
24001 100.00 0.00030866
24101 100.00 0.00030699
24201 100.00 0.00030534
24301 100.00 0.00030368
24401 100.00 0.00030207
24501 100.00 0.00030044
24601 100.00 0.00029885
24701 100.00 0.00029727
24801 100.00 0.00029570
24901 100.00 0.00029414
25001 100.00 0.00029262
25101 100.00 0.00029109
25201 100.00 0.00028959
25301 100.00 0.00028809
25401 100.00 0.00028661
25501 100.00 0.00028515
25601 100.00 0.00028370
25701 100.00 0.00028225
25801 100.00 0.00028084
25901 100.00 0.00027943
26001 100.00 0.00027803
26101 100.00 0.00027664
26201 100.00 0.00027527
26301 100.00 0.00027391
26401 100.00 0.00027256
26501 100.00 0.00027122
26601 100.00 0.00026990
26701 100.00 0.00026859
26801 100.00 0.00026729
26901 100.00 0.00026600
27001 100.00 0.00026473
27101 100.00 0.00026346
27201 100.00 0.00026221
27301 100.00 0.00026096
27401 100.00 0.00025973
27501 100.00 0.00025850
27601 100.00 0.00025729
27701 100.00 0.00025609
27801 100.00 0.00025490
27901 100.00 0.00025371
28001 100.00 0.00025253
28101 100.00 0.00025138
28201 100.00 0.00025024
28301 100.00 0.00024909
28401 100.00 0.00024796
28501 100.00 0.00024683
28601 100.00 0.00024572
28701 100.00 0.00024461
28801 100.00 0.00024351
28901 100.00 0.00024242
29001 100.00 0.00024136
29101 100.00 0.00024028
29201 100.00 0.00023922
29301 100.00 0.00023818
29401 100.00 0.00023712
29501 100.00 0.00023609
29601 100.00 0.00023507
29701 100.00 0.00023404
29801 100.00 0.00023303
29901 100.00 0.00023204
30001 100.00 0.00023103
30101 100.00 0.00023004
30201 100.00 0.00022908
30301 100.00 0.00022810
30401 100.00 0.00022713
30501 100.00 0.00022618
30601 100.00 0.00022525
30701 100.00 0.00022429
30801 100.00 0.00022336
30901 100.00 0.00022243
31001 100.00 0.00022151
31101 100.00 0.00022060
31201 100.00 0.00021968
31301 100.00 0.00021879
31401 100.00 0.00021790
31501 100.00 0.00021701
31601 100.00 0.00021613
31701 100.00 0.00021526
31801 100.00 0.00021439
31901 100.00 0.00021353
32001 100.00 0.00021269
32101 100.00 0.00021184
32201 100.00 0.00021099
32301 100.00 0.00021016
32401 100.00 0.00020933
32501 100.00 0.00020851
32601 100.00 0.00020769
32701 100.00 0.00020688
32801 100.00 0.00020607
32901 100.00 0.00020527
33001 100.00 0.00020448
33101 100.00 0.00020368
33201 100.00 0.00020290
33301 100.00 0.00020213
33401 100.00 0.00020136
33501 100.00 0.00020059
33601 100.00 0.00019984
33701 100.00 0.00019908
33801 100.00 0.00019833
33901 100.00 0.00019758
34001 100.00 0.00019684
34101 100.00 0.00019612
34201 100.00 0.00019536
34301 100.00 0.00019466
34401 100.00 0.00019392
34501 100.00 0.00019321
34601 100.00 0.00019250
34701 100.00 0.00019180
34801 100.00 0.00019109
34901 100.00 0.00019039
35001 100.00 0.00018971
35101 100.00 0.00018903
35201 100.00 0.00018834
35301 100.00 0.00018766
35401 100.00 0.00018699
35501 100.00 0.00018633
35601 100.00 0.00018565
35701 100.00 0.00018498
35801 100.00 0.00018434
35901 100.00 0.00018368
36000 100.00 0.00018305
