1 85.99 0.44466124
5 96.02 0.13497852
9 96.09 0.12808359
13 98.69 0.04761078
17 98.87 0.03924247
21 99.65 0.01853023
25 99.81 0.01274129
29 99.91 0.00894153
33 99.97 0.00572301
37 99.99 0.00392736
41 100.00 0.00298907
45 100.00 0.00251122
49 100.00 0.00201982
53 100.00 0.00164089
57 100.00 0.00144968
61 100.00 0.00119717
65 100.00 0.00104878
69 100.00 0.00094879
73 100.00 0.00087449
77 100.00 0.00077964
81 100.00 0.00071020
85 100.00 0.00065598
89 100.00 0.00060535
93 100.00 0.00056836
97 100.00 0.00052929
101 100.00 0.00051345
105 100.00 0.00046631
109 100.00 0.00043938
113 100.00 0.00041567
117 100.00 0.00039492
120 100.00 0.00037675
