1 52.92 6.11146266
2 35.82 5.73576806
3 37.83 5.72921920
4 37.17 5.34074509
5 40.45 5.24259624
6 42.75 4.92933331
7 50.55 4.59824553
8 39.30 4.74691665
9 54.48 4.37319043
10 51.68 4.44068826
101 90.95 0.79258804
201 97.67 0.56399308
301 98.72 0.52973448
401 98.40 0.53026193
501 99.50 0.47330257
601 99.72 0.46456262
701 99.43 0.46922596
801 95.45 0.56314879
901 99.35 0.45188602
1001 99.80 0.43381366
1101 99.47 0.46060550
1201 99.42 0.45096671
1301 94.15 0.59516046
1401 99.90 0.42550282
1501 99.17 0.44183910
1601 99.60 0.43138089
1701 92.80 0.65831057
1800 99.90 0.42683536
