1 68.00 3.02973576
2 27.20 2.81557717
3 34.80 2.51030388
4 31.60 2.68112521
5 62.40 2.21126494
6 44.40 2.61742058
7 50.40 2.18819637
8 56.40 2.18521533
9 61.20 1.82439520
10 69.20 1.53598564
11 73.60 1.49474995
12 78.80 1.42046213
13 71.20 1.58864803
14 76.40 1.36947155
15 86.00 1.13356481
16 93.20 1.02326330
17 92.00 1.05072050
18 79.20 1.26559942
19 61.60 1.93014400
20 85.60 1.27938592
21 90.40 1.03949724
22 85.20 1.25574956
23 99.20 0.85128862
24 100.00 0.81020178
25 100.00 0.78613344
26 97.20 0.84023609
27 100.00 0.77231774
28 100.00 0.75638565
29 100.00 0.74847301
30 100.00 0.74205362
401 100.00 0.17620471
801 100.00 0.11355716
1201 25.20 2.69387121
1601 100.00 0.11942254
2001 100.00 0.13471498
2401 100.00 0.11439163
2801 100.00 0.16019278
3201 100.00 0.12197625
3601 100.00 0.11656568
4001 100.00 0.10215278
4401 100.00 0.12620252
4801 100.00 0.09398972
5201 100.00 0.11428547
5601 100.00 0.11636798
6001 100.00 0.10069229
6401 100.00 0.13773776
6801 100.00 0.09324006
7200 100.00 0.10951262
