1 100.00 0.00002571
2 100.00 0.00002577
3 100.00 0.00002582
4 100.00 0.00002587
5 100.00 0.00002593
6 100.00 0.00002598
7 100.00 0.00002604
8 100.00 0.00002610
9 100.00 0.00002616
10 100.00 0.00002621
11 100.00 0.00002626
12 100.00 0.00002632
13 100.00 0.00002638
14 100.00 0.00002643
15 100.00 0.00002649
16 100.00 0.00002654
17 100.00 0.00002660
18 100.00 0.00002665
19 100.00 0.00002672
20 100.00 0.00002677
21 100.00 0.00002682
22 100.00 0.00002688
23 100.00 0.00002693
24 100.00 0.00002700
25 100.00 0.00002705
26 100.00 0.00002711
27 100.00 0.00002717
28 100.00 0.00002722
29 100.00 0.00002728
30 100.00 0.00002734
31 100.00 0.00002740
32 100.00 0.00002745
33 100.00 0.00002751
34 100.00 0.00002757
35 100.00 0.00002763
36 100.00 0.00002769
37 100.00 0.00002774
38 100.00 0.00002781
39 100.00 0.00002787
40 100.00 0.00002792
41 100.00 0.00002798
42 100.00 0.00002804
43 100.00 0.00002809
44 100.00 0.00002815
45 100.00 0.00002821
46 100.00 0.00002827
47 100.00 0.00002832
48 100.00 0.00002838
49 100.00 0.00002845
50 100.00 0.00002851
51 100.00 0.00002856
52 100.00 0.00002863
53 100.00 0.00002869
54 100.00 0.00002876
55 100.00 0.00002881
56 100.00 0.00002887
57 100.00 0.00002893
58 100.00 0.00002899
59 100.00 0.00002906
60 100.00 0.00002912
61 100.00 0.00002919
62 100.00 0.00002923
63 100.00 0.00002929
64 100.00 0.00002937
65 100.00 0.00002942
66 100.00 0.00002948
67 100.00 0.00002955
68 100.00 0.00002961
69 100.00 0.00002967
70 100.00 0.00002973
71 100.00 0.00002979
72 100.00 0.00002985
73 100.00 0.00002991
74 100.00 0.00002998
75 100.00 0.00003004
76 100.00 0.00003010
77 100.00 0.00003017
78 100.00 0.00003023
79 100.00 0.00003029
80 100.00 0.00003036
81 100.00 0.00003042
82 100.00 0.00003049
83 100.00 0.00003056
84 100.00 0.00003062
85 100.00 0.00003068
86 100.00 0.00003074
87 100.00 0.00003080
88 100.00 0.00003087
89 100.00 0.00003093
90 100.00 0.00003100
91 100.00 0.00003106
92 100.00 0.00003113
93 100.00 0.00003119
94 100.00 0.00003125
95 100.00 0.00003132
96 100.00 0.00003139
97 100.00 0.00003145
98 100.00 0.00003152
99 100.00 0.00003158
100 100.00 0.00003165
201 100.00 0.00003896
401 100.00 0.00005796
601 100.00 0.00008462
801 100.00 0.00012121
1001 100.00 0.00017015
1201 100.00 0.00023385
1401 100.00 0.00031427
1601 100.00 0.00041259
1801 100.00 0.00052855
2001 100.00 0.00066028
2201 100.00 0.00080424
2401 100.00 0.00095542
2601 100.00 0.00110816
2801 100.00 0.00125684
3001 100.00 0.00139667
3201 100.00 0.00152410
3401 100.00 0.00163709
3601 100.00 0.00173479
3801 100.00 0.00181755
4001 100.00 0.00188648
4201 100.00 0.00194298
4401 100.00 0.00198874
4601 100.00 0.00202539
4801 100.00 0.00205448
5001 100.00 0.00207744
5201 100.00 0.00209541
5401 100.00 0.00210931
5601 100.00 0.00211999
5801 100.00 0.00212816
6001 100.00 0.00213428
6201 100.00 0.00213869
6401 100.00 0.00214184
6601 100.00 0.00214398
6801 100.00 0.00214521
7001 100.00 0.00214580
7201 100.00 0.00214596
7401 100.00 0.00214578
7601 100.00 0.00214528
7801 100.00 0.00214447
8001 100.00 0.00214344
8201 100.00 0.00214234
8401 100.00 0.00214116
8601 100.00 0.00213985
8801 100.00 0.00213845
9001 100.00 0.00213693
9201 100.00 0.00213537
9401 100.00 0.00213375
9601 100.00 0.00213210
9801 100.00 0.00213040
10001 100.00 0.00212874
10201 100.00 0.00212706
10401 100.00 0.00212531
10601 100.00 0.00212358
10801 100.00 0.00212186
11001 100.00 0.00212010
11201 100.00 0.00211832
11401 100.00 0.00211651
11601 100.00 0.00211474
11801 100.00 0.00211295
12001 100.00 0.00211118
12201 100.00 0.00210941
12401 100.00 0.00210767
12601 100.00 0.00210598
12801 100.00 0.00210429
13001 100.00 0.00210263
13201 100.00 0.00210098
13401 100.00 0.00209930
13601 100.00 0.00209762
13801 100.00 0.00209592
14001 100.00 0.00209421
14201 100.00 0.00209254
14401 100.00 0.00209084
14601 100.00 0.00208915
14801 100.00 0.00208751
15001 100.00 0.00208583
15201 100.00 0.00208420
15401 100.00 0.00208259
15601 100.00 0.00208099
15801 100.00 0.00207939
16001 100.00 0.00207779
16201 100.00 0.00207622
16401 100.00 0.00207469
16601 100.00 0.00207318
16801 100.00 0.00207169
17001 100.00 0.00207020
17201 100.00 0.00206871
17401 100.00 0.00206720
17601 100.00 0.00206572
17801 100.00 0.00206424
18001 100.00 0.00206279
18201 100.00 0.00206132
18401 100.00 0.00205987
18601 100.00 0.00205846
18801 100.00 0.00205706
19001 100.00 0.00205569
19201 100.00 0.00205431
19401 100.00 0.00205295
19601 100.00 0.00205162
19801 100.00 0.00205027
20001 100.00 0.00204891
20201 100.00 0.00204758
20401 100.00 0.00204627
20601 100.00 0.00204497
20801 100.00 0.00204370
21001 100.00 0.00204242
21201 100.00 0.00204117
21401 100.00 0.00203991
21601 100.00 0.00203864
21801 100.00 0.00203737
22001 100.00 0.00203616
22201 100.00 0.00203495
22401 100.00 0.00203375
22601 100.00 0.00203258
22801 100.00 0.00203143
23001 100.00 0.00203028
23201 100.00 0.00202917
23401 100.00 0.00202806
23601 100.00 0.00202695
23801 100.00 0.00202586
24001 100.00 0.00202475
24201 100.00 0.00202368
24401 100.00 0.00202265
24601 100.00 0.00202160
24801 100.00 0.00202057
25001 100.00 0.00201955
25201 100.00 0.00201852
25401 100.00 0.00201750
25601 100.00 0.00201650
25801 100.00 0.00201553
26001 100.00 0.00201453
26201 100.00 0.00201355
26401 100.00 0.00201254
26601 100.00 0.00201159
26801 100.00 0.00201062
27001 100.00 0.00200968
27201 100.00 0.00200871
27401 100.00 0.00200775
27601 100.00 0.00200682
27801 100.00 0.00200590
28001 100.00 0.00200496
28201 100.00 0.00200405
28401 100.00 0.00200315
28601 100.00 0.00200225
28801 100.00 0.00200136
29001 100.00 0.00200049
29201 100.00 0.00199963
29401 100.00 0.00199880
29601 100.00 0.00199794
29801 100.00 0.00199711
30001 100.00 0.00199627
30201 100.00 0.00199544
30401 100.00 0.00199461
30601 100.00 0.00199378
30801 100.00 0.00199296
31001 100.00 0.00199214
31201 100.00 0.00199136
31401 100.00 0.00199058
31601 100.00 0.00198982
31801 100.00 0.00198907
32001 100.00 0.00198834
32201 100.00 0.00198763
32401 100.00 0.00198692
32601 100.00 0.00198624
32801 100.00 0.00198555
33001 100.00 0.00198491
33201 100.00 0.00198427
33401 100.00 0.00198362
33601 100.00 0.00198298
33801 100.00 0.00198234
34001 100.00 0.00198172
34201 100.00 0.00198107
34401 100.00 0.00198044
34601 100.00 0.00197982
34801 100.00 0.00197918
35001 100.00 0.00197856
35201 100.00 0.00197795
35401 100.00 0.00197733
35601 100.00 0.00197674
35801 100.00 0.00197613
36000 100.00 0.00197555
