1 21.35 2.23475072
2 45.90 1.67416328
3 66.45 0.89019637
4 72.40 0.72702805
5 75.80 0.66917083
6 81.65 0.66032303
7 78.80 0.68121685
8 86.30 0.58281292
9 85.50 0.48188184
10 93.25 0.23765399
11 95.20 0.17430351
12 99.20 0.03359502
13 95.25 0.22692520
14 99.35 0.02392027
15 97.10 0.13124039
16 98.70 0.05504228
17 99.20 0.03131721
18 99.95 0.00317469
19 99.95 0.00189195
20 100.00 0.00138009
21 100.00 0.00094731
22 100.00 0.00076422
23 100.00 0.00061440
24 100.00 0.00052144
25 100.00 0.00045179
26 100.00 0.00039812
27 100.00 0.00035810
28 100.00 0.00032293
29 100.00 0.00029560
30 100.00 0.00027260
31 100.00 0.00025238
32 100.00 0.00023500
33 100.00 0.00021928
34 100.00 0.00020678
35 100.00 0.00019521
36 100.00 0.00018484
37 100.00 0.00017408
38 100.00 0.00016545
39 100.00 0.00015876
40 100.00 0.00015055
41 100.00 0.00014427
42 100.00 0.00013933
43 100.00 0.00013300
44 100.00 0.00012761
45 100.00 0.00012317
46 100.00 0.00011774
47 100.00 0.00011405
48 100.00 0.00011175
49 100.00 0.00010697
50 100.00 0.00010325
51 100.00 0.00010034
52 100.00 0.00009669
53 100.00 0.00009460
54 100.00 0.00009116
55 100.00 0.00008882
56 100.00 0.00008609
57 100.00 0.00008380
58 100.00 0.00008198
59 100.00 0.00008013
60 100.00 0.00007811
61 100.00 0.00007615
62 100.00 0.00007376
63 100.00 0.00007211
64 100.00 0.00007102
65 100.00 0.00006896
66 100.00 0.00006737
67 100.00 0.00006623
68 100.00 0.00006469
69 100.00 0.00006405
70 100.00 0.00006252
71 100.00 0.00006085
72 100.00 0.00005976
73 100.00 0.00005851
74 100.00 0.00005723
75 100.00 0.00005640
76 100.00 0.00005516
77 100.00 0.00005461
78 100.00 0.00005338
79 100.00 0.00005232
80 100.00 0.00005133
81 100.00 0.00005088
82 100.00 0.00004962
83 100.00 0.00004892
84 100.00 0.00004793
85 100.00 0.00004713
86 100.00 0.00004637
87 100.00 0.00004584
88 100.00 0.00004515
89 100.00 0.00004435
90 100.00 0.00004436
91 100.00 0.00004312
92 100.00 0.00004263
93 100.00 0.00004214
94 100.00 0.00004118
95 100.00 0.00004105
96 100.00 0.00004033
97 100.00 0.00003968
98 100.00 0.00003908
99 100.00 0.00003850
100 100.00 0.00003830
161 100.00 0.00002068
321 100.00 0.00000916
481 100.00 0.00000567
641 100.00 0.00000410
801 100.00 0.00000318
961 100.00 0.00000259
1121 100.00 0.00000217
1281 100.00 0.00000185
1441 100.00 0.00000163
1601 100.00 0.00000145
1761 100.00 0.00000129
1921 100.00 0.00000117
2081 100.00 0.00000107
2241 100.00 0.00000099
2401 100.00 0.00000091
2561 100.00 0.00000085
2721 100.00 0.00000080
2881 100.00 0.00000075
3041 100.00 0.00000070
3201 100.00 0.00000066
3361 100.00 0.00000062
3521 100.00 0.00000059
3681 100.00 0.00000056
3841 100.00 0.00000055
4001 100.00 0.00000052
4161 100.00 0.00000049
4321 100.00 0.00000047
4481 100.00 0.00000045
4641 100.00 0.00000043
4800 100.00 0.00000042
