1 35.98 29.69994268
2 29.20 19.97087259
3 22.20 12.88702292
4 13.73 8.00630090
5 15.25 4.94704926
6 15.52 3.25890101
7 10.00 2.64130784
8 10.00 2.38728980
9 10.00 2.37316623
10 10.00 2.37062258
101 10.00 2.36930553
201 10.00 2.36926945
301 10.00 2.36928076
401 10.00 2.36928991
501 10.00 2.36927544
601 10.00 2.36929233
701 10.00 2.36927670
801 10.00 2.36927770
901 10.00 2.36927599
1001 10.00 2.36928347
1101 10.00 2.36926317
1201 10.00 2.36930614
1301 10.00 2.36927558
1401 10.00 2.36929032
1501 10.00 2.36932603
1601 10.00 2.36930206
1701 10.00 2.36927962
1800 10.00 2.36925935
