1 12.00 2.30029964
2 15.00 2.29934740
3 17.00 2.29840231
4 18.00 2.29746222
5 19.00 2.29652333
6 20.00 2.29558086
7 20.00 2.29463720
8 21.00 2.29369259
9 21.00 2.29274726
10 22.00 2.29180217
11 23.00 2.29085469
12 24.00 2.28990388
13 25.00 2.28895164
14 26.00 2.28799486
15 27.00 2.28703499
16 28.00 2.28606844
17 29.00 2.28509617
18 29.00 2.28411746
19 32.00 2.28313160
20 34.00 2.28213644
21 35.00 2.28113198
22 35.00 2.28011680
23 35.00 2.27909160
24 38.00 2.27805543
25 41.00 2.27700996
26 45.00 2.27595448
27 46.00 2.27488565
28 46.00 2.27380347
29 50.00 2.27270913
30 53.00 2.27160192
31 54.00 2.27047753
32 54.00 2.26933813
33 54.00 2.26818323
34 54.00 2.26700974
35 55.00 2.26581979
36 57.00 2.26461244
37 58.00 2.26338387
38 62.00 2.26213217
39 65.00 2.26085973
40 66.00 2.25956440
41 66.00 2.25824618
42 67.00 2.25690365
43 67.00 2.25553632
44 68.00 2.25414586
45 70.00 2.25273132
46 70.00 2.25128698
47 70.00 2.24981475
48 70.00 2.24831295
49 70.00 2.24677896
50 70.00 2.24521399
51 70.00 2.24361372
52 71.00 2.24197865
53 73.00 2.24030924
54 73.00 2.23859978
55 75.00 2.23684525
56 75.00 2.23504925
57 75.00 2.23320961
58 76.00 2.23132324
59 76.00 2.22938943
60 76.00 2.22740436
61 77.00 2.22536731
62 77.00 2.22327209
63 77.00 2.22111964
64 78.00 2.21891212
65 78.00 2.21664262
66 79.00 2.21431637
67 79.00 2.21192789
68 79.00 2.20947337
69 79.00 2.20694971
70 79.00 2.20435715
71 79.00 2.20168853
72 79.00 2.19894433
73 79.00 2.19612050
74 79.00 2.19321799
75 79.00 2.19022655
76 79.00 2.18715215
77 79.00 2.18399072
78 78.00 2.18073368
79 78.00 2.17737889
80 79.00 2.17392325
81 77.00 2.17036128
82 77.00 2.16668415
83 77.00 2.16288900
84 77.00 2.15898061
85 77.00 2.15494871
86 77.00 2.15078282
87 76.00 2.14648509
88 76.00 2.14204979
89 77.00 2.13748121
90 77.00 2.13276434
91 77.00 2.12789464
92 77.00 2.12286520
93 77.00 2.11766863
94 77.00 2.11230135
95 77.00 2.10676718
96 77.00 2.10105038
97 77.00 2.09514356
98 76.00 2.08903456
99 76.00 2.08271503
100 76.00 2.07618237
101 75.00 2.06942725
102 75.00 2.06244993
103 75.00 2.05523729
104 75.00 2.04777884
105 75.00 2.04007244
106 75.00 2.03210568
107 75.00 2.02387142
108 75.00 2.01535487
109 75.00 2.00654674
110 75.00 1.99744201
111 75.00 1.98803270
112 75.00 1.97830701
113 75.00 1.96827209
114 75.00 1.95790982
115 75.00 1.94721484
116 75.00 1.93616986
117 75.00 1.92476237
118 76.00 1.91298831
119 78.00 1.90084457
120 78.00 1.88832355
121 78.00 1.87543428
122 78.00 1.86216080
123 79.00 1.84848464
124 79.00 1.83439875
125 79.00 1.81990743
126 79.00 1.80503094
127 80.00 1.78974915
128 80.00 1.77405512
129 80.00 1.75796747
130 80.00 1.74149370
131 82.00 1.72462523
132 82.00 1.70737004
133 82.00 1.68974531
134 82.00 1.67174423
135 82.00 1.65338123
136 82.00 1.63466823
137 82.00 1.61561525
138 82.00 1.59623110
139 82.00 1.57655406
140 83.00 1.55660486
141 84.00 1.53639936
142 85.00 1.51596296
143 85.00 1.49530590
144 87.00 1.47443163
145 87.00 1.45339191
146 87.00 1.43219471
147 88.00 1.41087568
148 89.00 1.38946331
149 89.00 1.36796534
150 88.00 1.34642029
151 88.00 1.32485640
152 88.00 1.30329561
153 88.00 1.28177464
154 87.00 1.26029861
155 87.00 1.23888087
156 88.00 1.21755183
157 88.00 1.19632840
158 88.00 1.17523313
159 88.00 1.15430462
160 89.00 1.13355434
161 89.00 1.11297798
162 89.00 1.09258699
163 89.00 1.07239425
164 89.00 1.05241084
165 89.00 1.03264725
166 89.00 1.01310253
167 89.00 0.99379325
168 90.00 0.97471654
169 90.00 0.95588249
170 90.00 0.93729407
171 90.00 0.91895366
172 90.00 0.90086555
173 90.00 0.88304079
174 90.00 0.86547828
175 90.00 0.84818006
176 90.00 0.83114523
177 91.00 0.81437171
178 91.00 0.79784811
179 93.00 0.78158355
180 94.00 0.76558459
181 94.00 0.74984378
182 94.00 0.73435646
183 94.00 0.71913558
184 94.00 0.70419043
185 94.00 0.68950981
186 94.00 0.67509848
187 94.00 0.66094470
188 94.00 0.64705706
189 94.00 0.63343668
190 95.00 0.62007767
191 95.00 0.60697860
192 95.00 0.59413981
193 95.00 0.58154517
194 95.00 0.56920838
195 96.00 0.55712169
196 96.00 0.54527980
197 96.00 0.53368497
198 96.00 0.52233958
199 96.00 0.51123923
200 96.00 0.50038213
201 97.00 0.48976445
301 100.00 0.07697726
401 100.00 0.02610369
501 100.00 0.01378015
601 100.00 0.00887203
701 100.00 0.00635959
801 100.00 0.00487171
901 100.00 0.00390246
1001 100.00 0.00322816
1101 100.00 0.00273583
1201 100.00 0.00236265
1301 100.00 0.00207129
1401 100.00 0.00183836
1501 100.00 0.00164842
1601 100.00 0.00149099
1701 100.00 0.00135863
1801 100.00 0.00124603
1901 100.00 0.00114917
2001 100.00 0.00106507
2101 100.00 0.00099145
2201 100.00 0.00092653
2301 100.00 0.00086890
2401 100.00 0.00081744
2501 100.00 0.00077124
2601 100.00 0.00072955
2701 100.00 0.00069178
2801 100.00 0.00065741
2901 100.00 0.00062600
3001 100.00 0.00059724
3101 100.00 0.00057079
3201 100.00 0.00054638
3301 100.00 0.00052380
3401 100.00 0.00050286
3501 100.00 0.00048340
3601 100.00 0.00046528
3701 100.00 0.00044835
3801 100.00 0.00043251
3901 100.00 0.00041766
4001 100.00 0.00040370
4101 100.00 0.00039059
4201 100.00 0.00037823
4301 100.00 0.00036655
4401 100.00 0.00035553
4501 100.00 0.00034509
4601 100.00 0.00033520
4701 100.00 0.00032582
4801 100.00 0.00031690
4901 100.00 0.00030842
5001 100.00 0.00030036
5101 100.00 0.00029266
5201 100.00 0.00028531
5301 100.00 0.00027830
5401 100.00 0.00027162
5501 100.00 0.00026519
5601 100.00 0.00025905
5701 100.00 0.00025317
5801 100.00 0.00024753
5901 100.00 0.00024212
6001 100.00 0.00023691
6101 100.00 0.00023191
6201 100.00 0.00022710
6301 100.00 0.00022247
6401 100.00 0.00021800
6501 100.00 0.00021371
6601 100.00 0.00020956
6701 100.00 0.00020556
6801 100.00 0.00020170
6901 100.00 0.00019797
7001 100.00 0.00019435
7101 100.00 0.00019087
7201 100.00 0.00018749
7301 100.00 0.00018424
7401 100.00 0.00018106
7501 100.00 0.00017800
7601 100.00 0.00017503
7701 100.00 0.00017215
7801 100.00 0.00016936
7901 100.00 0.00016665
8001 100.00 0.00016401
8101 100.00 0.00016145
8201 100.00 0.00015896
8301 100.00 0.00015654
8401 100.00 0.00015420
8501 100.00 0.00015191
8601 100.00 0.00014968
8701 100.00 0.00014751
8801 100.00 0.00014541
8901 100.00 0.00014336
9001 100.00 0.00014136
9101 100.00 0.00013941
9201 100.00 0.00013751
9301 100.00 0.00013566
9401 100.00 0.00013384
9501 100.00 0.00013208
9601 100.00 0.00013036
9701 100.00 0.00012870
9801 100.00 0.00012704
9901 100.00 0.00012544
10001 100.00 0.00012388
10101 100.00 0.00012235
10201 100.00 0.00012084
10301 100.00 0.00011939
10401 100.00 0.00011797
10501 100.00 0.00011657
10601 100.00 0.00011520
10701 100.00 0.00011386
10801 100.00 0.00011255
10901 100.00 0.00011127
11001 100.00 0.00011001
11101 100.00 0.00010879
11201 100.00 0.00010759
11301 100.00 0.00010640
11401 100.00 0.00010524
11501 100.00 0.00010410
11601 100.00 0.00010298
11701 100.00 0.00010191
11801 100.00 0.00010084
11901 100.00 0.00009979
12001 100.00 0.00009877
12101 100.00 0.00009775
12201 100.00 0.00009676
12301 100.00 0.00009578
12401 100.00 0.00009483
12501 100.00 0.00009390
12601 100.00 0.00009298
12701 100.00 0.00009208
12801 100.00 0.00009119
12901 100.00 0.00009033
13001 100.00 0.00008947
13101 100.00 0.00008863
13201 100.00 0.00008780
13301 100.00 0.00008698
13401 100.00 0.00008619
13501 100.00 0.00008540
13601 100.00 0.00008464
13701 100.00 0.00008386
13801 100.00 0.00008313
13901 100.00 0.00008240
14001 100.00 0.00008167
14101 100.00 0.00008097
14201 100.00 0.00008027
14301 100.00 0.00007957
14401 100.00 0.00007890
14501 100.00 0.00007823
14601 100.00 0.00007758
14701 100.00 0.00007693
14801 100.00 0.00007629
14901 100.00 0.00007566
15001 100.00 0.00007504
15101 100.00 0.00007445
15201 100.00 0.00007383
15301 100.00 0.00007325
15401 100.00 0.00007267
15501 100.00 0.00007210
15601 100.00 0.00007154
15701 100.00 0.00007097
15801 100.00 0.00007042
15901 100.00 0.00006988
16001 100.00 0.00006935
16101 100.00 0.00006883
16201 100.00 0.00006831
16301 100.00 0.00006780
16401 100.00 0.00006730
16501 100.00 0.00006680
16601 100.00 0.00006631
16701 100.00 0.00006582
16801 100.00 0.00006534
16901 100.00 0.00006488
17001 100.00 0.00006442
17101 100.00 0.00006396
17201 100.00 0.00006351
17301 100.00 0.00006306
17401 100.00 0.00006262
17501 100.00 0.00006218
17601 100.00 0.00006175
17701 100.00 0.00006132
17801 100.00 0.00006091
17901 100.00 0.00006050
18001 100.00 0.00006009
18101 100.00 0.00005968
18201 100.00 0.00005929
18301 100.00 0.00005889
18401 100.00 0.00005850
18501 100.00 0.00005812
18601 100.00 0.00005774
18701 100.00 0.00005737
18801 100.00 0.00005700
18901 100.00 0.00005663
19001 100.00 0.00005627
19101 100.00 0.00005591
19201 100.00 0.00005556
19301 100.00 0.00005520
19401 100.00 0.00005487
19501 100.00 0.00005452
19601 100.00 0.00005419
19701 100.00 0.00005386
19801 100.00 0.00005352
19901 100.00 0.00005319
20001 100.00 0.00005288
20101 100.00 0.00005256
20201 100.00 0.00005224
20301 100.00 0.00005193
20401 100.00 0.00005163
20501 100.00 0.00005134
20601 100.00 0.00005102
20701 100.00 0.00005073
20801 100.00 0.00005043
20901 100.00 0.00005014
21001 100.00 0.00004985
21101 100.00 0.00004957
21201 100.00 0.00004928
21301 100.00 0.00004900
21401 100.00 0.00004873
21501 100.00 0.00004846
21601 100.00 0.00004819
21701 100.00 0.00004791
21801 100.00 0.00004765
21901 100.00 0.00004739
22001 100.00 0.00004714
22101 100.00 0.00004686
22201 100.00 0.00004662
22301 100.00 0.00004637
22401 100.00 0.00004612
22501 100.00 0.00004587
22601 100.00 0.00004563
22701 100.00 0.00004538
22801 100.00 0.00004515
22901 100.00 0.00004490
23001 100.00 0.00004467
23101 100.00 0.00004445
23201 100.00 0.00004421
23301 100.00 0.00004398
23401 100.00 0.00004376
23501 100.00 0.00004354
23601 100.00 0.00004331
23701 100.00 0.00004309
23801 100.00 0.00004287
23901 100.00 0.00004265
24001 100.00 0.00004244
24101 100.00 0.00004223
24201 100.00 0.00004201
24301 100.00 0.00004182
24401 100.00 0.00004162
24501 100.00 0.00004140
24601 100.00 0.00004121
24701 100.00 0.00004099
24801 100.00 0.00004080
24901 100.00 0.00004060
25001 100.00 0.00004041
25101 100.00 0.00004022
25201 100.00 0.00004002
25301 100.00 0.00003983
25401 100.00 0.00003964
25501 100.00 0.00003946
25601 100.00 0.00003928
25701 100.00 0.00003909
25801 100.00 0.00003891
25901 100.00 0.00003872
26001 100.00 0.00003855
26101 100.00 0.00003837
26201 100.00 0.00003819
26301 100.00 0.00003802
26401 100.00 0.00003785
26501 100.00 0.00003767
26601 100.00 0.00003750
26701 100.00 0.00003734
26801 100.00 0.00003717
26901 100.00 0.00003700
27001 100.00 0.00003684
27101 100.00 0.00003668
27201 100.00 0.00003653
27301 100.00 0.00003636
27401 100.00 0.00003619
27501 100.00 0.00003605
27601 100.00 0.00003590
27701 100.00 0.00003574
27801 100.00 0.00003557
27901 100.00 0.00003542
28001 100.00 0.00003527
28101 100.00 0.00003512
28201 100.00 0.00003497
28301 100.00 0.00003482
28401 100.00 0.00003468
28501 100.00 0.00003454
28601 100.00 0.00003439
28701 100.00 0.00003425
28801 100.00 0.00003410
28901 100.00 0.00003396
29001 100.00 0.00003382
29101 100.00 0.00003369
29201 100.00 0.00003355
29301 100.00 0.00003341
29401 100.00 0.00003327
29501 100.00 0.00003314
29601 100.00 0.00003301
29701 100.00 0.00003287
29801 100.00 0.00003274
29901 100.00 0.00003261
30001 100.00 0.00003248
30101 100.00 0.00003235
30201 100.00 0.00003222
30301 100.00 0.00003209
30401 100.00 0.00003198
30501 100.00 0.00003185
30601 100.00 0.00003173
30701 100.00 0.00003160
30801 100.00 0.00003148
30901 100.00 0.00003135
31001 100.00 0.00003124
31101 100.00 0.00003112
31201 100.00 0.00003100
31301 100.00 0.00003089
31401 100.00 0.00003076
31501 100.00 0.00003064
31601 100.00 0.00003053
31701 100.00 0.00003041
31801 100.00 0.00003030
31901 100.00 0.00003018
32001 100.00 0.00003007
32101 100.00 0.00002995
32201 100.00 0.00002985
32301 100.00 0.00002973
32401 100.00 0.00002964
32501 100.00 0.00002953
32601 100.00 0.00002942
32701 100.00 0.00002930
32801 100.00 0.00002919
32901 100.00 0.00002910
33001 100.00 0.00002898
33101 100.00 0.00002888
33201 100.00 0.00002878
33301 100.00 0.00002868
33401 100.00 0.00002857
33501 100.00 0.00002847
33601 100.00 0.00002837
33701 100.00 0.00002827
33801 100.00 0.00002817
33901 100.00 0.00002808
34001 100.00 0.00002798
34101 100.00 0.00002788
34201 100.00 0.00002779
34301 100.00 0.00002769
34401 100.00 0.00002759
34501 100.00 0.00002750
34601 100.00 0.00002741
34701 100.00 0.00002731
34801 100.00 0.00002722
34901 100.00 0.00002713
35001 100.00 0.00002703
35101 100.00 0.00002694
35201 100.00 0.00002685
35301 100.00 0.00002675
35401 100.00 0.00002666
35501 100.00 0.00002658
35601 100.00 0.00002649
35701 100.00 0.00002640
35801 100.00 0.00002631
35901 100.00 0.00002623
36000 100.00 0.00002614
