1 89.28 0.36590801
2 91.24 0.28963659
3 94.53 0.19562813
4 94.74 0.17720635
5 95.98 0.13961303
6 95.69 0.14007379
7 97.06 0.10127753
8 96.83 0.11013884
9 96.71 0.11125693
10 98.06 0.06805320
11 98.07 0.06689430
12 97.65 0.07553326
13 97.98 0.06615835
14 98.85 0.04268678
15 98.62 0.04743171
16 98.97 0.03887142
17 99.11 0.03393861
18 99.24 0.02996420
19 99.48 0.02414661
20 99.50 0.02332558
21 99.44 0.02321165
31 99.75 0.01196202
41 99.98 0.00430405
51 100.00 0.00200499
61 100.00 0.00122766
71 100.00 0.00094657
81 100.00 0.00073122
91 100.00 0.00058789
101 100.00 0.00049729
111 100.00 0.00042476
121 100.00 0.00037644
131 100.00 0.00033273
141 100.00 0.00029598
151 100.00 0.00026610
161 100.00 0.00024434
171 100.00 0.00022191
181 100.00 0.00020470
191 100.00 0.00018970
200 100.00 0.00017803
