1 54.80 9.72063198
2 26.30 9.06773090
3 54.90 8.21453533
4 32.20 8.04184628
5 29.40 7.44606218
6 35.40 7.26288366
7 33.60 6.46468420
8 18.80 6.67928467
9 21.90 6.08262043
10 33.50 5.87478361
101 92.60 0.98252169
201 95.80 0.88836695
301 96.40 0.77153975
401 95.20 0.79073746
501 96.80 0.74197026
601 97.10 0.74304786
701 88.60 1.01342983
801 97.80 0.74621825
901 89.50 0.92461226
1001 87.90 0.94722928
1101 97.20 0.74689471
1201 95.20 0.83529531
1301 85.00 1.03209288
1401 78.60 1.13504488
1501 96.30 0.74243630
1601 97.60 0.71599554
1701 98.20 0.70912746
1800 97.40 0.74075965
