1 19.80 2.29954562
21 63.60 0.89018008
41 64.80 0.85747118
61 86.20 0.37332164
81 78.80 0.52798325
101 87.40 0.35948971
121 92.00 0.19218985
141 94.60 0.20519711
161 98.80 0.07192685
181 98.80 0.05162892
201 98.60 0.05340854
221 100.00 0.01077890
241 86.00 0.32947398
261 100.00 0.00162893
281 100.00 0.00080140
301 100.00 0.00052751
321 100.00 0.00039249
341 100.00 0.00031278
361 100.00 0.00025882
381 100.00 0.00022033
401 100.00 0.00019161
421 100.00 0.00016945
441 100.00 0.00015177
461 100.00 0.00013724
481 100.00 0.00012516
501 100.00 0.00011492
521 100.00 0.00010615
541 100.00 0.00009855
561 100.00 0.00009188
581 100.00 0.00008598
601 100.00 0.00008075
621 100.00 0.00007607
641 100.00 0.00007186
661 100.00 0.00006804
681 100.00 0.00006457
701 100.00 0.00006142
721 100.00 0.00005854
741 100.00 0.00005592
761 100.00 0.00005353
781 100.00 0.00005132
801 100.00 0.00004928
821 100.00 0.00004739
841 100.00 0.00004564
861 100.00 0.00004401
881 100.00 0.00004249
901 100.00 0.00004107
921 100.00 0.00003973
941 100.00 0.00003848
960 100.00 0.00003735
