1 56.00 3.02773468
2 42.00 2.84106659
3 40.75 2.75884165
4 34.25 2.76240096
5 40.50 2.45330993
6 42.75 2.52172629
7 53.75 2.17121902
8 53.25 2.25338044
9 59.50 2.06872383
10 65.50 1.80742899
11 64.25 1.95527183
12 72.75 1.59785998
13 65.00 1.75872991
14 77.50 1.47946371
15 76.50 1.45947396
16 81.25 1.29464656
17 74.75 1.62939594
18 81.50 1.32533476
19 86.00 1.16296223
20 89.00 1.03703772
21 83.75 1.61342383
22 91.50 1.05108011
23 94.75 0.92887673
24 97.00 0.89339171
25 92.50 0.95112991
26 98.50 0.80217128
27 99.00 0.78914959
28 99.25 0.76457481
29 100.00 0.75433735
30 100.00 0.74549938
31 100.00 0.73799262
32 100.00 0.73188384
33 100.00 0.72629396
34 100.00 0.72084442
35 100.00 0.71552755
36 100.00 0.71026080
37 100.00 0.70507522
38 100.00 0.69994069
39 100.00 0.69484463
40 100.00 0.68978806
801 100.00 0.12885414
1601 100.00 0.11601184
2401 100.00 0.10753122
3201 100.00 0.08771351
4001 100.00 0.09247409
4801 100.00 0.08056316
5601 100.00 0.07237638
6401 100.00 0.06903986
7201 100.00 0.08679272
8001 100.00 0.05961699
8801 100.00 0.07773758
9601 100.00 0.07391228
10401 85.00 0.38754887
11201 99.00 0.11413250
12001 100.00 0.06573758
12801 100.00 0.07869703
13601 100.00 0.06512793
14401 100.00 0.07187892
15201 100.00 0.07741627
16001 100.00 0.06911925
16801 100.00 0.09036987
17601 100.00 0.09144777
18000 100.00 0.07848743
