41 100.00 0.00001052
42 100.00 0.00003264
43 100.00 0.00009155
44 100.00 0.00023423
45 100.00 0.00055086
46 100.00 0.00119815
47 100.00 0.00242232
48 100.00 0.00456972
49 100.00 0.00806790
50 100.00 0.01335659
51 100.00 0.02076520
52 100.00 0.03037200
53 100.00 0.04192499
54 100.00 0.05485028
55 100.00 0.06842389
56 100.00 0.08189426
57 100.00 0.09465549
58 100.00 0.10633761
59 100.00 0.11669090
60 100.00 0.12573092
61 100.00 0.13350579
62 100.00 0.14008315
63 100.00 0.14568475
64 100.00 0.15032615
65 100.00 0.15429208
66 100.00 0.15749020
91 100.00 0.17228057
116 100.00 0.16849741
141 100.00 0.16502514
166 100.00 0.16233056
191 100.00 0.16047588
216 100.00 0.15921304
241 100.00 0.15837610
266 100.00 0.15774295
291 100.00 0.15709414
316 100.00 0.15657981
341 100.00 0.15601042
366 100.00 0.15515167
391 100.00 0.15444396
416 100.00 0.15423684
441 100.00 0.15400739
466 100.00 0.15366891
491 100.00 0.15350328
516 100.00 0.15328140
541 100.00 0.15319815
566 100.00 0.15331202
591 100.00 0.15269500
616 100.00 0.15228038
641 100.00 0.15262938
666 100.00 0.15215632
691 100.00 0.15217276
716 100.00 0.15216146
741 100.00 0.15195703
766 100.00 0.15195329
791 100.00 0.15171097
816 100.00 0.15195412
841 100.00 0.15166088
866 100.00 0.15129366
891 100.00 0.15114670
916 100.00 0.15145291
941 100.00 0.15130448
966 100.00 0.15126980
991 100.00 0.15097086
1016 100.00 0.15141811
1040 100.00 0.15146428
