1 88.70 0.39867596
2 91.43 0.29520105
3 93.69 0.22004841
4 95.12 0.16731103
5 95.82 0.14238437
6 96.64 0.11594216
7 97.01 0.10410665
8 97.40 0.09085549
9 97.96 0.07285859
10 98.25 0.06336076
11 98.31 0.05936530
12 98.17 0.06024360
13 98.75 0.04524878
14 98.38 0.05424889
15 99.21 0.03385955
16 99.21 0.03103277
17 99.39 0.02557958
18 99.56 0.02220168
19 99.38 0.02433978
20 99.67 0.01717024
21 99.71 0.01600447
22 99.81 0.01267102
23 99.76 0.01344704
24 99.88 0.00968890
25 99.87 0.00951031
26 99.91 0.00853531
27 99.95 0.00663835
28 99.93 0.00705429
29 99.87 0.00795401
30 99.97 0.00467447
31 99.97 0.00400079
32 99.98 0.00398162
33 99.99 0.00353693
34 99.99 0.00313592
35 99.98 0.00368470
36 100.00 0.00256845
37 100.00 0.00239573
38 100.00 0.00228937
39 100.00 0.00192588
40 100.00 0.00178685
