1 10.00 2.30208278
2 10.00 2.30100703
3 10.00 2.29996395
4 10.00 2.29894400
5 10.00 2.29795384
6 10.00 2.29699659
7 10.00 2.29606485
8 10.00 2.29515553
9 10.00 2.29427528
10 10.00 2.29341531
11 10.00 2.29257655
12 10.00 2.29175878
13 11.00 2.29095936
14 11.00 2.29017615
15 11.00 2.28941107
16 11.00 2.28866291
17 14.00 2.28792691
18 17.00 2.28720522
19 18.00 2.28650093
20 19.00 2.28581047
21 22.00 2.28513217
22 25.00 2.28446865
23 27.00 2.28381753
24 28.00 2.28317666
25 32.00 2.28254223
26 36.00 2.28191566
27 38.00 2.28129864
28 40.00 2.28068876
29 41.00 2.28008986
30 41.00 2.27949953
31 42.00 2.27891612
32 44.00 2.27834082
33 47.00 2.27777362
34 47.00 2.27721167
35 48.00 2.27665424
36 48.00 2.27610373
37 48.00 2.27556300
38 48.00 2.27502632
39 50.00 2.27449441
40 50.00 2.27396894
41 54.00 2.27344823
42 56.00 2.27293181
43 57.00 2.27241826
44 57.00 2.27190995
45 57.00 2.27140450
46 57.00 2.27090120
47 59.00 2.27040100
48 59.00 2.26990461
49 60.00 2.26941061
50 60.00 2.26891994
51 61.00 2.26843309
52 61.00 2.26794863
53 61.00 2.26746774
54 63.00 2.26698852
55 64.00 2.26651025
56 64.00 2.26603556
57 65.00 2.26556110
58 65.00 2.26508832
59 66.00 2.26461506
60 66.00 2.26414466
61 67.00 2.26367497
62 68.00 2.26320457
63 68.00 2.26273513
64 68.00 2.26226687
65 70.00 2.26180005
66 70.00 2.26133537
67 70.00 2.26087213
68 70.00 2.26041055
69 71.00 2.25994968
70 72.00 2.25948787
71 72.00 2.25902653
72 73.00 2.25856805
73 72.00 2.25810862
74 73.00 2.25764751
75 73.00 2.25718617
76 73.00 2.25672293
77 73.00 2.25625801
78 73.00 2.25579309
79 73.00 2.25532770
80 73.00 2.25486279
81 73.00 2.25439692
82 73.00 2.25393200
83 73.00 2.25346684
84 73.00 2.25299931
85 73.00 2.25252962
86 73.00 2.25205517
87 73.00 2.25157785
88 73.00 2.25109935
89 72.00 2.25061941
90 72.00 2.25013685
91 73.00 2.24964929
92 73.00 2.24916005
93 73.00 2.24866700
94 73.00 2.24817252
95 73.00 2.24767590
96 74.00 2.24717689
97 74.00 2.24667549
98 74.00 2.24617124
99 75.00 2.24566483
100 75.00 2.24515438
101 75.00 2.24463964
102 76.00 2.24411964
103 76.00 2.24359608
104 76.00 2.24306893
105 76.00 2.24253750
106 75.00 2.24200130
107 75.00 2.24146152
108 75.00 2.24091721
109 75.00 2.24036932
110 74.00 2.23981571
111 74.00 2.23925805
112 75.00 2.23869443
113 75.00 2.23812628
114 75.00 2.23755193
115 75.00 2.23697281
116 75.00 2.23638821
117 74.00 2.23579931
118 74.00 2.23520517
119 74.00 2.23460388
120 74.00 2.23399639
121 74.00 2.23338270
122 74.00 2.23276329
123 73.00 2.23213887
124 73.00 2.23150587
125 74.00 2.23086643
126 74.00 2.23021936
127 74.00 2.22956491
128 74.00 2.22890401
129 74.00 2.22823524
130 74.00 2.22755957
131 74.00 2.22687554
132 74.00 2.22618413
133 74.00 2.22548318
134 74.00 2.22477412
135 74.00 2.22405481
136 73.00 2.22332621
137 73.00 2.22258830
138 73.00 2.22184062
139 73.00 2.22108531
140 73.00 2.22031832
141 73.00 2.21954107
142 73.00 2.21875358
143 72.00 2.21795511
144 72.00 2.21714640
145 72.00 2.21632600
146 72.00 2.21549463
147 72.00 2.21464968
148 72.00 2.21379232
149 71.00 2.21292257
150 71.00 2.21204090
151 71.00 2.21114802
152 71.00 2.21024227
153 71.00 2.20932317
154 71.00 2.20839024
155 70.00 2.20744467
156 69.00 2.20648623
157 69.00 2.20551372
158 68.00 2.20452714
159 67.00 2.20352650
160 67.00 2.20251107
161 67.00 2.20147943
162 67.00 2.20043111
163 66.00 2.19936514
164 66.00 2.19828129
165 66.00 2.19718027
166 66.00 2.19606161
167 66.00 2.19492435
168 66.00 2.19376564
169 64.00 2.19258618
170 64.00 2.19138813
171 64.00 2.19016790
172 63.00 2.18892574
173 63.00 2.18765926
174 63.00 2.18636990
175 63.00 2.18505621
176 62.00 2.18371916
177 61.00 2.18235707
178 60.00 2.18097067
179 60.00 2.17955852
180 60.00 2.17812037
181 60.00 2.17665434
182 60.00 2.17515850
183 60.00 2.17363381
184 60.00 2.17207909
185 58.00 2.17049336
186 58.00 2.16887569
187 58.00 2.16722584
188 58.00 2.16554403
189 58.00 2.16382957
190 57.00 2.16207814
191 56.00 2.16029024
192 56.00 2.15846515
193 56.00 2.15660286
194 56.00 2.15470171
195 56.00 2.15276408
196 56.00 2.15078712
197 56.00 2.14876890
198 55.00 2.14670849
199 55.00 2.14460468
200 55.00 2.14245653
201 54.00 2.14026165
202 54.00 2.13801885
203 54.00 2.13572717
204 54.00 2.13338304
205 54.00 2.13098788
206 54.00 2.12854075
207 54.00 2.12603903
208 54.00 2.12348032
209 54.00 2.12086177
210 54.00 2.11818409
211 53.00 2.11544490
212 53.00 2.11264443
213 53.00 2.10978055
214 52.00 2.10684943
215 52.00 2.10385060
216 51.00 2.10078168
217 51.00 2.09764075
218 51.00 2.09442544
219 51.00 2.09113550
220 51.00 2.08776879
221 51.00 2.08432341
222 50.00 2.08079767
223 50.00 2.07718635
224 49.00 2.07348895
225 49.00 2.06970358
226 49.00 2.06583071
227 49.00 2.06186771
228 49.00 2.05781150
229 48.00 2.05366111
230 48.00 2.04941654
231 48.00 2.04507518
232 47.00 2.04063559
233 47.00 2.03609753
234 47.00 2.03145957
235 47.00 2.02671719
236 47.00 2.02186871
237 46.00 2.01691413
238 46.00 2.01184988
239 46.00 2.00667691
240 47.00 2.00139332
241 47.00 1.99599802
242 47.00 1.99048841
243 47.00 1.98486531
244 47.00 1.97912979
245 47.00 1.97327745
246 47.00 1.96731079
247 48.00 1.96122921
248 48.00 1.95503676
249 48.00 1.94873106
250 48.00 1.94231296
251 49.00 1.93578434
252 48.00 1.92914903
253 49.00 1.92240596
254 51.00 1.91555631
255 50.00 1.90860367
256 50.00 1.90154862
257 50.00 1.89439404
258 50.00 1.88714337
259 50.00 1.87980092
260 50.00 1.87236857
261 51.00 1.86484873
262 51.00 1.85724926
263 51.00 1.84956980
264 52.00 1.84181821
265 53.00 1.83399892
266 53.00 1.82611287
267 54.00 1.81816542
268 54.00 1.81015730
269 56.00 1.80209363
270 56.00 1.79397786
271 56.00 1.78580964
272 56.00 1.77759123
273 57.00 1.76932478
274 57.00 1.76101136
275 57.00 1.75265384
276 57.00 1.74425614
277 57.00 1.73581755
278 57.00 1.72733760
279 57.00 1.71882021
280 57.00 1.71026182
281 57.00 1.70166445
282 58.00 1.69302547
283 58.00 1.68435013
284 58.00 1.67563283
285 58.00 1.66687703
286 58.00 1.65808153
287 58.00 1.64924729
288 58.00 1.64036906
289 59.00 1.63144577
290 59.00 1.62247396
291 59.00 1.61345196
292 59.00 1.60438442
293 60.00 1.59526622
294 60.00 1.58609700
295 61.00 1.57687378
296 61.00 1.56759679
297 61.00 1.55826688
298 64.00 1.54888093
299 64.00 1.53943849
300 64.00 1.52993488
301 64.00 1.52037537
302 65.00 1.51075840
303 65.00 1.50108278
304 65.00 1.49134970
305 65.00 1.48155880
306 66.00 1.47171307
307 67.00 1.46181154
308 67.00 1.45185471
309 66.00 1.44184113
310 66.00 1.43177593
311 66.00 1.42165899
312 67.00 1.41149688
313 68.00 1.40128875
314 69.00 1.39103794
315 71.00 1.38074374
316 71.00 1.37041020
317 71.00 1.36003983
318 71.00 1.34963751
319 71.00 1.33920825
320 71.00 1.32875443
321 72.00 1.31828356
322 73.00 1.30779505
323 73.00 1.29729414
324 74.00 1.28678572
325 75.00 1.27627337
326 75.00 1.26576114
327 75.00 1.25525534
328 75.00 1.24476111
329 75.00 1.23428404
330 77.00 1.22382736
331 77.00 1.21339655
332 77.00 1.20299840
333 77.00 1.19263709
334 77.00 1.18231761
335 77.00 1.17204654
336 77.00 1.16182446
337 77.00 1.15165806
338 77.00 1.14154875
339 78.00 1.13150191
340 79.00 1.12152481
341 79.00 1.11161947
342 79.00 1.10178936
343 79.00 1.09203982
344 79.00 1.08237016
345 79.00 1.07278597
346 79.00 1.06328928
347 79.00 1.05387998
348 79.00 1.04456055
349 79.00 1.03533161
350 80.00 1.02619708
351 80.00 1.01716137
352 80.00 1.00822091
353 80.00 0.99937415
354 80.00 0.99062264
355 79.00 0.98196864
356 79.00 0.97340935
357 79.00 0.96494460
358 79.00 0.95657539
359 79.00 0.94829905
360 79.00 0.94011480
361 80.00 0.93202472
362 80.00 0.92402405
363 80.00 0.91611445
364 80.00 0.90829539
365 80.00 0.90056562
366 80.00 0.89291799
367 80.00 0.88535863
368 80.00 0.87788260
369 81.00 0.87049299
370 81.00 0.86318660
371 81.00 0.85596013
372 81.00 0.84880590
373 81.00 0.84173018
374 81.00 0.83472657
375 81.00 0.82779920
376 81.00 0.82094085
377 81.00 0.81415540
378 81.00 0.80743676
379 81.00 0.80078298
380 82.00 0.79419601
381 82.00 0.78767508
382 82.00 0.78121996
383 82.00 0.77483004
384 82.00 0.76850271
385 83.00 0.76224154
386 83.00 0.75604051
387 84.00 0.74990213
388 84.00 0.74382234
389 85.00 0.73779809
390 85.00 0.73183274
391 86.00 0.72592783
392 87.00 0.72007936
393 87.00 0.71429235
394 87.00 0.70856237
395 87.00 0.70289284
396 88.00 0.69727188
397 88.00 0.69170892
398 88.00 0.68619829
399 89.00 0.68074495
400 89.00 0.67534375
401 89.00 0.67000085
501 97.00 0.35160744
601 98.00 0.25171584
701 98.00 0.21070002
801 100.00 0.19136237
901 100.00 0.18155964
1001 100.00 0.17596298
1101 100.00 0.17242971
1201 100.00 0.17000799
1301 100.00 0.16820881
1401 100.00 0.16680355
1501 100.00 0.16564791
1601 100.00 0.16469581
1701 100.00 0.16381401
1801 100.00 0.16309075
1901 100.00 0.16242929
2001 100.00 0.16187602
2101 100.00 0.16134639
2201 100.00 0.16089255
2301 100.00 0.16050273
2401 100.00 0.16015603
2501 100.00 0.15985201
2601 100.00 0.15955834
2701 100.00 0.15927202
2801 100.00 0.15902428
2901 100.00 0.15880333
3001 100.00 0.15861896
3101 100.00 0.15844412
3201 100.00 0.15829401
3301 100.00 0.15813400
3401 100.00 0.15801972
3501 100.00 0.15788785
3601 100.00 0.15777960
3701 100.00 0.15766194
3801 100.00 0.15754473
3901 100.00 0.15742607
4001 100.00 0.15733118
4101 100.00 0.15727548
4201 100.00 0.15719248
4301 100.00 0.15708548
4401 100.00 0.15698670
4501 100.00 0.15690584
4601 100.00 0.15684511
4701 100.00 0.15678781
4801 100.00 0.15671161
4901 100.00 0.15661621
5001 100.00 0.15655327
5101 100.00 0.15650673
5201 100.00 0.15644425
5301 100.00 0.15637703
5401 100.00 0.15626951
5501 100.00 0.15623961
5601 100.00 0.15617280
5701 100.00 0.15612511
5801 100.00 0.15605578
5901 100.00 0.15600891
6001 100.00 0.15594749
6101 100.00 0.15594201
6201 100.00 0.15586376
6301 100.00 0.15577383
6401 100.00 0.15575555
6501 100.00 0.15568237
6601 100.00 0.15566783
6701 100.00 0.15560749
6801 100.00 0.15554209
6901 100.00 0.15551010
7001 100.00 0.15544459
7101 100.00 0.15542069
7201 100.00 0.15538402
7301 100.00 0.15532379
7401 100.00 0.15528575
7501 100.00 0.15526018
7601 100.00 0.15521728
7701 100.00 0.15515119
7801 100.00 0.15517060
7901 100.00 0.15512012
8001 100.00 0.15506515
8101 100.00 0.15504359
8201 100.00 0.15500711
8301 100.00 0.15497382
8401 100.00 0.15491644
8501 100.00 0.15493707
8601 100.00 0.15490144
8701 100.00 0.15484947
8801 100.00 0.15485659
8901 100.00 0.15480144
9001 100.00 0.15474623
9101 100.00 0.15476842
9201 100.00 0.15471184
9301 100.00 0.15467720
9401 100.00 0.15467854
9501 100.00 0.15463616
9601 100.00 0.15464424
9701 100.00 0.15462182
9801 100.00 0.15456375
9901 100.00 0.15456916
10001 100.00 0.15452164
10101 100.00 0.15446970
10201 100.00 0.15448529
10301 100.00 0.15448354
10401 100.00 0.15445371
10501 100.00 0.15441748
10601 100.00 0.15442966
10701 100.00 0.15436870
10801 100.00 0.15437326
10901 100.00 0.15436479
11001 100.00 0.15430376
11101 100.00 0.15430059
11201 100.00 0.15429944
11301 100.00 0.15430258
11401 100.00 0.15426151
11501 100.00 0.15424323
11601 100.00 0.15424336
11701 100.00 0.15424433
11801 100.00 0.15418477
11901 100.00 0.15413961
12001 100.00 0.15417829
12101 100.00 0.15417169
12201 100.00 0.15415733
12301 100.00 0.15410982
12401 100.00 0.15411420
12501 100.00 0.15410763
12601 100.00 0.15403600
12701 100.00 0.15403064
12801 100.00 0.15406094
12901 100.00 0.15408430
13001 100.00 0.15404381
13101 100.00 0.15402670
13201 100.00 0.15398210
13301 100.00 0.15405002
13401 100.00 0.15396276
13501 100.00 0.15398736
13601 100.00 0.15396057
13701 100.00 0.15394782
13801 100.00 0.15391319
13901 100.00 0.15389168
14001 100.00 0.15388857
14101 100.00 0.15387321
14201 100.00 0.15383960
14301 100.00 0.15390408
14401 100.00 0.15386082
14501 100.00 0.15385674
14601 100.00 0.15389523
14701 100.00 0.15380061
14801 100.00 0.15381078
14901 100.00 0.15382862
15001 100.00 0.15382554
15101 100.00 0.15382242
15201 100.00 0.15378322
15301 100.00 0.15374885
15401 100.00 0.15381084
15501 100.00 0.15375817
15601 100.00 0.15377612
15701 100.00 0.15369751
15801 100.00 0.15376659
15901 100.00 0.15370332
16001 100.00 0.15365139
16101 100.00 0.15364598
16201 100.00 0.15371433
16301 100.00 0.15371774
16401 100.00 0.15363657
16501 100.00 0.15365912
16601 100.00 0.15361337
16701 100.00 0.15365024
16801 100.00 0.15357384
16901 100.00 0.15361992
17001 100.00 0.15356174
17101 100.00 0.15355095
17201 100.00 0.15353927
17301 100.00 0.15362310
17401 100.00 0.15352306
17501 100.00 0.15350667
17601 100.00 0.15350623
17701 100.00 0.15351737
17801 100.00 0.15347490
17901 100.00 0.15351483
18001 100.00 0.15349886
18101 100.00 0.15349659
18201 100.00 0.15350081
18301 100.00 0.15346962
18401 100.00 0.15344885
18501 100.00 0.15347067
18601 100.00 0.15340705
18701 100.00 0.15343279
18801 100.00 0.15349990
18901 100.00 0.15345289
19001 100.00 0.15339430
19101 100.00 0.15342285
19201 100.00 0.15343364
19301 100.00 0.15338869
19401 100.00 0.15337807
19501 100.00 0.15334088
19601 100.00 0.15337983
19701 100.00 0.15333773
19801 100.00 0.15337291
19901 100.00 0.15332726
20001 100.00 0.15339927
20101 100.00 0.15333842
20201 100.00 0.15337561
20301 100.00 0.15334819
20401 100.00 0.15337032
20501 100.00 0.15339662
20601 100.00 0.15333906
20701 100.00 0.15330949
20801 100.00 0.15333045
20901 100.00 0.15328616
21001 100.00 0.15326586
21101 100.00 0.15326974
21201 100.00 0.15325865
21301 100.00 0.15323101
21401 100.00 0.15323320
21501 100.00 0.15325364
21601 100.00 0.15325688
21701 100.00 0.15323532
21801 100.00 0.15321380
21901 100.00 0.15322387
22001 100.00 0.15323634
22101 100.00 0.15319845
22201 100.00 0.15321773
22301 100.00 0.15317909
22401 100.00 0.15324539
22501 100.00 0.15321529
22601 100.00 0.15324955
22701 100.00 0.15320782
22801 100.00 0.15314974
22901 100.00 0.15316647
23001 100.00 0.15317330
23101 100.00 0.15310541
23201 100.00 0.15317370
23301 100.00 0.15320866
23401 100.00 0.15315677
23501 100.00 0.15313306
23601 100.00 0.15311579
23701 100.00 0.15317261
23801 100.00 0.15309699
23901 100.00 0.15310739
24000 100.00 0.15309349
