1 42.80 2.26676807
81 100.00 0.00285713
161 100.00 0.00105380
241 100.00 0.00061414
321 100.00 0.00042399
401 100.00 0.00031983
481 100.00 0.00025473
561 100.00 0.00021050
641 100.00 0.00017863
721 100.00 0.00015466
801 100.00 0.00013603
881 100.00 0.00012119
961 100.00 0.00010910
1041 100.00 0.00009905
1121 100.00 0.00009059
1201 100.00 0.00008338
1281 100.00 0.00007718
1361 100.00 0.00007178
1441 100.00 0.00006703
1521 100.00 0.00006284
1601 100.00 0.00005912
1681 100.00 0.00005579
1761 100.00 0.00005278
1841 100.00 0.00005006
1921 100.00 0.00004759
2001 100.00 0.00004534
2081 100.00 0.00004327
2161 100.00 0.00004139
2241 100.00 0.00003965
2321 100.00 0.00003803
2400 100.00 0.00003656
