1 12.20 2.29504321
2 18.12 2.28575395
3 24.75 2.27595067
4 28.25 2.26513785
5 30.66 2.25284918
6 31.67 2.23853774
7 31.86 2.22153037
8 32.13 2.20108477
9 32.97 2.17626636
10 34.66 2.14596231
11 37.67 2.10885443
12 40.60 2.06365561
13 43.39 2.00864705
14 45.97 1.94268194
15 48.45 1.86604497
16 50.59 1.78134953
17 52.03 1.69398862
18 52.62 1.60876958
19 54.74 1.52889345
20 57.62 1.45598346
21 59.01 1.39039586
22 59.15 1.33196876
23 60.20 1.28037758
24 60.63 1.23453244
25 61.44 1.19319193
26 61.89 1.15642510
27 62.44 1.12296753
28 62.76 1.09262848
29 63.22 1.06497470
30 63.62 1.03935435
31 64.33 1.01605489
32 64.71 0.99405227
33 65.37 0.97384215
34 66.09 0.95471809
35 66.28 0.93747378
36 66.56 0.92047928
37 67.12 0.90505888
38 67.91 0.89052259
39 67.88 0.87665678
40 68.54 0.86430910
41 68.43 0.85242251
42 69.16 0.84090328
43 69.18 0.83064309
44 69.76 0.82012827
45 70.04 0.81132881
46 70.02 0.80201763
47 70.55 0.79372806
48 70.52 0.78576980
49 70.87 0.77829171
50 71.43 0.77071112
51 71.51 0.76398745
52 71.51 0.75770888
53 71.93 0.75156591
54 72.31 0.74485612
55 72.66 0.73960008
56 72.82 0.73316836
57 73.09 0.72871749
58 73.10 0.72358915
59 73.83 0.71825242
60 73.77 0.71300216
61 74.19 0.70828920
62 74.42 0.70339955
63 74.54 0.69899180
64 74.86 0.69432292
65 75.05 0.69025992
66 75.17 0.68613714
67 75.50 0.68193859
68 75.88 0.67815215
69 75.82 0.67398618
70 75.96 0.67105277
71 76.05 0.66643501
72 76.21 0.66258754
73 76.17 0.65888307
74 76.62 0.65474233
75 76.87 0.65105441
76 76.63 0.64815588
77 76.77 0.64535628
78 77.20 0.64098007
79 77.26 0.63819333
80 77.64 0.63495947
81 77.33 0.63199142
82 77.83 0.62839991
83 78.00 0.62471205
84 78.01 0.62181574
85 78.28 0.61912746
86 78.27 0.61685892
87 78.37 0.61415929
88 78.55 0.61049443
89 78.75 0.60794231
90 78.83 0.60523005
91 78.88 0.60243692
92 79.05 0.59982736
93 79.09 0.59739899
94 79.25 0.59466233
95 79.23 0.59239501
96 79.48 0.58995677
97 79.51 0.58750654
98 79.65 0.58542726
99 79.72 0.58302420
100 79.77 0.58094725
