1 10.00 2.30239809
201 28.00 2.29459661
401 59.00 2.26053083
601 77.00 1.29273030
801 100.00 0.02417354
1001 100.00 0.00544620
1201 100.00 0.00267932
1401 100.00 0.00168889
1601 100.00 0.00120172
1801 100.00 0.00091855
2001 100.00 0.00073591
2201 100.00 0.00060949
2401 100.00 0.00051740
2601 100.00 0.00044764
2801 100.00 0.00039320
3001 100.00 0.00034963
3201 100.00 0.00031408
3401 100.00 0.00028457
3601 100.00 0.00025975
3801 100.00 0.00023860
4001 100.00 0.00022038
4201 100.00 0.00020455
4401 100.00 0.00019066
4601 100.00 0.00017840
4801 100.00 0.00016752
5001 100.00 0.00015778
5201 100.00 0.00014903
5401 100.00 0.00014113
5601 100.00 0.00013395
5801 100.00 0.00012743
6000 100.00 0.00012148
