1 12.40 2.30110579
41 46.00 1.14580827
81 48.80 1.80302436
121 86.80 0.43680716
161 92.40 0.19646587
201 95.20 0.12441907
241 84.40 0.47195760
281 98.00 0.06938278
321 96.40 0.11892169
361 100.00 0.00774562
401 100.00 0.00218779
441 100.00 0.00119057
481 100.00 0.00080690
521 100.00 0.00059927
561 100.00 0.00047184
601 100.00 0.00038659
641 100.00 0.00032595
681 100.00 0.00028108
721 100.00 0.00024642
761 100.00 0.00021857
801 100.00 0.00019601
841 100.00 0.00017739
881 100.00 0.00016193
921 100.00 0.00014869
961 100.00 0.00013731
1001 100.00 0.00012742
1041 100.00 0.00011876
1081 100.00 0.00011109
1121 100.00 0.00010423
1161 100.00 0.00009819
1201 100.00 0.00009276
1241 100.00 0.00008782
1281 100.00 0.00008333
1321 100.00 0.00007914
1361 100.00 0.00007525
1401 100.00 0.00007173
1441 100.00 0.00006850
1481 100.00 0.00006556
1521 100.00 0.00006290
1561 100.00 0.00006043
1601 100.00 0.00005816
1641 100.00 0.00005601
1681 100.00 0.00005401
1721 100.00 0.00005215
1761 100.00 0.00005041
1801 100.00 0.00004877
1841 100.00 0.00004722
1881 100.00 0.00004576
1920 100.00 0.00004441
