1 48.10 9.72749157
2 50.70 8.97157745
3 60.40 8.36706924
4 42.20 8.03161049
5 24.90 7.67287683
6 42.10 6.73072557
7 28.40 6.86299582
8 45.40 6.14689293
9 38.10 5.99693909
10 52.50 5.25031509
101 75.10 1.29410272
201 95.90 0.83771548
301 96.10 0.82198884
401 92.20 0.94861642
501 96.50 0.80896001
601 84.80 1.10048110
701 92.80 0.85922104
801 94.90 0.81689694
901 96.80 0.79681247
1001 97.90 0.76300364
1101 97.10 0.78604729
1201 94.40 0.83438407
1301 97.00 0.77289466
1401 96.50 0.78283057
1501 97.40 0.74203249
1601 81.30 1.20052145
1701 97.70 0.74723129
1800 80.90 1.15960660
