1 68.40 0.88479419
5 96.59 0.11540662
9 98.48 0.05219205
13 98.77 0.04085892
17 99.74 0.01198332
21 99.74 0.01095077
25 99.99 0.00187961
29 100.00 0.00083650
33 100.00 0.00046179
37 100.00 0.00033574
41 100.00 0.00026144
45 100.00 0.00021432
49 100.00 0.00018160
53 100.00 0.00015662
57 100.00 0.00013739
61 100.00 0.00012281
65 100.00 0.00011008
69 100.00 0.00010000
73 100.00 0.00009138
77 100.00 0.00008405
81 100.00 0.00007776
85 100.00 0.00007205
89 100.00 0.00006722
93 100.00 0.00006302
97 100.00 0.00005937
101 100.00 0.00005585
105 100.00 0.00005275
109 100.00 0.00004999
113 100.00 0.00004747
117 100.00 0.00004517
120 100.00 0.00004357
