1 24.00 2.28557199
2 54.00 2.27007705
3 70.00 2.25230491
4 69.00 2.23155886
5 79.00 2.20587254
6 80.00 2.16967702
7 83.00 2.12144715
8 79.00 2.05768001
9 80.00 1.96482718
10 81.00 1.84025219
11 88.00 1.68436557
12 79.00 1.49049369
13 76.00 1.35099259
14 72.00 1.22120589
15 73.00 1.01290900
16 58.00 1.25012690
17 90.00 0.75712064
18 89.00 0.61996862
19 86.00 0.54344602
20 80.00 0.55862316
21 89.00 0.38433444
41 100.00 0.03215154
61 100.00 0.01240409
81 100.00 0.00715003
101 100.00 0.00486659
121 100.00 0.00362458
141 100.00 0.00285233
161 100.00 0.00233344
181 100.00 0.00196243
201 100.00 0.00168612
221 100.00 0.00147231
241 100.00 0.00130325
261 100.00 0.00116638
281 100.00 0.00105388
301 100.00 0.00095960
321 100.00 0.00087979
341 100.00 0.00081120
361 100.00 0.00075178
381 100.00 0.00069988
401 100.00 0.00065408
421 100.00 0.00061348
441 100.00 0.00057724
461 100.00 0.00054477
481 100.00 0.00051553
501 100.00 0.00048903
521 100.00 0.00046486
541 100.00 0.00044283
561 100.00 0.00042263
581 100.00 0.00040407
601 100.00 0.00038692
621 100.00 0.00037107
641 100.00 0.00035636
661 100.00 0.00034270
681 100.00 0.00032996
701 100.00 0.00031810
721 100.00 0.00030699
741 100.00 0.00029656
761 100.00 0.00028679
781 100.00 0.00027759
801 100.00 0.00026892
821 100.00 0.00026076
841 100.00 0.00025302
861 100.00 0.00024571
881 100.00 0.00023876
901 100.00 0.00023220
921 100.00 0.00022593
941 100.00 0.00021998
961 100.00 0.00021433
981 100.00 0.00020894
1001 100.00 0.00020378
1021 100.00 0.00019886
1041 100.00 0.00019415
1061 100.00 0.00018966
1081 100.00 0.00018536
1101 100.00 0.00018120
1121 100.00 0.00017726
1141 100.00 0.00017343
1161 100.00 0.00016977
1181 100.00 0.00016626
1201 100.00 0.00016289
1221 100.00 0.00015963
1241 100.00 0.00015649
1261 100.00 0.00015345
1281 100.00 0.00015053
1301 100.00 0.00014771
1321 100.00 0.00014497
1341 100.00 0.00014234
1361 100.00 0.00013979
1381 100.00 0.00013733
1401 100.00 0.00013495
1421 100.00 0.00013263
1441 100.00 0.00013041
1461 100.00 0.00012824
1481 100.00 0.00012613
1501 100.00 0.00012409
1521 100.00 0.00012211
1541 100.00 0.00012019
1561 100.00 0.00011833
1581 100.00 0.00011653
1601 100.00 0.00011477
1621 100.00 0.00011305
1641 100.00 0.00011139
1661 100.00 0.00010976
1681 100.00 0.00010817
1701 100.00 0.00010664
1721 100.00 0.00010514
1741 100.00 0.00010367
1761 100.00 0.00010226
1781 100.00 0.00010087
1801 100.00 0.00009952
1821 100.00 0.00009822
1841 100.00 0.00009693
1861 100.00 0.00009567
1881 100.00 0.00009443
1901 100.00 0.00009323
1921 100.00 0.00009205
1941 100.00 0.00009091
1961 100.00 0.00008979
1981 100.00 0.00008870
2001 100.00 0.00008764
2021 100.00 0.00008658
2041 100.00 0.00008556
2061 100.00 0.00008456
2081 100.00 0.00008359
2101 100.00 0.00008263
2121 100.00 0.00008169
2141 100.00 0.00008077
2161 100.00 0.00007987
2181 100.00 0.00007900
2201 100.00 0.00007812
2221 100.00 0.00007728
2241 100.00 0.00007645
2261 100.00 0.00007564
2281 100.00 0.00007484
2301 100.00 0.00007406
2321 100.00 0.00007329
2341 100.00 0.00007254
2361 100.00 0.00007180
2381 100.00 0.00007108
2401 100.00 0.00007037
2421 100.00 0.00006969
2441 100.00 0.00006900
2461 100.00 0.00006832
2481 100.00 0.00006766
2501 100.00 0.00006702
2521 100.00 0.00006638
2541 100.00 0.00006575
2561 100.00 0.00006513
2581 100.00 0.00006454
2601 100.00 0.00006394
2621 100.00 0.00006336
2641 100.00 0.00006278
2661 100.00 0.00006222
2681 100.00 0.00006167
2701 100.00 0.00006113
2721 100.00 0.00006059
2741 100.00 0.00006006
2761 100.00 0.00005954
2781 100.00 0.00005904
2801 100.00 0.00005853
2821 100.00 0.00005803
2841 100.00 0.00005755
2861 100.00 0.00005706
2881 100.00 0.00005659
2901 100.00 0.00005612
2921 100.00 0.00005566
2941 100.00 0.00005522
2961 100.00 0.00005478
2981 100.00 0.00005432
3001 100.00 0.00005389
3021 100.00 0.00005348
3041 100.00 0.00005306
3061 100.00 0.00005265
3081 100.00 0.00005223
3101 100.00 0.00005185
3121 100.00 0.00005144
3141 100.00 0.00005106
3161 100.00 0.00005068
3181 100.00 0.00005029
3201 100.00 0.00004993
3221 100.00 0.00004955
3241 100.00 0.00004918
3261 100.00 0.00004884
3281 100.00 0.00004848
3301 100.00 0.00004813
3321 100.00 0.00004779
3341 100.00 0.00004744
3361 100.00 0.00004712
3381 100.00 0.00004678
3401 100.00 0.00004646
3421 100.00 0.00004613
3441 100.00 0.00004582
3461 100.00 0.00004550
3481 100.00 0.00004519
3501 100.00 0.00004489
3521 100.00 0.00004459
3541 100.00 0.00004428
3561 100.00 0.00004398
3581 100.00 0.00004370
3601 100.00 0.00004341
3621 100.00 0.00004313
3641 100.00 0.00004284
3661 100.00 0.00004257
3681 100.00 0.00004229
3701 100.00 0.00004202
3721 100.00 0.00004175
3741 100.00 0.00004149
3761 100.00 0.00004122
3781 100.00 0.00004097
3801 100.00 0.00004071
3821 100.00 0.00004046
3841 100.00 0.00004021
3861 100.00 0.00003996
3881 100.00 0.00003972
3901 100.00 0.00003949
3921 100.00 0.00003925
3941 100.00 0.00003901
3961 100.00 0.00003876
3981 100.00 0.00003854
4001 100.00 0.00003831
4021 100.00 0.00003808
4041 100.00 0.00003786
4061 100.00 0.00003764
4081 100.00 0.00003742
4101 100.00 0.00003721
4121 100.00 0.00003699
4141 100.00 0.00003678
4161 100.00 0.00003657
4181 100.00 0.00003636
4201 100.00 0.00003615
4221 100.00 0.00003595
4241 100.00 0.00003575
4261 100.00 0.00003556
4281 100.00 0.00003535
4301 100.00 0.00003517
4321 100.00 0.00003497
4341 100.00 0.00003477
4361 100.00 0.00003459
4381 100.00 0.00003440
4401 100.00 0.00003421
4421 100.00 0.00003404
4441 100.00 0.00003386
4461 100.00 0.00003368
4481 100.00 0.00003351
4501 100.00 0.00003333
4521 100.00 0.00003315
4541 100.00 0.00003298
4561 100.00 0.00003281
4581 100.00 0.00003265
4601 100.00 0.00003248
4621 100.00 0.00003232
4641 100.00 0.00003215
4661 100.00 0.00003198
4681 100.00 0.00003182
4701 100.00 0.00003167
4721 100.00 0.00003151
4741 100.00 0.00003135
4761 100.00 0.00003119
4781 100.00 0.00003104
4801 100.00 0.00003089
4821 100.00 0.00003074
4841 100.00 0.00003060
4861 100.00 0.00003044
4881 100.00 0.00003029
4901 100.00 0.00003015
4921 100.00 0.00003000
4941 100.00 0.00002986
4961 100.00 0.00002972
4981 100.00 0.00002958
5001 100.00 0.00002944
5021 100.00 0.00002929
5041 100.00 0.00002917
5061 100.00 0.00002903
5081 100.00 0.00002890
5101 100.00 0.00002876
5121 100.00 0.00002864
5141 100.00 0.00002850
5161 100.00 0.00002837
5181 100.00 0.00002824
5201 100.00 0.00002812
5221 100.00 0.00002799
5241 100.00 0.00002787
5261 100.00 0.00002775
5281 100.00 0.00002762
5301 100.00 0.00002749
5321 100.00 0.00002737
5341 100.00 0.00002726
5361 100.00 0.00002714
5381 100.00 0.00002703
5401 100.00 0.00002690
5421 100.00 0.00002678
5441 100.00 0.00002667
5461 100.00 0.00002656
5481 100.00 0.00002644
5501 100.00 0.00002633
5521 100.00 0.00002622
5541 100.00 0.00002611
5561 100.00 0.00002599
5581 100.00 0.00002589
5601 100.00 0.00002578
5621 100.00 0.00002566
5641 100.00 0.00002556
5661 100.00 0.00002546
5681 100.00 0.00002536
5701 100.00 0.00002525
5721 100.00 0.00002515
5741 100.00 0.00002505
5761 100.00 0.00002495
5781 100.00 0.00002483
5801 100.00 0.00002474
5821 100.00 0.00002465
5841 100.00 0.00002454
5861 100.00 0.00002443
5881 100.00 0.00002434
5901 100.00 0.00002425
5921 100.00 0.00002414
5941 100.00 0.00002407
5961 100.00 0.00002396
5981 100.00 0.00002386
6000 100.00 0.00002378
