1 17.00 22.46248817
2 14.00 14.70227623
3 25.00 7.78999901
4 24.00 2.88628078
5 24.00 2.23165107
6 14.00 2.23564076
7 24.00 2.13081050
8 32.00 2.13807201
9 36.00 2.03155875
10 49.00 1.71396923
11 52.00 1.48195386
12 44.00 1.67147386
13 50.00 1.72837675
14 55.00 1.41815948
15 57.00 1.23304820
16 64.00 1.22298717
17 65.00 1.37435925
18 63.00 1.26236916
19 63.00 1.11953676
20 65.00 0.98443013
21 74.00 0.88464266
22 75.00 0.86026621
23 76.00 0.82141185
24 77.00 0.82760119
25 74.00 0.74748015
26 83.00 0.67111796
27 84.00 0.66384298
28 85.00 0.65207952
29 86.00 0.53910458
30 86.00 0.51383948
31 87.00 0.65039206
32 84.00 0.78484869
33 87.00 0.60857224
34 85.00 0.45048526
35 88.00 0.37833169
36 89.00 0.44138047
37 77.00 0.75335169
38 87.00 0.50014287
39 84.00 0.40682414
40 86.00 0.39432186
41 89.00 0.47063220
42 90.00 0.59568864
43 89.00 0.51807904
44 88.00 0.40011606
45 92.00 0.33264720
46 94.00 0.30807567
47 91.00 0.31699124
48 86.00 0.31772858
49 94.00 0.33860251
50 96.00 0.46114421
51 97.00 0.40302539
52 88.00 0.28205681
53 90.00 0.25699395
54 94.00 0.29696351
55 91.00 0.35696700
56 89.00 0.29700634
57 92.00 0.22053310
58 93.00 0.18087381
59 98.00 0.18870683
60 96.00 0.29079321
61 96.00 0.35395673
62 94.00 0.28866449
63 96.00 0.22771986
64 94.00 0.21588936
65 98.00 0.23843452
66 98.00 0.30452204
67 97.00 0.29840609
68 97.00 0.21336018
69 96.00 0.16765538
70 95.00 0.15797521
71 97.00 0.15614089
72 98.00 0.20457643
73 96.00 0.27117339
74 96.00 0.27887258
75 96.00 0.25755754
76 96.00 0.22500408
77 95.00 0.17459649
78 99.00 0.13227244
79 98.00 0.13630453
80 99.00 0.17373328
81 99.00 0.14546557
82 97.00 0.13532613
83 98.00 0.11179967
84 100.00 0.09337185
85 99.00 0.09893744
86 97.00 0.12074815
87 96.00 0.14389639
88 96.00 0.16523129
89 96.00 0.17716141
90 95.00 0.15861893
91 96.00 0.12936197
92 98.00 0.11715095
93 99.00 0.10852174
94 100.00 0.12092417
95 100.00 0.12105969
96 100.00 0.09929145
97 100.00 0.08968967
98 100.00 0.08502974
99 100.00 0.07282559
100 99.00 0.10994720
101 99.00 0.10177092
151 99.00 0.04536261
201 99.00 0.04390495
251 98.00 0.05244856
301 100.00 0.03589314
351 99.00 0.03582244
401 96.00 0.12383720
451 100.00 0.01488369
501 100.00 0.00719952
551 99.00 0.01294051
601 100.00 0.00405351
651 100.00 0.00200895
701 99.00 0.04825569
751 100.00 0.00575340
801 100.00 0.01002947
851 100.00 0.00678735
901 100.00 0.00367277
951 100.00 0.00464165
1001 100.00 0.00265871
1051 100.00 0.00292950
1101 100.00 0.00329031
1151 100.00 0.00458681
1201 100.00 0.00327594
1251 100.00 0.00227436
1301 100.00 0.00184831
1351 100.00 0.00676010
1401 100.00 0.00276702
1451 100.00 0.00577982
1501 100.00 0.00054583
1551 100.00 0.00142469
1601 100.00 0.00107948
1651 100.00 0.00079709
1701 100.00 0.00069521
1751 100.00 0.00695037
1801 100.00 0.00249739
1851 100.00 0.00136776
1901 100.00 0.00278583
1951 100.00 0.00013176
2001 99.00 0.01077002
2051 100.00 0.00636920
2101 100.00 0.00116240
2151 100.00 0.00064820
2201 100.00 0.00823020
2251 100.00 0.00041855
2301 100.00 0.00168214
2351 100.00 0.00074720
2401 100.00 0.00186132
2451 100.00 0.00117195
2501 100.00 0.00047640
2551 100.00 0.00028090
2601 100.00 0.00061758
2651 100.00 0.00037457
2701 100.00 0.00114468
2751 100.00 0.00045641
2801 100.00 0.00166282
2851 100.00 0.00198376
2901 100.00 0.00009395
2951 100.00 0.00414778
3000 100.00 0.00009406
