1 10.00 2.29872125
2 10.00 2.29481328
3 10.00 2.29087400
4 11.00 2.28685451
5 14.00 2.28273958
6 20.00 2.27853960
7 28.00 2.27417457
8 34.00 2.26963794
9 43.00 2.26482606
10 49.00 2.25971961
11 55.00 2.25427186
12 59.00 2.24839568
13 65.00 2.24194980
14 67.00 2.23491728
15 69.00 2.22718281
16 70.00 2.21868330
17 71.00 2.20926195
18 72.00 2.19878501
19 75.00 2.18709147
20 74.00 2.17386544
21 74.00 2.15892637
22 77.00 2.14212620
23 78.00 2.12284434
24 79.00 2.10073537
25 81.00 2.07538176
26 82.00 2.04609299
27 82.00 2.01229224
28 83.00 1.97356638
29 81.00 1.92833742
30 80.00 1.87564081
31 79.00 1.81686187
32 77.00 1.74849615
33 78.00 1.67165679
34 79.00 1.58870605
35 80.00 1.50097618
36 82.00 1.40959719
37 86.00 1.31632039
38 83.00 1.22487926
39 85.00 1.13831043
40 87.00 1.05422664
41 89.00 0.97889937
42 89.00 0.90005141
43 91.00 0.83890857
44 89.00 0.77008344
45 92.00 0.71656983
46 92.00 0.64754432
47 91.00 0.60439447
48 88.00 0.58095662
49 93.00 0.51378079
50 92.00 0.47775831
51 92.00 0.43959454
52 92.00 0.40758234
53 96.00 0.37873121
54 95.00 0.34894721
55 97.00 0.31242270
56 98.00 0.29692385
57 97.00 0.27353724
58 98.00 0.25069273
59 94.00 0.24803517
60 97.00 0.22397818
61 91.00 0.28563709
62 99.00 0.18165049
63 99.00 0.16513316
64 98.00 0.16275755
65 99.00 0.14714697
66 99.00 0.13642990
67 98.00 0.13899929
68 100.00 0.11604266
69 100.00 0.11042483
70 99.00 0.11141905
71 100.00 0.09322220
72 100.00 0.09194560
73 98.00 0.09624268
74 100.00 0.08737766
75 100.00 0.07272754
76 100.00 0.06703059
77 100.00 0.06859978
78 100.00 0.06161612
79 100.00 0.05805883
80 100.00 0.05353711
81 100.00 0.05310435
82 100.00 0.04888509
83 100.00 0.05183083
84 100.00 0.04388963
85 100.00 0.04439894
86 100.00 0.03976457
87 100.00 0.03803351
88 100.00 0.03786839
89 100.00 0.03514254
90 100.00 0.03364360
91 100.00 0.03329663
92 100.00 0.03138089
93 100.00 0.02991219
94 100.00 0.02884005
95 100.00 0.02772955
96 100.00 0.02727625
97 100.00 0.02597272
98 100.00 0.02504589
99 100.00 0.02470955
100 100.00 0.02350674
101 100.00 0.02274594
201 100.00 0.00447176
301 100.00 0.00221586
401 100.00 0.00141537
501 100.00 0.00101869
601 100.00 0.00078606
701 100.00 0.00063473
801 100.00 0.00052921
901 100.00 0.00045185
1001 100.00 0.00039291
1101 100.00 0.00034666
1201 100.00 0.00030951
1301 100.00 0.00027905
1401 100.00 0.00025368
1501 100.00 0.00023225
1601 100.00 0.00021392
1701 100.00 0.00019810
1801 100.00 0.00018428
1901 100.00 0.00017215
2001 100.00 0.00016142
2101 100.00 0.00015186
2201 100.00 0.00014328
2301 100.00 0.00013557
2401 100.00 0.00012860
2501 100.00 0.00012225
2601 100.00 0.00011646
2701 100.00 0.00011116
2801 100.00 0.00010629
2901 100.00 0.00010179
3001 100.00 0.00009764
3101 100.00 0.00009380
3201 100.00 0.00009022
3301 100.00 0.00008688
3401 100.00 0.00008379
3501 100.00 0.00008087
3601 100.00 0.00007814
3701 100.00 0.00007558
3801 100.00 0.00007317
3901 100.00 0.00007090
4001 100.00 0.00006875
4101 100.00 0.00006673
4201 100.00 0.00006481
4301 100.00 0.00006299
4401 100.00 0.00006127
4501 100.00 0.00005962
4601 100.00 0.00005806
4701 100.00 0.00005658
4801 100.00 0.00005516
4901 100.00 0.00005382
5001 100.00 0.00005253
5101 100.00 0.00005128
5201 100.00 0.00005010
5301 100.00 0.00004897
5401 100.00 0.00004788
5501 100.00 0.00004684
5601 100.00 0.00004584
5701 100.00 0.00004488
5801 100.00 0.00004396
5901 100.00 0.00004307
6001 100.00 0.00004220
6101 100.00 0.00004138
6201 100.00 0.00004059
6301 100.00 0.00003981
6401 100.00 0.00003908
6501 100.00 0.00003837
6601 100.00 0.00003767
6701 100.00 0.00003700
6801 100.00 0.00003635
6901 100.00 0.00003572
7001 100.00 0.00003512
7101 100.00 0.00003454
7201 100.00 0.00003397
7301 100.00 0.00003342
7401 100.00 0.00003288
7501 100.00 0.00003235
7601 100.00 0.00003185
7701 100.00 0.00003135
7801 100.00 0.00003088
7901 100.00 0.00003042
8001 100.00 0.00002997
8101 100.00 0.00002952
8201 100.00 0.00002910
8301 100.00 0.00002870
8401 100.00 0.00002829
8501 100.00 0.00002789
8601 100.00 0.00002751
8701 100.00 0.00002713
8801 100.00 0.00002677
8901 100.00 0.00002642
9001 100.00 0.00002607
9101 100.00 0.00002573
9201 100.00 0.00002541
9301 100.00 0.00002508
9401 100.00 0.00002477
9501 100.00 0.00002445
9601 100.00 0.00002416
9701 100.00 0.00002387
9801 100.00 0.00002358
9901 100.00 0.00002330
10001 100.00 0.00002302
10101 100.00 0.00002276
10201 100.00 0.00002250
10301 100.00 0.00002224
10401 100.00 0.00002198
10501 100.00 0.00002174
10601 100.00 0.00002150
10701 100.00 0.00002126
10801 100.00 0.00002102
10901 100.00 0.00002080
11001 100.00 0.00002058
11101 100.00 0.00002036
11201 100.00 0.00002015
11301 100.00 0.00001994
11401 100.00 0.00001973
11501 100.00 0.00001954
11601 100.00 0.00001933
11701 100.00 0.00001914
11801 100.00 0.00001896
11901 100.00 0.00001877
12001 100.00 0.00001859
12101 100.00 0.00001841
12201 100.00 0.00001822
12301 100.00 0.00001805
12401 100.00 0.00001787
12501 100.00 0.00001771
12601 100.00 0.00001755
12701 100.00 0.00001738
12801 100.00 0.00001722
12901 100.00 0.00001707
13001 100.00 0.00001691
13101 100.00 0.00001676
13201 100.00 0.00001661
13301 100.00 0.00001646
13401 100.00 0.00001633
13501 100.00 0.00001619
13601 100.00 0.00001604
13701 100.00 0.00001590
13801 100.00 0.00001578
13901 100.00 0.00001564
14001 100.00 0.00001551
14101 100.00 0.00001538
14201 100.00 0.00001526
14301 100.00 0.00001513
14401 100.00 0.00001501
14501 100.00 0.00001489
14601 100.00 0.00001477
14701 100.00 0.00001465
14801 100.00 0.00001454
14901 100.00 0.00001442
15001 100.00 0.00001432
15101 100.00 0.00001420
15201 100.00 0.00001409
15301 100.00 0.00001398
15401 100.00 0.00001388
15501 100.00 0.00001378
15601 100.00 0.00001368
15701 100.00 0.00001357
15801 100.00 0.00001347
15901 100.00 0.00001337
16001 100.00 0.00001328
16101 100.00 0.00001318
16201 100.00 0.00001308
16301 100.00 0.00001299
16401 100.00 0.00001289
16501 100.00 0.00001282
16601 100.00 0.00001272
16701 100.00 0.00001263
16801 100.00 0.00001254
16901 100.00 0.00001246
17001 100.00 0.00001237
17101 100.00 0.00001228
17201 100.00 0.00001220
17301 100.00 0.00001212
17401 100.00 0.00001204
17501 100.00 0.00001196
17601 100.00 0.00001188
17701 100.00 0.00001181
17801 100.00 0.00001173
17901 100.00 0.00001165
18001 100.00 0.00001157
18101 100.00 0.00001150
18201 100.00 0.00001143
18301 100.00 0.00001135
18401 100.00 0.00001129
18501 100.00 0.00001121
18601 100.00 0.00001114
18701 100.00 0.00001107
18801 100.00 0.00001100
18901 100.00 0.00001094
19001 100.00 0.00001087
19101 100.00 0.00001081
19201 100.00 0.00001074
19301 100.00 0.00001067
19401 100.00 0.00001062
19501 100.00 0.00001055
19601 100.00 0.00001048
19701 100.00 0.00001043
19801 100.00 0.00001036
19901 100.00 0.00001030
20001 100.00 0.00001024
20101 100.00 0.00001018
20201 100.00 0.00001012
20301 100.00 0.00001006
20401 100.00 0.00001000
20501 100.00 0.00000995
20601 100.00 0.00000989
20701 100.00 0.00000985
20801 100.00 0.00000979
20901 100.00 0.00000973
21001 100.00 0.00000967
21101 100.00 0.00000963
21201 100.00 0.00000957
21301 100.00 0.00000952
21401 100.00 0.00000947
21501 100.00 0.00000942
21601 100.00 0.00000937
21701 100.00 0.00000933
21801 100.00 0.00000927
21901 100.00 0.00000922
22001 100.00 0.00000917
22101 100.00 0.00000912
22201 100.00 0.00000908
22301 100.00 0.00000903
22401 100.00 0.00000898
22501 100.00 0.00000893
22601 100.00 0.00000889
22701 100.00 0.00000884
22801 100.00 0.00000879
22901 100.00 0.00000875
23001 100.00 0.00000871
23101 100.00 0.00000866
23201 100.00 0.00000863
23301 100.00 0.00000859
23401 100.00 0.00000854
23501 100.00 0.00000850
23601 100.00 0.00000846
23701 100.00 0.00000842
23801 100.00 0.00000838
23901 100.00 0.00000833
24001 100.00 0.00000829
24101 100.00 0.00000825
24201 100.00 0.00000821
24301 100.00 0.00000817
24401 100.00 0.00000813
24501 100.00 0.00000809
24601 100.00 0.00000806
24701 100.00 0.00000802
24801 100.00 0.00000798
24901 100.00 0.00000794
25001 100.00 0.00000790
25101 100.00 0.00000786
25201 100.00 0.00000783
25301 100.00 0.00000780
25401 100.00 0.00000777
25501 100.00 0.00000773
25601 100.00 0.00000769
25701 100.00 0.00000766
25801 100.00 0.00000762
25901 100.00 0.00000759
26001 100.00 0.00000756
26101 100.00 0.00000752
26201 100.00 0.00000748
26301 100.00 0.00000746
26401 100.00 0.00000742
26501 100.00 0.00000739
26601 100.00 0.00000736
26701 100.00 0.00000732
26801 100.00 0.00000729
26901 100.00 0.00000726
27001 100.00 0.00000723
27101 100.00 0.00000721
27201 100.00 0.00000717
27301 100.00 0.00000714
27401 100.00 0.00000712
27501 100.00 0.00000708
27601 100.00 0.00000706
27701 100.00 0.00000702
27801 100.00 0.00000700
27901 100.00 0.00000697
28001 100.00 0.00000694
28101 100.00 0.00000691
28201 100.00 0.00000689
28301 100.00 0.00000685
28401 100.00 0.00000683
28501 100.00 0.00000680
28601 100.00 0.00000677
28701 100.00 0.00000674
28801 100.00 0.00000671
28901 100.00 0.00000669
29001 100.00 0.00000666
29101 100.00 0.00000664
29201 100.00 0.00000661
29301 100.00 0.00000659
29401 100.00 0.00000656
29501 100.00 0.00000653
29601 100.00 0.00000651
29701 100.00 0.00000649
29801 100.00 0.00000646
29901 100.00 0.00000644
30001 100.00 0.00000641
30101 100.00 0.00000638
30201 100.00 0.00000636
30301 100.00 0.00000633
30401 100.00 0.00000630
30501 100.00 0.00000629
30601 100.00 0.00000627
30701 100.00 0.00000624
30801 100.00 0.00000622
30901 100.00 0.00000620
31001 100.00 0.00000617
31101 100.00 0.00000614
31201 100.00 0.00000612
31301 100.00 0.00000609
31401 100.00 0.00000608
31501 100.00 0.00000606
31601 100.00 0.00000604
31701 100.00 0.00000602
31801 100.00 0.00000598
31901 100.00 0.00000596
32001 100.00 0.00000595
32101 100.00 0.00000593
32201 100.00 0.00000590
32301 100.00 0.00000588
32401 100.00 0.00000586
32501 100.00 0.00000584
32601 100.00 0.00000583
32701 100.00 0.00000580
32801 100.00 0.00000578
32901 100.00 0.00000576
33001 100.00 0.00000574
33101 100.00 0.00000572
33201 100.00 0.00000570
33301 100.00 0.00000568
33401 100.00 0.00000566
33501 100.00 0.00000565
33601 100.00 0.00000563
33701 100.00 0.00000561
33801 100.00 0.00000558
33901 100.00 0.00000557
34001 100.00 0.00000555
34101 100.00 0.00000553
34201 100.00 0.00000551
34301 100.00 0.00000549
34401 100.00 0.00000547
34501 100.00 0.00000546
34601 100.00 0.00000544
34701 100.00 0.00000543
34801 100.00 0.00000540
34901 100.00 0.00000539
35001 100.00 0.00000536
35101 100.00 0.00000535
35201 100.00 0.00000534
35301 100.00 0.00000532
35401 100.00 0.00000530
35501 100.00 0.00000527
35601 100.00 0.00000526
35701 100.00 0.00000525
35801 100.00 0.00000524
35901 100.00 0.00000522
36000 100.00 0.00000520
