1 89.79 0.35682712
5 95.95 0.13648565
9 97.74 0.07916617
13 98.69 0.04860594
17 99.32 0.02891125
21 99.66 0.01889985
25 99.66 0.01634467
29 99.92 0.00859252
33 99.97 0.00579077
37 99.98 0.00409212
41 100.00 0.00292479
45 100.00 0.00242111
49 100.00 0.00194206
53 100.00 0.00163690
57 100.00 0.00144017
61 100.00 0.00127719
65 100.00 0.00108552
69 100.00 0.00099646
73 100.00 0.00088949
77 100.00 0.00079345
81 100.00 0.00071242
85 100.00 0.00066788
89 100.00 0.00060850
93 100.00 0.00056559
97 100.00 0.00055611
101 100.00 0.00049525
105 100.00 0.00046598
109 100.00 0.00043952
113 100.00 0.00041266
117 100.00 0.00039689
120 100.00 0.00038036
