1 46.70 2.24841679
2 52.85 2.02633340
3 61.20 1.26256124
4 69.50 0.83181034
5 75.60 0.70313722
6 86.50 0.42175058
7 81.70 0.57746586
8 88.95 0.33309938
9 94.00 0.19911032
10 93.60 0.19002785
11 98.10 0.09733614
12 99.45 0.05135482
13 98.15 0.07471594
14 98.25 0.07051663
15 99.80 0.02404685
16 100.00 0.01210030
17 100.00 0.01006945
18 100.00 0.00815636
19 100.00 0.00704530
20 100.00 0.00594801
21 100.00 0.00522885
22 100.00 0.00475214
23 100.00 0.00426010
24 100.00 0.00390140
25 100.00 0.00366010
26 100.00 0.00330818
27 100.00 0.00310412
28 100.00 0.00289157
29 100.00 0.00271508
30 100.00 0.00257090
31 100.00 0.00241847
32 100.00 0.00226956
33 100.00 0.00215500
34 100.00 0.00204864
35 100.00 0.00194865
36 100.00 0.00186283
37 100.00 0.00178139
38 100.00 0.00171178
39 100.00 0.00163730
40 100.00 0.00157323
41 100.00 0.00151901
42 100.00 0.00145582
43 100.00 0.00141260
44 100.00 0.00135487
45 100.00 0.00130923
46 100.00 0.00126067
47 100.00 0.00122986
48 100.00 0.00118493
49 100.00 0.00115346
50 100.00 0.00111157
51 100.00 0.00108258
52 100.00 0.00105282
53 100.00 0.00102566
54 100.00 0.00099610
55 100.00 0.00097033
56 100.00 0.00094639
57 100.00 0.00092225
58 100.00 0.00089658
59 100.00 0.00087369
60 100.00 0.00085225
61 100.00 0.00083461
62 100.00 0.00081639
63 100.00 0.00080049
64 100.00 0.00077845
65 100.00 0.00076614
66 100.00 0.00074420
67 100.00 0.00073328
68 100.00 0.00071881
69 100.00 0.00069828
70 100.00 0.00068487
71 100.00 0.00067726
72 100.00 0.00066076
73 100.00 0.00065107
74 100.00 0.00063471
75 100.00 0.00062635
76 100.00 0.00061564
77 100.00 0.00060890
78 100.00 0.00059354
79 100.00 0.00058242
80 100.00 0.00057027
81 100.00 0.00056270
82 100.00 0.00055281
83 100.00 0.00054407
84 100.00 0.00053335
85 100.00 0.00052515
86 100.00 0.00052095
87 100.00 0.00050937
88 100.00 0.00050251
89 100.00 0.00049509
90 100.00 0.00048738
91 100.00 0.00047801
92 100.00 0.00047240
93 100.00 0.00046581
94 100.00 0.00045909
95 100.00 0.00045401
96 100.00 0.00044814
97 100.00 0.00044275
98 100.00 0.00043560
99 100.00 0.00042905
100 100.00 0.00042220
161 100.00 0.00022762
321 100.00 0.00009542
481 100.00 0.00005828
641 100.00 0.00004151
801 100.00 0.00003168
961 100.00 0.00002537
1121 100.00 0.00002110
1281 100.00 0.00001814
1441 100.00 0.00001571
1601 100.00 0.00001384
1761 100.00 0.00001236
1921 100.00 0.00001118
2081 100.00 0.00001024
2241 100.00 0.00000933
2401 100.00 0.00000864
2561 100.00 0.00000800
2721 100.00 0.00000747
2881 100.00 0.00000698
3041 100.00 0.00000655
3201 100.00 0.00000618
3361 100.00 0.00000584
3521 100.00 0.00000552
3681 100.00 0.00000526
3841 100.00 0.00000501
4001 100.00 0.00000474
4161 100.00 0.00000456
4321 100.00 0.00000437
4481 100.00 0.00000419
4641 100.00 0.00000401
4800 100.00 0.00000386
