41 100.00 0.00000288
42 100.00 0.00000288
43 100.00 0.00000288
44 100.00 0.00000288
45 100.00 0.00000288
46 100.00 0.00000288
47 100.00 0.00000288
48 100.00 0.00000288
49 100.00 0.00000288
50 100.00 0.00000288
51 100.00 0.00000288
52 100.00 0.00000288
53 100.00 0.00000288
54 100.00 0.00000288
55 100.00 0.00000288
56 100.00 0.00000288
57 100.00 0.00000288
58 100.00 0.00000288
59 100.00 0.00000288
60 100.00 0.00000288
61 100.00 0.00000288
62 100.00 0.00000288
63 100.00 0.00000288
64 100.00 0.00000288
65 100.00 0.00000287
66 100.00 0.00000287
91 100.00 0.00000287
116 100.00 0.00000286
141 100.00 0.00000286
166 100.00 0.00000285
191 100.00 0.00000285
216 100.00 0.00000283
241 100.00 0.00000283
266 100.00 0.00000282
291 100.00 0.00000282
316 100.00 0.00000281
341 100.00 0.00000280
366 100.00 0.00000280
391 100.00 0.00000279
416 100.00 0.00000279
441 100.00 0.00000278
466 100.00 0.00000278
491 100.00 0.00000277
516 100.00 0.00000277
541 100.00 0.00000276
566 100.00 0.00000276
591 100.00 0.00000275
616 100.00 0.00000274
641 100.00 0.00000274
666 100.00 0.00000274
691 100.00 0.00000273
716 100.00 0.00000272
741 100.00 0.00000272
766 100.00 0.00000271
791 100.00 0.00000271
816 100.00 0.00000270
841 100.00 0.00000270
866 100.00 0.00000270
891 100.00 0.00000269
916 100.00 0.00000268
941 100.00 0.00000268
966 100.00 0.00000267
991 100.00 0.00000266
1016 100.00 0.00000265
1040 100.00 0.00000265
