74.92 0.70272731
85.22 0.44489100
91.99 0.27539942
93.22 0.24206789
92.54 0.24887033
94.12 0.18108955
96.64 0.12134186
96.58 0.11370270
97.79 0.08040947
98.58 0.05549242
88.52 0.54948223
99.12 0.03651520
98.87 0.04116221
99.70 0.01899741
99.83 0.01534963
99.07 0.03323307
99.96 0.00756007
99.97 0.00652812
99.94 0.00640223
100.00 0.00461783
100.00 0.00386829
99.99 0.00328924
100.00 0.00273722
100.00 0.00240926
100.00 0.00203764
100.00 0.00188219
100.00 0.00180161
100.00 0.00161534
100.00 0.00143965
100.00 0.00137088
100.00 0.00126694
100.00 0.00120180
100.00 0.00111812
100.00 0.00104331
100.00 0.00101272
100.00 0.00097596
100.00 0.00090004
100.00 0.00086349
100.00 0.00082702
100.00 0.00078782
100.00 0.00074405
100.00 0.00071615
100.00 0.00069578
100.00 0.00066202
100.00 0.00064541
100.00 0.00060965
100.00 0.00058953
100.00 0.00058685
100.00 0.00054978
100.00 0.00053318
100.00 0.00051691
100.00 0.00049713
100.00 0.00049107
100.00 0.00047025
100.00 0.00045821
100.00 0.00044648
100.00 0.00043408
100.00 0.00042115
100.00 0.00041345
100.00 0.00040154
100.00 0.00039472
100.00 0.00038618
100.00 0.00037156
100.00 0.00036525
100.00 0.00035331
100.00 0.00034650
100.00 0.00034273
100.00 0.00032941
100.00 0.00032236
100.00 0.00031449
100.00 0.00031375
100.00 0.00030138
100.00 0.00029665
100.00 0.00029344
100.00 0.00028674
100.00 0.00028065
100.00 0.00027422
100.00 0.00026888
100.00 0.00026344
100.00 0.00025851
100.00 0.00025656
100.00 0.00025048
100.00 0.00024497
100.00 0.00024391
100.00 0.00024174
100.00 0.00023280
100.00 0.00023036
100.00 0.00022656
100.00 0.00022208
100.00 0.00021856
100.00 0.00021539
100.00 0.00021351
100.00 0.00021007
100.00 0.00020708
100.00 0.00020589
100.00 0.00019991
100.00 0.00019674
100.00 0.00019462
100.00 0.00019201
100.00 0.00018865
100.00 0.00018603
100.00 0.00018370
100.00 0.00018308
100.00 0.00017871
100.00 0.00017574
100.00 0.00017361
100.00 0.00017227
100.00 0.00016999
100.00 0.00016757
100.00 0.00016575
100.00 0.00016350
100.00 0.00016119
100.00 0.00015879
100.00 0.00015782
100.00 0.00015695
100.00 0.00015359
100.00 0.00015118
100.00 0.00014967
100.00 0.00014768
100.00 0.00014841
