1 40.40 9.72744164
2 42.70 9.05195847
3 26.10 8.54986591
4 28.30 8.13251946
5 36.20 7.66831827
6 30.20 7.24926929
7 35.10 6.69430268
8 34.40 6.30820615
9 38.30 5.90862756
10 35.60 5.84829245
11 45.40 5.06058617
12 34.40 5.08274331
13 40.90 4.58004882
14 48.40 4.26512004
15 47.30 3.99898655
16 49.80 3.81604248
17 52.30 3.56820447
18 38.40 3.64373447
19 45.40 3.29630339
20 52.20 2.97115387
21 51.20 2.92584460
22 55.90 2.62851331
23 43.20 2.96884680
24 59.00 2.38262766
25 47.10 2.49296496
26 43.40 2.61760274
27 41.70 2.50729567
28 53.60 2.11374621
29 57.20 1.85991424
30 50.10 2.17452515
401 99.40 0.66286317
801 91.00 0.85383335
1201 95.30 0.74557354
1601 99.90 0.60003082
2001 99.90 0.60942356
2401 100.00 0.58449854
2801 100.00 0.57760361
3201 99.40 0.59151762
3601 100.00 0.57317914
4001 99.60 0.61183876
4401 99.90 0.58979475
4801 94.70 0.74452492
5201 99.90 0.57734628
5601 95.10 0.68001815
6001 100.00 0.56682323
6401 99.80 0.57688811
6801 99.50 0.60131242
7200 100.00 0.56949789
