1 31.30 2.24381802
2 53.00 2.01761579
3 55.00 1.32673328
4 68.60 0.86007413
5 75.80 0.65452881
6 78.00 0.59486311
7 94.10 0.23181681
8 88.80 0.36316820
9 96.10 0.13371926
10 99.80 0.03901452
11 99.90 0.02161323
12 100.00 0.01146992
13 100.00 0.00798674
14 100.00 0.00643132
15 100.00 0.00543951
16 100.00 0.00457170
17 100.00 0.00399574
18 100.00 0.00356434
19 100.00 0.00317711
20 100.00 0.00286335
21 100.00 0.00264068
22 100.00 0.00241939
23 100.00 0.00223445
24 100.00 0.00208040
25 100.00 0.00194143
26 100.00 0.00182875
27 100.00 0.00170912
28 100.00 0.00161392
29 100.00 0.00152466
30 100.00 0.00145201
31 100.00 0.00138749
32 100.00 0.00131800
33 100.00 0.00126236
34 100.00 0.00120328
35 100.00 0.00114927
36 100.00 0.00110538
37 100.00 0.00106987
38 100.00 0.00102118
39 100.00 0.00098649
40 100.00 0.00095703
41 100.00 0.00091380
42 100.00 0.00089145
43 100.00 0.00086564
44 100.00 0.00083532
45 100.00 0.00080650
46 100.00 0.00077897
47 100.00 0.00075934
48 100.00 0.00073575
49 100.00 0.00071702
50 100.00 0.00069753
51 100.00 0.00067706
52 100.00 0.00066336
53 100.00 0.00064569
54 100.00 0.00062943
55 100.00 0.00061787
56 100.00 0.00059949
57 100.00 0.00058504
58 100.00 0.00057191
59 100.00 0.00055638
60 100.00 0.00054607
61 100.00 0.00053746
62 100.00 0.00052282
63 100.00 0.00051676
64 100.00 0.00050465
65 100.00 0.00049169
66 100.00 0.00048356
67 100.00 0.00047265
68 100.00 0.00046595
69 100.00 0.00045788
70 100.00 0.00044438
71 100.00 0.00044099
72 100.00 0.00042936
73 100.00 0.00042493
74 100.00 0.00041498
75 100.00 0.00040948
76 100.00 0.00040196
77 100.00 0.00039487
78 100.00 0.00038867
79 100.00 0.00038138
80 100.00 0.00037832
81 100.00 0.00037181
82 100.00 0.00036748
83 100.00 0.00035807
84 100.00 0.00035387
85 100.00 0.00034645
86 100.00 0.00034419
87 100.00 0.00033915
88 100.00 0.00033204
89 100.00 0.00032797
90 100.00 0.00032466
91 100.00 0.00032092
92 100.00 0.00031415
93 100.00 0.00030983
94 100.00 0.00030734
95 100.00 0.00030122
96 100.00 0.00030197
97 100.00 0.00029311
98 100.00 0.00028995
99 100.00 0.00028803
100 100.00 0.00028370
101 100.00 0.00028186
102 100.00 0.00027548
103 100.00 0.00027519
104 100.00 0.00026992
105 100.00 0.00026730
106 100.00 0.00026647
107 100.00 0.00026059
108 100.00 0.00025794
109 100.00 0.00025665
110 100.00 0.00025121
111 100.00 0.00024842
112 100.00 0.00024599
113 100.00 0.00024488
114 100.00 0.00024077
115 100.00 0.00024011
116 100.00 0.00023565
117 100.00 0.00023234
118 100.00 0.00023103
119 100.00 0.00022964
120 100.00 0.00022531
121 100.00 0.00022323
122 100.00 0.00022104
123 100.00 0.00021858
124 100.00 0.00021670
125 100.00 0.00021540
126 100.00 0.00021210
127 100.00 0.00020963
128 100.00 0.00020894
129 100.00 0.00020659
130 100.00 0.00020434
131 100.00 0.00020428
132 100.00 0.00020036
133 100.00 0.00019859
134 100.00 0.00019634
135 100.00 0.00019512
136 100.00 0.00019283
137 100.00 0.00019310
138 100.00 0.00018897
139 100.00 0.00018891
140 100.00 0.00018613
141 100.00 0.00018498
142 100.00 0.00018301
143 100.00 0.00018230
144 100.00 0.00018102
145 100.00 0.00017873
146 100.00 0.00017676
147 100.00 0.00017482
148 100.00 0.00017477
149 100.00 0.00017222
150 100.00 0.00017151
321 100.00 0.00006887
641 100.00 0.00002998
961 100.00 0.00001886
1281 100.00 0.00001348
1601 100.00 0.00001031
1921 100.00 0.00000836
2241 100.00 0.00000704
2561 100.00 0.00000600
2881 100.00 0.00000527
3201 100.00 0.00000466
3521 100.00 0.00000420
3841 100.00 0.00000377
4161 100.00 0.00000344
4481 100.00 0.00000317
4801 100.00 0.00000293
5121 100.00 0.00000274
5441 100.00 0.00000253
5761 100.00 0.00000238
6081 100.00 0.00000225
6401 100.00 0.00000211
6721 100.00 0.00000199
7041 100.00 0.00000190
7361 100.00 0.00000180
7681 100.00 0.00000172
8001 100.00 0.00000165
8321 100.00 0.00000157
8641 100.00 0.00000150
8961 100.00 0.00000145
9281 100.00 0.00000138
9600 100.00 0.00000134
