1 38.60 9.73492680
2 35.80 9.06732388
3 37.60 8.57150726
4 48.00 7.81685562
5 34.00 7.36879396
6 36.00 7.10419598
7 48.60 6.48265123
8 40.00 6.11587801
9 46.00 5.65561180
10 31.40 6.48049669
11 48.00 5.10867100
12 46.80 4.74902821
13 39.00 4.64097147
14 44.60 4.17971296
15 43.20 4.14756556
16 56.60 3.53784943
17 39.40 3.87821717
18 70.00 2.88681951
19 59.20 2.81651726
20 63.80 2.65801587
201 82.60 1.05537465
401 98.80 0.77608736
601 84.80 1.04440814
801 99.80 0.69478039
1001 97.60 0.75994757
1201 99.60 0.68862998
1401 99.60 0.68774461
1601 99.80 0.67747815
1801 89.00 0.90827643
2001 99.20 0.71536603
2201 95.20 0.78106800
2401 98.40 0.70165046
2601 99.60 0.68535389
2801 99.60 0.67426243
3001 85.00 1.11033102
3201 99.80 0.67255256
3401 93.60 0.84754196
3600 99.60 0.67570539
