1 10.00 2.29921834
2 15.72 2.29409700
3 28.08 2.28452319
4 45.20 2.25868103
5 31.96 2.13309818
6 42.62 1.49574293
7 49.06 1.15605579
8 56.91 1.07610650
9 62.61 0.95415660
10 62.76 1.03747938
11 67.13 0.85471198
21 79.14 0.57343809
31 84.41 0.45022653
41 81.27 0.53201930
51 87.15 0.35503357
61 88.82 0.30998915
71 87.39 0.33816828
81 90.49 0.26255351
91 91.82 0.22820491
101 91.60 0.22817917
111 92.74 0.19803933
121 93.61 0.17680579
131 92.95 0.18990837
141 86.22 0.37811960
151 94.87 0.14307562
161 95.85 0.11801931
171 95.43 0.12684669
181 96.51 0.09971016
191 96.70 0.09108025
200 96.81 0.08960911
