1 33.40 2.23190036
2 18.00 2.06924474
3 22.80 2.08073902
4 39.20 1.86830575
5 59.00 1.28965573
6 60.20 1.31442881
7 55.00 1.20669377
8 65.40 0.96098595
9 57.20 1.16517882
10 73.60 0.78111694
11 67.40 0.82645324
12 89.00 0.34505674
13 85.80 0.38781927
14 74.80 0.74330902
15 93.40 0.26759562
16 79.60 0.56383017
17 96.60 0.16009339
18 96.40 0.13409668
19 96.40 0.12066263
20 97.80 0.08071386
201 100.00 0.00029981
401 100.00 0.00012601
601 100.00 0.00007743
801 100.00 0.00005514
1001 100.00 0.00004245
1201 100.00 0.00003433
1401 100.00 0.00002871
1601 100.00 0.00002460
1801 100.00 0.00002148
2001 100.00 0.00001902
2201 100.00 0.00001704
2401 100.00 0.00001542
2601 100.00 0.00001407
2801 100.00 0.00001292
3001 100.00 0.00001194
3201 100.00 0.00001109
3401 100.00 0.00001035
3600 100.00 0.00000969
