1 60.00 3.01299324
2 53.00 2.74299750
3 36.00 2.92924514
4 59.00 2.43746147
5 44.00 2.25544057
6 21.00 2.77258306
7 59.00 1.92056713
8 28.00 2.74751267
9 62.00 1.99335785
10 59.00 1.83777003
11 66.00 1.90394242
12 62.00 1.98067493
13 78.00 1.42562783
14 74.00 1.79135411
15 91.00 1.26143641
16 82.00 1.29931610
17 49.00 2.39705732
18 70.00 1.73012514
19 77.00 1.40918379
20 73.00 1.47652843
21 95.00 1.05259799
22 93.00 0.99539033
23 99.00 0.88737943
24 97.00 0.88149027
25 84.00 1.10183403
26 97.00 0.83618453
27 96.00 0.86956977
28 97.00 0.80626806
29 100.00 0.78511126
30 100.00 0.76800624
31 100.00 0.75500448
32 100.00 0.74705195
33 100.00 0.74081082
34 100.00 0.73495619
35 100.00 0.72937717
36 100.00 0.72387898
37 100.00 0.71852208
38 100.00 0.71324137
39 100.00 0.70802594
40 100.00 0.70284345
801 100.00 0.17203777
1601 100.00 0.15477877
2401 100.00 0.13728164
3201 100.00 0.08837929
4001 100.00 0.12741097
4801 100.00 0.12160377
5601 100.00 0.09230220
6401 100.00 0.06252790
7201 100.00 0.06504706
8001 100.00 0.05838695
8801 100.00 0.06315653
9601 100.00 0.05895649
10401 100.00 0.05707362
11201 100.00 0.05653117
12001 100.00 0.05600269
12801 100.00 0.06041935
13601 100.00 0.05634161
14401 100.00 0.06041600
15201 100.00 0.06651041
16001 100.00 0.05771753
16801 100.00 0.05713823
17601 100.00 0.06698490
18000 100.00 0.06726700
