1 13.05 2.30088098
2 14.78 2.29874866
3 16.99 2.29629919
5 28.21 2.28870188
7 36.15 2.27112766
9 35.88 2.20423638
11 38.15 1.81147167
13 50.08 1.27287802
15 57.70 1.05372740
17 59.64 0.99312603
19 66.65 0.87909591
21 69.43 0.81873239
23 68.87 0.86155812
25 69.19 0.83966673
27 70.92 0.79481482
29 73.70 0.75143582
31 74.76 0.70175585
33 75.43 0.69183363
35 74.33 0.69076201
37 73.46 0.72143932
39 76.39 0.66051828
41 74.90 0.67461376
43 79.42 0.57682511
45 76.67 0.64096522
47 80.55 0.54317503
49 79.72 0.55881428
51 80.64 0.53340021
53 81.68 0.51168505
55 79.63 0.56568892
57 78.97 0.58297431
59 83.57 0.46763142
61 81.76 0.50629808
63 82.69 0.48454230
65 81.14 0.50832393
67 83.92 0.45178313
69 82.65 0.47919109
71 81.31 0.51503679
73 85.18 0.41897334
75 83.73 0.45471888
77 82.30 0.49167792
79 82.34 0.48333627
81 80.98 0.53381020
83 84.85 0.42020609
85 84.10 0.45163184
87 84.39 0.43503833
89 85.65 0.40153801
91 85.25 0.41292295
93 86.26 0.38155354
95 83.77 0.45040475
97 83.92 0.44294005
99 84.59 0.43426970
101 85.89 0.38654615
103 85.02 0.40926521
105 88.53 0.31900207
107 83.98 0.43726115
109 87.51 0.34418404
111 87.39 0.34779645
113 86.20 0.37972560
115 87.24 0.34724158
117 88.06 0.32676896
119 87.31 0.34718860
121 88.19 0.32246045
123 88.90 0.30615711
125 87.95 0.33431435
127 87.56 0.33617927
129 84.84 0.45430190
131 89.14 0.29741463
133 89.47 0.29033890
135 87.83 0.32431511
137 89.60 0.28861231
139 84.56 0.45788016
141 89.24 0.28994363
143 83.35 0.54694673
145 91.21 0.24416231
147 89.33 0.29171678
149 88.70 0.31067671
151 88.31 0.34068055
153 90.32 0.26687849
155 90.15 0.27096490
157 90.42 0.26338468
159 90.19 0.27860553
161 90.19 0.26941574
163 86.09 0.41378514
165 85.50 0.43500179
167 89.38 0.28466765
169 87.44 0.41032057
171 87.66 0.34557642
173 90.72 0.25536671
175 88.17 0.33801425
177 91.62 0.22764284
179 91.31 0.23267779
181 90.21 0.26669405
183 90.22 0.28097963
185 92.17 0.21814458
187 90.51 0.25367250
189 89.52 0.31223787
191 88.14 0.35126114
193 90.53 0.28636811
195 88.11 0.37294336
197 92.39 0.21139156
199 93.34 0.18523383
200 90.69 0.24893280
