1 23.20 29.68692284
2 18.00 19.95855751
3 19.20 12.84269981
4 10.40 8.01727676
5 10.00 4.90543003
6 10.40 3.21076531
7 10.00 2.50550933
8 10.00 2.37005773
9 10.00 2.36960564
10 10.00 2.36947050
11 10.00 2.36939144
12 10.00 2.36922340
13 10.00 2.36933985
14 10.00 2.36941485
15 10.00 2.36932125
16 10.00 2.36931319
17 10.00 2.36931419
18 10.00 2.36936851
19 10.00 2.36938176
20 10.00 2.36933022
21 10.00 2.36948628
22 10.00 2.36937580
23 10.00 2.36931696
24 10.00 2.36933656
25 10.00 2.36933665
26 10.00 2.36941566
27 10.00 2.36945953
28 10.00 2.36943560
29 10.00 2.36928492
30 10.00 2.36935201
401 10.00 2.36949058
801 10.00 2.36953526
1201 10.00 2.36941619
1601 10.00 2.36936574
2001 10.00 2.36941371
2401 10.00 2.36946549
2801 10.00 2.36943512
3201 10.00 2.36931686
3601 10.00 2.36936293
4001 10.00 2.36942720
4401 10.00 2.36942525
4801 10.00 2.36936088
5201 10.00 2.36939836
5601 10.00 2.36939807
6001 10.00 2.36940894
6401 10.00 2.36934309
6801 10.00 2.36928635
7200 10.00 2.36942844
