1 20.80 2.29993433
41 100.00 0.00150729
81 100.00 0.00036854
121 100.00 0.00019800
161 100.00 0.00013201
201 100.00 0.00009768
241 100.00 0.00007690
281 100.00 0.00006306
321 100.00 0.00005321
361 100.00 0.00004588
401 100.00 0.00004021
441 100.00 0.00003571
481 100.00 0.00003207
521 100.00 0.00002907
561 100.00 0.00002654
601 100.00 0.00002440
641 100.00 0.00002255
681 100.00 0.00002094
721 100.00 0.00001954
761 100.00 0.00001830
801 100.00 0.00001719
841 100.00 0.00001621
881 100.00 0.00001533
921 100.00 0.00001453
961 100.00 0.00001380
1001 100.00 0.00001315
1041 100.00 0.00001254
1081 100.00 0.00001199
1121 100.00 0.00001147
1161 100.00 0.00001100
1200 100.00 0.00001058
