1 10.00 2.30276430
2 10.00 2.30272889
3 10.00 2.30269355
4 10.00 2.30265892
5 10.00 2.30262399
6 10.00 2.30258977
7 10.00 2.30255532
8 10.00 2.30252123
9 10.00 2.30248749
10 10.00 2.30245340
11 10.00 2.30241978
12 10.00 2.30238605
13 10.00 2.30235249
14 10.00 2.30231887
15 10.00 2.30228579
16 10.00 2.30225235
17 10.00 2.30221909
18 10.00 2.30218589
19 10.00 2.30215269
20 10.00 2.30211931
21 10.00 2.30208600
41 15.00 2.30142140
61 19.00 2.30078375
81 20.00 2.30015939
101 20.00 2.29952598
121 23.00 2.29887402
141 30.00 2.29819220
161 32.00 2.29745996
181 41.00 2.29665363
201 48.00 2.29577905
221 49.00 2.29481143
241 52.00 2.29373723
261 56.00 2.29252404
281 65.00 2.29114294
301 68.00 2.28954750
321 70.00 2.28768760
341 72.00 2.28547430
361 74.00 2.28284162
381 74.00 2.27968925
401 75.00 2.27581489
421 76.00 2.27102202
441 76.00 2.26494008
461 73.00 2.25707996
481 72.00 2.24665731
501 72.00 2.23240441
521 71.00 2.21192509
541 70.00 2.18095058
561 67.00 2.13012224
581 63.00 2.03847015
601 59.00 1.86169454
621 66.00 1.55847710
641 73.00 1.19008377
661 85.00 0.83099543
681 90.00 0.54772559
701 93.00 0.35681235
721 94.00 0.23610047
741 98.00 0.15457676
761 100.00 0.09907813
781 100.00 0.06593481
801 100.00 0.04654224
821 100.00 0.03369882
841 100.00 0.02581397
861 100.00 0.02045722
881 100.00 0.01667724
901 100.00 0.01392687
921 100.00 0.01184465
941 100.00 0.01022490
961 100.00 0.00894705
981 100.00 0.00791366
1001 100.00 0.00706444
1021 100.00 0.00635756
1041 100.00 0.00576313
1061 100.00 0.00525656
1081 100.00 0.00482133
1101 100.00 0.00444423
1121 100.00 0.00411428
1141 100.00 0.00382454
1161 100.00 0.00356785
1181 100.00 0.00333959
1201 100.00 0.00313557
1221 100.00 0.00295169
1241 100.00 0.00278606
1261 100.00 0.00263576
1281 100.00 0.00249907
1301 100.00 0.00237406
1321 100.00 0.00225958
1341 100.00 0.00215434
1361 100.00 0.00205742
1381 100.00 0.00196777
1401 100.00 0.00188484
1421 100.00 0.00180783
1441 100.00 0.00173604
1461 100.00 0.00166920
1481 100.00 0.00160665
1501 100.00 0.00154820
1521 100.00 0.00149327
1541 100.00 0.00144171
1561 100.00 0.00139319
1581 100.00 0.00134751
1601 100.00 0.00130437
1621 100.00 0.00126362
1641 100.00 0.00122508
1661 100.00 0.00118854
1681 100.00 0.00115389
1701 100.00 0.00112096
1721 100.00 0.00108970
1741 100.00 0.00105989
1761 100.00 0.00103152
1781 100.00 0.00100447
1801 100.00 0.00097861
1821 100.00 0.00095393
1841 100.00 0.00093035
1861 100.00 0.00090775
1881 100.00 0.00088612
1901 100.00 0.00086539
1921 100.00 0.00084551
1941 100.00 0.00082643
1961 100.00 0.00080811
1981 100.00 0.00079046
2001 100.00 0.00077350
2021 100.00 0.00075719
2041 100.00 0.00074147
2061 100.00 0.00072632
2081 100.00 0.00071171
2101 100.00 0.00069761
2121 100.00 0.00068400
2141 100.00 0.00067086
2161 100.00 0.00065816
2181 100.00 0.00064590
2201 100.00 0.00063402
2221 100.00 0.00062254
2241 100.00 0.00061142
2261 100.00 0.00060065
2281 100.00 0.00059021
2301 100.00 0.00058009
2321 100.00 0.00057028
2341 100.00 0.00056076
2361 100.00 0.00055151
2381 100.00 0.00054255
2401 100.00 0.00053384
2421 100.00 0.00052537
2441 100.00 0.00051714
2461 100.00 0.00050914
2481 100.00 0.00050136
2501 100.00 0.00049379
2521 100.00 0.00048641
2541 100.00 0.00047924
2561 100.00 0.00047225
2581 100.00 0.00046544
2601 100.00 0.00045881
2621 100.00 0.00045233
2641 100.00 0.00044603
2661 100.00 0.00043988
2681 100.00 0.00043388
2701 100.00 0.00042802
2721 100.00 0.00042231
2741 100.00 0.00041673
2761 100.00 0.00041128
2781 100.00 0.00040596
2801 100.00 0.00040077
2821 100.00 0.00039569
2841 100.00 0.00039072
2861 100.00 0.00038585
2881 100.00 0.00038110
2901 100.00 0.00037647
2921 100.00 0.00037192
2941 100.00 0.00036747
2961 100.00 0.00036313
2981 100.00 0.00035887
3001 100.00 0.00035469
3021 100.00 0.00035061
3041 100.00 0.00034661
3061 100.00 0.00034269
3081 100.00 0.00033885
3101 100.00 0.00033509
3121 100.00 0.00033140
3141 100.00 0.00032779
3161 100.00 0.00032424
3181 100.00 0.00032077
3201 100.00 0.00031735
3221 100.00 0.00031401
3241 100.00 0.00031072
3261 100.00 0.00030751
3281 100.00 0.00030434
3301 100.00 0.00030124
3321 100.00 0.00029819
3341 100.00 0.00029520
3361 100.00 0.00029226
3381 100.00 0.00028937
3401 100.00 0.00028654
3421 100.00 0.00028375
3441 100.00 0.00028101
3461 100.00 0.00027833
3481 100.00 0.00027568
3501 100.00 0.00027308
3521 100.00 0.00027052
3541 100.00 0.00026801
3561 100.00 0.00026554
3581 100.00 0.00026311
3601 100.00 0.00026072
3621 100.00 0.00025837
3641 100.00 0.00025605
3661 100.00 0.00025378
3681 100.00 0.00025154
3701 100.00 0.00024934
3721 100.00 0.00024717
3741 100.00 0.00024503
3761 100.00 0.00024294
3781 100.00 0.00024085
3801 100.00 0.00023883
3821 100.00 0.00023681
3841 100.00 0.00023484
3861 100.00 0.00023289
3881 100.00 0.00023097
3901 100.00 0.00022908
3921 100.00 0.00022722
3941 100.00 0.00022539
3961 100.00 0.00022357
3981 100.00 0.00022180
4001 100.00 0.00022003
4021 100.00 0.00021830
4041 100.00 0.00021660
4061 100.00 0.00021491
4081 100.00 0.00021325
4101 100.00 0.00021161
4121 100.00 0.00021000
4141 100.00 0.00020840
4161 100.00 0.00020683
4181 100.00 0.00020529
4201 100.00 0.00020376
4221 100.00 0.00020225
4241 100.00 0.00020076
4261 100.00 0.00019930
4281 100.00 0.00019785
4301 100.00 0.00019642
4321 100.00 0.00019500
4341 100.00 0.00019360
4361 100.00 0.00019224
4381 100.00 0.00019088
4401 100.00 0.00018953
4421 100.00 0.00018821
4441 100.00 0.00018691
4461 100.00 0.00018562
4481 100.00 0.00018435
4501 100.00 0.00018309
4521 100.00 0.00018184
4541 100.00 0.00018062
4561 100.00 0.00017940
4581 100.00 0.00017821
4601 100.00 0.00017702
4621 100.00 0.00017585
4641 100.00 0.00017470
4661 100.00 0.00017356
4681 100.00 0.00017242
4701 100.00 0.00017131
4721 100.00 0.00017021
4741 100.00 0.00016912
4761 100.00 0.00016804
4781 100.00 0.00016697
4801 100.00 0.00016593
4821 100.00 0.00016488
4841 100.00 0.00016386
4861 100.00 0.00016284
4881 100.00 0.00016183
4901 100.00 0.00016084
4921 100.00 0.00015986
4941 100.00 0.00015889
4961 100.00 0.00015791
4981 100.00 0.00015698
5001 100.00 0.00015602
5021 100.00 0.00015510
5041 100.00 0.00015417
5061 100.00 0.00015326
5081 100.00 0.00015236
5101 100.00 0.00015147
5121 100.00 0.00015059
5141 100.00 0.00014971
5161 100.00 0.00014885
5181 100.00 0.00014800
5201 100.00 0.00014716
5221 100.00 0.00014632
5241 100.00 0.00014548
5261 100.00 0.00014466
5281 100.00 0.00014386
5301 100.00 0.00014305
5321 100.00 0.00014226
5341 100.00 0.00014147
5361 100.00 0.00014070
5381 100.00 0.00013992
5401 100.00 0.00013916
5421 100.00 0.00013840
5441 100.00 0.00013766
5461 100.00 0.00013691
5481 100.00 0.00013618
5501 100.00 0.00013545
5521 100.00 0.00013473
5541 100.00 0.00013401
5561 100.00 0.00013331
5581 100.00 0.00013261
5601 100.00 0.00013192
5621 100.00 0.00013123
5641 100.00 0.00013055
5661 100.00 0.00012988
5681 100.00 0.00012921
5701 100.00 0.00012855
5721 100.00 0.00012790
5741 100.00 0.00012725
5761 100.00 0.00012660
5781 100.00 0.00012597
5801 100.00 0.00012533
5821 100.00 0.00012471
5841 100.00 0.00012409
5861 100.00 0.00012348
5881 100.00 0.00012287
5901 100.00 0.00012227
5921 100.00 0.00012166
5941 100.00 0.00012107
5961 100.00 0.00012048
5981 100.00 0.00011990
6000 100.00 0.00011935
