1 42.50 2.22672085
2 41.20 1.97712381
3 36.30 1.89329643
4 39.15 1.86286420
5 45.25 1.75367467
6 57.20 1.27320215
7 62.05 1.15662313
8 62.60 1.03127018
9 75.25 0.77177065
10 72.40 0.79173392
11 72.35 0.79982482
12 84.90 0.43682789
13 78.30 0.56901889
14 84.30 0.46052019
15 91.95 0.27093017
16 91.10 0.28495365
17 88.05 0.43681009
18 92.20 0.30591031
19 91.10 0.26219707
20 94.70 0.17196750
201 100.00 0.00030817
401 100.00 0.00012917
601 100.00 0.00007919
801 100.00 0.00005626
1001 100.00 0.00004325
1201 100.00 0.00003493
1401 100.00 0.00002918
1601 100.00 0.00002499
1801 100.00 0.00002180
2001 100.00 0.00001929
2201 100.00 0.00001728
2401 100.00 0.00001563
2601 100.00 0.00001425
2801 100.00 0.00001308
3001 100.00 0.00001209
3201 100.00 0.00001122
3401 100.00 0.00001047
3600 100.00 0.00000981
