1 100.00 0.00001217
401 100.00 0.00001202
801 100.00 0.00001187
1201 100.00 0.00001171
1601 100.00 0.00001157
2001 100.00 0.00001143
2401 100.00 0.00001129
2801 100.00 0.00001115
3201 100.00 0.00001102
3601 100.00 0.00001089
4001 100.00 0.00001077
4401 100.00 0.00001065
4801 100.00 0.00001052
5201 100.00 0.00001040
5601 100.00 0.00001029
6001 100.00 0.00001018
6401 100.00 0.00001006
6801 100.00 0.00000995
7201 100.00 0.00000984
7601 100.00 0.00000973
8001 100.00 0.00000963
8401 100.00 0.00000953
8801 100.00 0.00000944
9201 100.00 0.00000934
9601 100.00 0.00000925
10001 100.00 0.00000915
10401 100.00 0.00000906
10801 100.00 0.00000897
11201 100.00 0.00000888
11601 100.00 0.00000879
12000 100.00 0.00000870
