1 10.00 2.30242779
81 38.00 2.29543686
161 75.60 2.27219334
241 43.60 1.67474171
321 99.20 0.13452428
401 100.00 0.01438885
481 100.00 0.00556894
561 100.00 0.00315851
641 100.00 0.00211586
721 100.00 0.00155337
801 100.00 0.00120942
881 100.00 0.00098023
961 100.00 0.00081801
1041 100.00 0.00069802
1121 100.00 0.00060611
1201 100.00 0.00053376
1281 100.00 0.00047552
1361 100.00 0.00042774
1441 100.00 0.00038794
1521 100.00 0.00035432
1601 100.00 0.00032561
1681 100.00 0.00030082
1761 100.00 0.00027923
1841 100.00 0.00026027
1921 100.00 0.00024352
2001 100.00 0.00022863
2081 100.00 0.00021530
2161 100.00 0.00020331
2241 100.00 0.00019248
2321 100.00 0.00018265
2400 100.00 0.00017380
