1 10.00 2.30144656
81 34.00 2.03756142
161 89.00 0.26731781
241 47.00 1.74362129
321 100.00 0.00551423
401 100.00 0.00126972
481 100.00 0.00070141
561 100.00 0.00048038
641 100.00 0.00036339
721 100.00 0.00029098
801 100.00 0.00024205
881 100.00 0.00020670
961 100.00 0.00018004
1041 100.00 0.00015921
1121 100.00 0.00014247
1201 100.00 0.00012877
1281 100.00 0.00011738
1361 100.00 0.00010776
1441 100.00 0.00009951
1521 100.00 0.00009236
1601 100.00 0.00008615
1681 100.00 0.00008068
1761 100.00 0.00007584
1841 100.00 0.00007151
1921 100.00 0.00006763
2001 100.00 0.00006413
2081 100.00 0.00006095
2161 100.00 0.00005806
2241 100.00 0.00005541
2321 100.00 0.00005299
2401 100.00 0.00005076
2481 100.00 0.00004869
2561 100.00 0.00004678
2641 100.00 0.00004500
2721 100.00 0.00004335
2801 100.00 0.00004182
2881 100.00 0.00004037
2961 100.00 0.00003903
3041 100.00 0.00003776
3121 100.00 0.00003657
3201 100.00 0.00003546
3281 100.00 0.00003439
3361 100.00 0.00003339
3441 100.00 0.00003244
3521 100.00 0.00003155
3601 100.00 0.00003070
3681 100.00 0.00002989
3761 100.00 0.00002912
3841 100.00 0.00002838
3921 100.00 0.00002768
4001 100.00 0.00002702
4081 100.00 0.00002638
4161 100.00 0.00002576
4241 100.00 0.00002518
4321 100.00 0.00002461
4401 100.00 0.00002407
4481 100.00 0.00002356
4561 100.00 0.00002306
4641 100.00 0.00002258
4721 100.00 0.00002213
4800 100.00 0.00002170
