1 10.80 2.30005658
81 80.40 1.25738107
161 98.40 0.15542798
241 100.00 0.03689341
321 100.00 0.01600930
401 100.00 0.00934114
481 100.00 0.00632269
561 100.00 0.00466729
641 100.00 0.00364390
721 100.00 0.00295847
801 100.00 0.00247182
881 100.00 0.00211088
961 100.00 0.00183395
1041 100.00 0.00161564
1121 100.00 0.00143971
1201 100.00 0.00129535
1281 100.00 0.00117503
1361 100.00 0.00107339
1441 100.00 0.00098652
1521 100.00 0.00091154
1601 100.00 0.00084621
1681 100.00 0.00078887
1761 100.00 0.00073816
1841 100.00 0.00069305
1921 100.00 0.00065269
2001 100.00 0.00061639
2081 100.00 0.00058358
2161 100.00 0.00055381
2241 100.00 0.00052668
2321 100.00 0.00050186
2400 100.00 0.00047935
