1 17.00 2.29850624
2 22.10 2.29025041
3 41.90 2.26180384
4 21.70 2.03430440
5 29.60 1.60013584
6 54.10 1.14703522
7 69.50 0.88432993
8 74.90 0.68620564
9 83.10 0.55269798
10 91.00 0.30651870
11 91.70 0.26057064
12 94.40 0.17904931
13 95.60 0.15862166
14 97.70 0.08810891
15 98.90 0.05223873
16 85.90 0.52646618
17 94.80 0.14569828
18 95.10 0.15563496
19 99.90 0.01983496
20 100.00 0.00629356
21 100.00 0.00407905
22 100.00 0.00289643
23 100.00 0.00236254
24 100.00 0.00193765
25 100.00 0.00166651
26 100.00 0.00144058
27 100.00 0.00128054
28 100.00 0.00115260
29 100.00 0.00104232
30 100.00 0.00095379
31 100.00 0.00088439
32 100.00 0.00081671
33 100.00 0.00075809
34 100.00 0.00070847
35 100.00 0.00066495
36 100.00 0.00062628
37 100.00 0.00059142
38 100.00 0.00056151
39 100.00 0.00053256
40 100.00 0.00050697
41 100.00 0.00048382
61 100.00 0.00024577
81 100.00 0.00016082
101 100.00 0.00011802
121 100.00 0.00009248
141 100.00 0.00007557
161 100.00 0.00006363
181 100.00 0.00005478
201 100.00 0.00004798
221 100.00 0.00004258
241 100.00 0.00003822
261 100.00 0.00003462
281 100.00 0.00003160
301 100.00 0.00002904
321 100.00 0.00002685
341 100.00 0.00002494
361 100.00 0.00002327
381 100.00 0.00002179
401 100.00 0.00002048
421 100.00 0.00001931
441 100.00 0.00001826
461 100.00 0.00001731
481 100.00 0.00001644
501 100.00 0.00001566
521 100.00 0.00001494
541 100.00 0.00001428
561 100.00 0.00001367
581 100.00 0.00001311
600 100.00 0.00001261
