1 89.39 0.36427228
5 96.21 0.13240130
9 97.80 0.07767746
13 98.31 0.05858130
17 98.73 0.04217440
21 98.65 0.04019320
25 99.82 0.01257942
29 99.89 0.00939341
33 99.96 0.00577787
37 99.98 0.00435668
41 99.98 0.00466045
45 100.00 0.00242860
49 100.00 0.00204000
53 100.00 0.00166293
57 100.00 0.00140965
61 100.00 0.00121292
65 100.00 0.00107150
69 100.00 0.00095647
73 100.00 0.00086486
77 100.00 0.00079462
81 100.00 0.00072776
85 100.00 0.00066155
89 100.00 0.00061719
93 100.00 0.00056859
97 100.00 0.00054048
101 100.00 0.00050303
105 100.00 0.00047123
109 100.00 0.00044195
113 100.00 0.00041690
117 100.00 0.00039694
120 100.00 0.00037755
