1 100.00 0.00000319
2 100.00 0.00000319
3 100.00 0.00000319
4 100.00 0.00000318
5 100.00 0.00000317
6 100.00 0.00000317
7 100.00 0.00000316
8 100.00 0.00000316
9 100.00 0.00000316
10 100.00 0.00000316
11 100.00 0.00000315
12 100.00 0.00000315
13 100.00 0.00000315
14 100.00 0.00000314
15 100.00 0.00000314
16 100.00 0.00000313
17 100.00 0.00000313
18 100.00 0.00000313
19 100.00 0.00000312
20 100.00 0.00000312
21 100.00 0.00000312
22 100.00 0.00000312
23 100.00 0.00000312
24 100.00 0.00000311
25 100.00 0.00000311
26 100.00 0.00000311
51 100.00 0.00000304
76 100.00 0.00000299
101 100.00 0.00000293
126 100.00 0.00000287
151 100.00 0.00000283
176 100.00 0.00000277
201 100.00 0.00000272
226 100.00 0.00000268
251 100.00 0.00000263
276 100.00 0.00000258
301 100.00 0.00000255
326 100.00 0.00000251
351 100.00 0.00000247
376 100.00 0.00000244
401 100.00 0.00000240
426 100.00 0.00000236
451 100.00 0.00000234
476 100.00 0.00000231
501 100.00 0.00000228
526 100.00 0.00000224
551 100.00 0.00000221
576 100.00 0.00000218
601 100.00 0.00000216
626 100.00 0.00000213
651 100.00 0.00000210
676 100.00 0.00000208
701 100.00 0.00000206
726 100.00 0.00000203
751 100.00 0.00000201
776 100.00 0.00000199
801 100.00 0.00000196
826 100.00 0.00000194
851 100.00 0.00000192
876 100.00 0.00000190
901 100.00 0.00000188
926 100.00 0.00000186
951 100.00 0.00000183
976 100.00 0.00000181
1000 100.00 0.00000179
