1 24.30 2.29775842
2 22.30 2.28623913
3 45.70 2.23336091
4 51.10 1.60442846
5 55.20 1.23108263
6 70.20 0.79308129
7 69.50 0.84356450
8 77.10 0.67019151
9 91.10 0.40311056
10 86.80 0.38044865
11 91.50 0.26722048
12 95.80 0.14432878
13 98.00 0.12832638
14 96.60 0.10072320
15 96.10 0.14973397
16 99.10 0.04208872
17 99.90 0.01526197
18 100.00 0.00728508
19 100.00 0.00418511
20 100.00 0.00318367
21 100.00 0.00247025
22 100.00 0.00208873
23 100.00 0.00179246
24 100.00 0.00156312
25 100.00 0.00139233
26 100.00 0.00124100
27 100.00 0.00113410
28 100.00 0.00103158
29 100.00 0.00095626
30 100.00 0.00088091
31 100.00 0.00081991
32 100.00 0.00076515
33 100.00 0.00071727
34 100.00 0.00067444
35 100.00 0.00063743
36 100.00 0.00060251
37 100.00 0.00057177
38 100.00 0.00054391
39 100.00 0.00051780
40 100.00 0.00049462
41 100.00 0.00047311
61 100.00 0.00024626
81 100.00 0.00016228
101 100.00 0.00011946
121 100.00 0.00009371
141 100.00 0.00007665
161 100.00 0.00006457
181 100.00 0.00005558
201 100.00 0.00004865
221 100.00 0.00004318
241 100.00 0.00003875
261 100.00 0.00003510
281 100.00 0.00003204
301 100.00 0.00002945
321 100.00 0.00002721
341 100.00 0.00002527
361 100.00 0.00002357
381 100.00 0.00002207
401 100.00 0.00002074
421 100.00 0.00001955
441 100.00 0.00001848
461 100.00 0.00001751
481 100.00 0.00001663
501 100.00 0.00001584
521 100.00 0.00001511
541 100.00 0.00001444
561 100.00 0.00001382
581 100.00 0.00001325
600 100.00 0.00001275
