1 88.28 0.39152806
2 92.62 0.25559955
3 92.73 0.23322931
4 95.04 0.17107108
5 95.95 0.13856970
6 96.13 0.13228775
7 96.42 0.12097922
8 97.25 0.09449632
9 97.58 0.08368360
10 97.89 0.07409879
11 97.98 0.07063389
12 98.59 0.05242558
13 98.28 0.05969953
14 98.94 0.04051674
15 99.12 0.03682143
16 99.06 0.03509691
17 99.15 0.03403352
18 98.97 0.03839882
19 99.35 0.02750914
20 99.52 0.02329555
21 81.25 0.72994595
31 99.83 0.01185767
41 99.99 0.00406203
51 100.00 0.00212053
61 100.00 0.00136383
71 100.00 0.00099841
81 100.00 0.00077819
91 100.00 0.00063178
101 100.00 0.00052133
111 100.00 0.00044580
121 100.00 0.00038546
131 100.00 0.00034122
141 100.00 0.00030404
151 100.00 0.00027460
161 100.00 0.00024916
171 100.00 0.00022883
181 100.00 0.00020939
191 100.00 0.00019427
200 100.00 0.00018231
