1 88.47 0.39292908
5 96.31 0.13187524
9 97.91 0.07550687
13 97.16 0.08564501
17 97.96 0.06376216
21 99.53 0.02138684
25 99.26 0.02824822
29 99.79 0.01161151
33 99.96 0.00665626
37 99.98 0.00437892
41 99.99 0.00339189
45 100.00 0.00268190
49 100.00 0.00196500
53 100.00 0.00184894
57 100.00 0.00159134
61 100.00 0.00121816
65 100.00 0.00111747
69 100.00 0.00099353
73 100.00 0.00087204
77 100.00 0.00079043
81 100.00 0.00073223
85 100.00 0.00066700
89 100.00 0.00062416
93 100.00 0.00057413
97 100.00 0.00053468
101 100.00 0.00051838
105 100.00 0.00047493
109 100.00 0.00044093
113 100.00 0.00041666
117 100.00 0.00039506
120 100.00 0.00037991
