1 10.75 2.30160177
2 12.00 2.30085203
3 12.50 2.30010591
4 12.75 2.29936185
5 12.75 2.29861978
6 13.75 2.29788063
7 13.75 2.29714336
8 13.75 2.29640675
9 14.00 2.29567181
10 14.50 2.29493825
11 15.50 2.29420444
12 15.75 2.29347168
13 16.25 2.29273905
14 16.50 2.29200469
15 16.75 2.29127027
16 16.75 2.29053462
17 17.25 2.28979775
18 18.00 2.28905934
19 18.25 2.28831889
20 18.50 2.28757608
21 18.75 2.28682901
41 31.25 2.27082805
61 45.00 2.25088489
81 56.25 2.22311552
101 64.75 2.18090977
121 70.25 2.11208625
141 73.25 1.99593391
161 78.25 1.80479690
181 82.00 1.51521866
201 88.00 1.16184564
221 91.00 0.83921972
241 93.25 0.59437609
261 95.75 0.42362330
281 97.75 0.30650695
301 99.50 0.22531562
321 100.00 0.16822061
341 100.00 0.12779577
361 100.00 0.09905704
381 100.00 0.07843179
401 100.00 0.06339749
421 100.00 0.05225085
441 100.00 0.04382842
461 100.00 0.03734279
481 100.00 0.03225495
501 100.00 0.02819362
521 100.00 0.02490007
541 100.00 0.02219335
561 100.00 0.01993790
581 100.00 0.01803923
601 100.00 0.01642520
621 100.00 0.01503936
641 100.00 0.01383937
661 100.00 0.01279315
681 100.00 0.01187418
701 100.00 0.01106248
721 100.00 0.01034121
741 100.00 0.00969673
761 100.00 0.00911828
781 100.00 0.00859684
801 100.00 0.00812468
821 100.00 0.00769547
841 100.00 0.00730406
861 100.00 0.00694594
881 100.00 0.00661723
901 100.00 0.00631457
921 100.00 0.00603519
941 100.00 0.00577669
961 100.00 0.00553690
981 100.00 0.00531395
1001 100.00 0.00510620
1021 100.00 0.00491230
1041 100.00 0.00473093
1061 100.00 0.00456096
1081 100.00 0.00440143
1101 100.00 0.00425149
1121 100.00 0.00411033
1141 100.00 0.00397718
1161 100.00 0.00385148
1181 100.00 0.00373262
1201 100.00 0.00362009
1221 100.00 0.00351342
1241 100.00 0.00341217
1261 100.00 0.00331599
1281 100.00 0.00322449
1301 100.00 0.00313738
1321 100.00 0.00305434
1341 100.00 0.00297511
1361 100.00 0.00289947
1381 100.00 0.00282716
1401 100.00 0.00275799
1421 100.00 0.00269176
1441 100.00 0.00262831
1461 100.00 0.00256745
1481 100.00 0.00250907
1501 100.00 0.00245300
1521 100.00 0.00239912
1541 100.00 0.00234731
1561 100.00 0.00229746
1581 100.00 0.00224947
1601 100.00 0.00220323
1621 100.00 0.00215866
1641 100.00 0.00211568
1661 100.00 0.00207421
1681 100.00 0.00203416
1701 100.00 0.00199546
1721 100.00 0.00195807
1741 100.00 0.00192192
1761 100.00 0.00188693
1781 100.00 0.00185306
1801 100.00 0.00182028
1821 100.00 0.00178852
1841 100.00 0.00175773
1861 100.00 0.00172788
1881 100.00 0.00169892
1901 100.00 0.00167082
1921 100.00 0.00164355
1941 100.00 0.00161706
1961 100.00 0.00159132
1981 100.00 0.00156631
2001 100.00 0.00154200
2021 100.00 0.00151835
2041 100.00 0.00149536
2061 100.00 0.00147297
2081 100.00 0.00145118
2101 100.00 0.00142997
2121 100.00 0.00140930
2141 100.00 0.00138915
2161 100.00 0.00136953
2181 100.00 0.00135040
2201 100.00 0.00133174
2221 100.00 0.00131353
2241 100.00 0.00129577
2261 100.00 0.00127845
2281 100.00 0.00126152
2301 100.00 0.00124500
2321 100.00 0.00122886
2341 100.00 0.00121310
2361 100.00 0.00119770
2381 100.00 0.00118264
2401 100.00 0.00116792
2421 100.00 0.00115353
2441 100.00 0.00113946
2461 100.00 0.00112569
2481 100.00 0.00111221
2501 100.00 0.00109903
2521 100.00 0.00108612
2541 100.00 0.00107349
2561 100.00 0.00106111
2581 100.00 0.00104900
2601 100.00 0.00103713
2621 100.00 0.00102549
2641 100.00 0.00101410
2661 100.00 0.00100294
2681 100.00 0.00099199
2701 100.00 0.00098124
2721 100.00 0.00097072
2741 100.00 0.00096040
2761 100.00 0.00095026
2781 100.00 0.00094033
2801 100.00 0.00093058
2821 100.00 0.00092101
2841 100.00 0.00091161
2861 100.00 0.00090240
2881 100.00 0.00089334
2901 100.00 0.00088445
2921 100.00 0.00087572
2941 100.00 0.00086715
2961 100.00 0.00085871
2981 100.00 0.00085044
3001 100.00 0.00084229
3021 100.00 0.00083430
3041 100.00 0.00082644
3061 100.00 0.00081871
3081 100.00 0.00081112
3101 100.00 0.00080364
3121 100.00 0.00079629
3141 100.00 0.00078907
3161 100.00 0.00078196
3181 100.00 0.00077497
3201 100.00 0.00076809
3221 100.00 0.00076132
3241 100.00 0.00075465
3261 100.00 0.00074809
3281 100.00 0.00074164
3301 100.00 0.00073528
3321 100.00 0.00072902
3341 100.00 0.00072286
3361 100.00 0.00071679
3381 100.00 0.00071081
3401 100.00 0.00070493
3421 100.00 0.00069913
3441 100.00 0.00069342
3461 100.00 0.00068779
3481 100.00 0.00068224
3501 100.00 0.00067678
3521 100.00 0.00067139
3541 100.00 0.00066608
3561 100.00 0.00066084
3581 100.00 0.00065569
3601 100.00 0.00065060
3621 100.00 0.00064558
3641 100.00 0.00064063
3661 100.00 0.00063575
3681 100.00 0.00063094
3701 100.00 0.00062620
3721 100.00 0.00062151
3741 100.00 0.00061690
3761 100.00 0.00061234
3781 100.00 0.00060784
3801 100.00 0.00060340
3821 100.00 0.00059903
3841 100.00 0.00059471
3861 100.00 0.00059045
3881 100.00 0.00058624
3901 100.00 0.00058208
3921 100.00 0.00057798
3941 100.00 0.00057393
3961 100.00 0.00056993
3981 100.00 0.00056598
4001 100.00 0.00056209
4021 100.00 0.00055824
4041 100.00 0.00055444
4061 100.00 0.00055069
4081 100.00 0.00054697
4101 100.00 0.00054331
4121 100.00 0.00053969
4141 100.00 0.00053612
4161 100.00 0.00053258
4181 100.00 0.00052909
4201 100.00 0.00052564
4221 100.00 0.00052224
4241 100.00 0.00051887
4261 100.00 0.00051553
4281 100.00 0.00051225
4301 100.00 0.00050899
4321 100.00 0.00050578
4341 100.00 0.00050261
4361 100.00 0.00049946
4381 100.00 0.00049635
4401 100.00 0.00049328
4421 100.00 0.00049024
4441 100.00 0.00048724
4461 100.00 0.00048427
4481 100.00 0.00048133
4501 100.00 0.00047843
4521 100.00 0.00047556
4541 100.00 0.00047272
4561 100.00 0.00046990
4581 100.00 0.00046712
4601 100.00 0.00046437
4621 100.00 0.00046165
4641 100.00 0.00045896
4661 100.00 0.00045630
4681 100.00 0.00045366
4701 100.00 0.00045105
4721 100.00 0.00044847
4741 100.00 0.00044591
4761 100.00 0.00044339
4781 100.00 0.00044088
4801 100.00 0.00043840
4821 100.00 0.00043596
4841 100.00 0.00043353
4861 100.00 0.00043113
4881 100.00 0.00042875
4901 100.00 0.00042640
4921 100.00 0.00042407
4941 100.00 0.00042176
4961 100.00 0.00041948
4981 100.00 0.00041722
5001 100.00 0.00041498
5021 100.00 0.00041276
5041 100.00 0.00041057
5061 100.00 0.00040839
5081 100.00 0.00040624
5101 100.00 0.00040411
5121 100.00 0.00040199
5141 100.00 0.00039990
5161 100.00 0.00039783
5181 100.00 0.00039577
5201 100.00 0.00039374
5221 100.00 0.00039172
5241 100.00 0.00038973
5261 100.00 0.00038775
5281 100.00 0.00038579
5301 100.00 0.00038384
5321 100.00 0.00038192
5341 100.00 0.00038002
5361 100.00 0.00037813
5381 100.00 0.00037626
5401 100.00 0.00037440
5421 100.00 0.00037257
5441 100.00 0.00037074
5461 100.00 0.00036894
5481 100.00 0.00036715
5501 100.00 0.00036538
5521 100.00 0.00036362
5541 100.00 0.00036187
5561 100.00 0.00036015
5581 100.00 0.00035843
5601 100.00 0.00035674
5621 100.00 0.00035505
5641 100.00 0.00035338
5661 100.00 0.00035173
5681 100.00 0.00035009
5701 100.00 0.00034846
5721 100.00 0.00034686
5741 100.00 0.00034525
5761 100.00 0.00034367
5781 100.00 0.00034209
5801 100.00 0.00034053
5821 100.00 0.00033899
5841 100.00 0.00033745
5861 100.00 0.00033593
5881 100.00 0.00033443
5901 100.00 0.00033293
5921 100.00 0.00033145
5941 100.00 0.00032998
5961 100.00 0.00032851
5981 100.00 0.00032707
6000 100.00 0.00032570
