1 10.00 2.30190754
2 10.00 2.30188775
3 10.00 2.30186820
4 10.00 2.30184817
5 10.00 2.30182838
6 10.00 2.30180931
7 10.00 2.30178928
8 10.00 2.30176973
9 10.00 2.30175018
10 10.00 2.30173016
11 10.00 2.30171061
12 10.00 2.30169082
13 10.00 2.30167079
14 10.00 2.30165124
15 10.00 2.30163121
16 10.00 2.30161214
17 10.00 2.30159235
18 10.00 2.30157256
19 10.00 2.30155325
20 10.00 2.30153298
21 10.00 2.30151391
22 10.00 2.30149436
23 10.00 2.30147433
24 10.00 2.30145502
25 10.00 2.30143523
26 10.00 2.30141544
27 10.00 2.30139589
28 10.00 2.30137634
29 10.00 2.30135632
30 10.00 2.30133677
31 10.00 2.30131745
32 11.00 2.30129814
33 11.00 2.30127811
34 11.00 2.30125880
35 11.00 2.30123901
36 11.00 2.30121970
37 11.00 2.30120015
38 11.00 2.30118036
39 11.00 2.30116129
40 11.00 2.30114102
41 11.00 2.30112171
42 11.00 2.30110192
43 11.00 2.30108285
44 11.00 2.30106330
45 11.00 2.30104351
46 11.00 2.30102396
47 11.00 2.30100441
48 11.00 2.30098462
49 11.00 2.30096531
50 11.00 2.30094600
51 11.00 2.30092645
52 11.00 2.30090737
53 11.00 2.30088758
54 11.00 2.30086803
55 11.00 2.30084872
56 11.00 2.30082893
57 11.00 2.30080914
58 11.00 2.30079031
59 11.00 2.30077100
60 11.00 2.30075097
61 11.00 2.30073166
62 11.00 2.30071187
63 11.00 2.30069280
64 11.00 2.30067325
65 11.00 2.30065370
66 11.00 2.30063415
67 11.00 2.30061460
68 11.00 2.30059528
69 11.00 2.30057597
70 11.00 2.30055642
71 11.00 2.30053711
72 11.00 2.30051804
73 11.00 2.30049872
74 11.00 2.30047917
75 11.00 2.30045986
76 11.00 2.30044031
77 11.00 2.30042124
78 11.00 2.30040169
79 11.00 2.30038238
80 11.00 2.30036330
81 11.00 2.30034375
82 11.00 2.30032468
83 11.00 2.30030513
84 11.00 2.30028534
85 11.00 2.30026603
86 11.00 2.30024695
87 11.00 2.30022764
88 11.00 2.30020833
89 11.00 2.30018902
90 11.00 2.30016971
91 11.00 2.30015016
92 11.00 2.30013084
93 11.00 2.30011129
94 12.00 2.30009174
95 12.00 2.30007267
96 12.00 2.30005336
97 12.00 2.30003381
98 12.00 2.30001473
99 12.00 2.29999542
100 12.00 2.29997587
101 12.00 2.29995680
102 12.00 2.29993677
103 12.00 2.29991770
104 12.00 2.29989862
105 12.00 2.29987907
106 12.00 2.29985952
107 13.00 2.29983997
108 13.00 2.29982114
109 13.00 2.29980159
110 13.00 2.29978204
111 13.00 2.29976249
112 13.00 2.29974318
113 13.00 2.29972410
114 13.00 2.29970455
115 13.00 2.29968548
116 13.00 2.29966593
117 13.00 2.29964662
118 13.00 2.29962730
119 13.00 2.29960799
120 13.00 2.29958820
121 13.00 2.29956889
122 13.00 2.29954982
123 13.00 2.29953027
124 13.00 2.29951119
125 13.00 2.29949164
126 13.00 2.29947209
127 13.00 2.29945302
128 13.00 2.29943371
129 13.00 2.29941463
130 13.00 2.29939485
131 13.00 2.29937601
132 13.00 2.29935646
133 13.00 2.29933715
134 13.00 2.29931808
135 13.00 2.29929829
136 13.00 2.29927945
137 13.00 2.29926014
138 13.00 2.29924083
139 13.00 2.29922175
140 13.00 2.29920244
141 13.00 2.29918337
142 13.00 2.29916430
143 13.00 2.29914451
144 13.00 2.29912567
145 13.00 2.29910636
146 13.00 2.29908729
147 13.00 2.29906797
148 13.00 2.29904842
149 13.00 2.29902935
150 13.00 2.29901028
151 13.00 2.29899120
152 13.00 2.29897213
153 13.00 2.29895258
154 13.00 2.29893351
155 14.00 2.29891443
156 14.00 2.29889536
157 14.00 2.29887605
158 15.00 2.29885697
159 15.00 2.29883790
160 15.00 2.29881835
161 15.00 2.29879951
162 15.00 2.29878044
163 15.00 2.29876089
164 15.00 2.29874158
165 15.00 2.29872322
166 15.00 2.29870367
167 15.00 2.29868507
168 15.00 2.29866552
169 15.00 2.29864669
170 15.00 2.29862714
171 15.00 2.29860830
172 15.00 2.29858923
173 15.00 2.29857016
174 15.00 2.29855132
175 15.00 2.29853201
176 15.00 2.29851246
177 16.00 2.29849315
178 16.00 2.29847479
179 16.00 2.29845595
180 16.00 2.29843640
181 16.00 2.29841709
182 16.00 2.29839849
183 16.00 2.29837966
184 16.00 2.29836011
185 16.00 2.29834104
186 16.00 2.29832220
187 16.00 2.29830313
188 16.00 2.29828429
189 16.00 2.29826546
190 16.00 2.29824638
191 16.00 2.29822683
192 16.00 2.29820800
193 16.00 2.29818892
194 16.00 2.29816985
195 16.00 2.29815078
196 16.00 2.29813170
197 16.00 2.29811287
198 17.00 2.29809403
199 17.00 2.29807496
200 17.00 2.29805613
201 17.00 2.29803658
301 19.00 2.29614568
401 19.00 2.29426813
501 22.00 2.29239583
601 26.00 2.29051733
701 28.00 2.28863335
801 31.00 2.28673744
901 32.00 2.28482080
1001 31.00 2.28288364
1101 33.00 2.28092766
1201 32.00 2.27894425
1301 35.00 2.27692056
1401 36.00 2.27485323
1501 39.00 2.27274251
1601 41.00 2.27057886
1701 41.00 2.26834297
1801 41.00 2.26603293
1901 42.00 2.26364827
2001 43.00 2.26119518
2101 44.00 2.25865865
2201 45.00 2.25603199
2301 47.00 2.25329876
2401 47.00 2.25046444
2501 46.00 2.24751377
2601 47.00 2.24442911
2701 49.00 2.24119830
2801 51.00 2.23781323
2901 55.00 2.23427129
3001 56.00 2.23056960
3101 56.00 2.22670031
3201 57.00 2.22263479
3301 57.00 2.21837640
3401 59.00 2.21390724
3501 61.00 2.20921326
3601 62.00 2.20428419
3701 64.00 2.19908333
3801 66.00 2.19359422
3901 65.00 2.18779469
4001 67.00 2.18165779
4101 68.00 2.17516279
4201 68.00 2.16826510
4301 69.00 2.16093850
4401 69.00 2.15313673
4501 71.00 2.14481044
4601 73.00 2.13592887
4701 73.00 2.12644911
4801 73.00 2.11634588
4901 75.00 2.10555363
5001 75.00 2.09397125
5101 75.00 2.08156252
5201 75.00 2.06826830
5301 75.00 2.05401969
5401 76.00 2.03872418
5501 77.00 2.02230906
5601 77.00 2.00468802
5701 78.00 1.98580515
5801 79.00 1.96553838
5901 79.00 1.94377828
6001 81.00 1.92045474
6101 83.00 1.89552248
6201 83.00 1.86888087
6301 83.00 1.84046555
6401 83.00 1.81029713
6501 84.00 1.77833700
6601 85.00 1.74460948
6701 85.00 1.70913899
6801 86.00 1.67199314
6901 87.00 1.63324678
7001 88.00 1.59305608
7101 88.00 1.55155408
7201 88.00 1.50896215
7301 89.00 1.46549821
7401 88.00 1.42137313
7501 88.00 1.37677944
7601 88.00 1.33192515
7701 89.00 1.28698993
7801 90.00 1.24218547
7901 90.00 1.19775319
8001 90.00 1.15383148
8101 91.00 1.11056674
8201 91.00 1.06804788
8301 91.00 1.02641118
8401 91.00 0.98576045
8501 91.00 0.94620585
8601 91.00 0.90778279
8701 91.00 0.87053835
8801 92.00 0.83448619
8901 92.00 0.79966211
9001 92.00 0.76607943
9101 93.00 0.73376518
9201 93.00 0.70270568
9301 93.00 0.67288095
9401 95.00 0.64427453
9501 95.00 0.61687452
9601 95.00 0.59065187
9701 95.00 0.56554043
9801 96.00 0.54154235
9901 96.00 0.51862013
10001 96.00 0.49674127
10101 96.00 0.47585568
10201 96.00 0.45593536
10301 96.00 0.43692642
10401 96.00 0.41880018
10501 97.00 0.40149537
10601 98.00 0.38499230
10701 98.00 0.36925045
10801 99.00 0.35423797
10901 99.00 0.33991650
11001 99.00 0.32625520
11101 99.00 0.31320438
11201 99.00 0.30074766
11301 99.00 0.28884655
11401 99.00 0.27747935
11501 99.00 0.26662293
11601 99.00 0.25625184
11701 99.00 0.24634108
11801 99.00 0.23686375
11901 99.00 0.22780287
12001 99.00 0.21913651
12101 99.00 0.21085005
12201 99.00 0.20292908
12301 99.00 0.19535597
12401 99.00 0.18811391
12501 99.00 0.18118921
12601 99.00 0.17456520
12701 99.00 0.16823201
12801 100.00 0.16217715
12901 100.00 0.15638933
13001 100.00 0.15085420
13101 100.00 0.14555915
13201 100.00 0.14049447
13301 100.00 0.13565184
13401 100.00 0.13102022
13501 100.00 0.12659082
13601 100.00 0.12235434
13701 100.00 0.11830046
13801 100.00 0.11441602
13901 100.00 0.11069559
14001 100.00 0.10713477
14101 100.00 0.10372491
14201 100.00 0.10046108
14301 100.00 0.09733362
14401 100.00 0.09433511
14501 100.00 0.09146308
14601 100.00 0.08871164
14701 100.00 0.08607220
14801 100.00 0.08354112
14901 100.00 0.08111436
15001 100.00 0.07878667
15101 100.00 0.07655422
15201 100.00 0.07441170
15301 100.00 0.07235517
15401 100.00 0.07038066
15501 100.00 0.06848299
15601 100.00 0.06665919
15701 100.00 0.06490394
15801 100.00 0.06321446
15901 100.00 0.06158946
16001 100.00 0.06002639
16101 100.00 0.05852200
16201 100.00 0.05707325
16301 100.00 0.05567726
16401 100.00 0.05433205
16501 100.00 0.05303545
16601 100.00 0.05178532
16701 100.00 0.05057980
16801 100.00 0.04941742
16901 100.00 0.04829567
17001 100.00 0.04721273
17101 100.00 0.04616712
17201 100.00 0.04515726
17301 100.00 0.04418128
17401 100.00 0.04323737
17501 100.00 0.04232482
17601 100.00 0.04144174
17701 100.00 0.04058757
17801 100.00 0.03976096
17901 100.00 0.03896096
18001 100.00 0.03818619
18101 100.00 0.03743555
18201 100.00 0.03670808
18301 100.00 0.03600298
18401 100.00 0.03531914
18501 100.00 0.03465579
18601 100.00 0.03401217
18701 100.00 0.03338749
18801 100.00 0.03278107
18901 100.00 0.03219220
19001 100.00 0.03162017
19101 100.00 0.03106428
19201 100.00 0.03052408
19301 100.00 0.02999910
19401 100.00 0.02948866
19501 100.00 0.02899212
19601 100.00 0.02850906
19701 100.00 0.02803893
19801 100.00 0.02758130
19901 100.00 0.02713583
20001 100.00 0.02670198
20101 100.00 0.02627932
20201 100.00 0.02586751
20301 100.00 0.02546620
20401 100.00 0.02507504
20501 100.00 0.02469364
20601 100.00 0.02432170
20701 100.00 0.02395881
20801 100.00 0.02360470
20901 100.00 0.02325915
21001 100.00 0.02292195
21101 100.00 0.02259277
21201 100.00 0.02227132
21301 100.00 0.02195732
21401 100.00 0.02165061
21501 100.00 0.02135099
21601 100.00 0.02105820
21701 100.00 0.02077208
21801 100.00 0.02049240
21901 100.00 0.02021892
22001 100.00 0.01995146
22101 100.00 0.01968986
22201 100.00 0.01943391
22301 100.00 0.01918346
22401 100.00 0.01893837
22501 100.00 0.01869847
22601 100.00 0.01846362
22701 100.00 0.01823367
22801 100.00 0.01800845
22901 100.00 0.01778787
23001 100.00 0.01757179
23101 100.00 0.01736004
23201 100.00 0.01715251
23301 100.00 0.01694912
23401 100.00 0.01674972
23501 100.00 0.01655428
23601 100.00 0.01636264
23701 100.00 0.01617467
23801 100.00 0.01599025
23901 100.00 0.01580930
24001 100.00 0.01563180
24101 100.00 0.01545763
24201 100.00 0.01528670
24301 100.00 0.01511897
24401 100.00 0.01495430
24501 100.00 0.01479261
24601 100.00 0.01463387
24701 100.00 0.01447799
24801 100.00 0.01432491
24901 100.00 0.01417453
25001 100.00 0.01402682
25101 100.00 0.01388169
25201 100.00 0.01373911
25301 100.00 0.01359901
25401 100.00 0.01346131
25501 100.00 0.01332597
25601 100.00 0.01319295
25701 100.00 0.01306216
25801 100.00 0.01293356
25901 100.00 0.01280711
26001 100.00 0.01268274
26101 100.00 0.01256042
26201 100.00 0.01244009
26301 100.00 0.01232170
26401 100.00 0.01220523
26501 100.00 0.01209067
26601 100.00 0.01197790
26701 100.00 0.01186692
26801 100.00 0.01175766
26901 100.00 0.01165011
27001 100.00 0.01154424
27101 100.00 0.01143999
27201 100.00 0.01133735
27301 100.00 0.01123626
27401 100.00 0.01113672
27501 100.00 0.01103866
27601 100.00 0.01094207
27701 100.00 0.01084693
27801 100.00 0.01075320
27901 100.00 0.01066086
28001 100.00 0.01056987
28101 100.00 0.01048019
28201 100.00 0.01039182
28301 100.00 0.01030472
28401 100.00 0.01021885
28501 100.00 0.01013421
28601 100.00 0.01005077
28701 100.00 0.00996850
28801 100.00 0.00988734
28901 100.00 0.00980733
29001 100.00 0.00972842
29101 100.00 0.00965058
29201 100.00 0.00957383
29301 100.00 0.00949813
29401 100.00 0.00942343
29501 100.00 0.00934974
29601 100.00 0.00927704
29701 100.00 0.00920532
29801 100.00 0.00913455
29901 100.00 0.00906468
30001 100.00 0.00899575
30101 100.00 0.00892771
30201 100.00 0.00886056
30301 100.00 0.00879427
30401 100.00 0.00872883
30501 100.00 0.00866423
30601 100.00 0.00860044
30701 100.00 0.00853746
30801 100.00 0.00847528
30901 100.00 0.00841387
31001 100.00 0.00835322
31101 100.00 0.00829332
31201 100.00 0.00823417
31301 100.00 0.00817575
31401 100.00 0.00811803
31501 100.00 0.00806100
31601 100.00 0.00800469
31701 100.00 0.00794904
31801 100.00 0.00789407
31901 100.00 0.00783975
32001 100.00 0.00778607
32101 100.00 0.00773305
32201 100.00 0.00768063
32301 100.00 0.00762883
32401 100.00 0.00757765
32501 100.00 0.00752706
32601 100.00 0.00747706
32701 100.00 0.00742763
32801 100.00 0.00737876
32901 100.00 0.00733045
33001 100.00 0.00728270
33101 100.00 0.00723548
33201 100.00 0.00718879
33301 100.00 0.00714261
33401 100.00 0.00709696
33501 100.00 0.00705179
33601 100.00 0.00700713
33701 100.00 0.00696295
33801 100.00 0.00691926
33901 100.00 0.00687605
34001 100.00 0.00683331
34101 100.00 0.00679101
34201 100.00 0.00674917
34301 100.00 0.00670783
34401 100.00 0.00666687
34501 100.00 0.00662636
34601 100.00 0.00658628
34701 100.00 0.00654663
34801 100.00 0.00650739
34901 100.00 0.00646855
35001 100.00 0.00643012
35101 100.00 0.00639207
35201 100.00 0.00635442
35301 100.00 0.00631716
35401 100.00 0.00628028
35501 100.00 0.00624376
35601 100.00 0.00620763
35701 100.00 0.00617185
35801 100.00 0.00613642
35901 100.00 0.00610137
36000 100.00 0.00606699
