1 10.50 2.29548091
2 19.40 2.28544369
3 29.30 2.27329078
4 33.70 2.25763860
5 36.30 2.23543477
6 40.80 2.20244059
7 44.60 2.15112716
8 43.90 2.07128388
9 61.30 1.94732015
10 63.90 1.76340562
11 68.00 1.51286605
12 68.20 1.25199243
13 77.10 1.04284885
14 64.80 1.01429628
15 75.20 0.80209421
16 81.10 0.69975872
17 82.40 0.65661351
18 77.90 0.70026056
19 80.30 0.60342588
20 77.30 0.67032288
21 86.50 0.47204853
22 88.80 0.41345405
23 90.10 0.40155563
24 91.10 0.36512570
25 90.30 0.36314548
26 91.30 0.32594137
27 80.90 0.54648829
28 93.00 0.30433914
29 92.40 0.29050445
30 92.20 0.28114009
31 93.70 0.24846086
32 94.10 0.23545313
33 91.40 0.28191354
34 93.50 0.24729162
35 94.20 0.22580255
36 94.60 0.20744219
37 95.80 0.19265171
38 94.90 0.18347055
39 95.90 0.17216698
40 96.40 0.15663946
41 96.40 0.15692309
42 94.60 0.18065113
43 96.70 0.14698655
44 95.80 0.16457037
45 95.90 0.15297072
46 97.40 0.12148475
47 97.90 0.11213263
48 97.70 0.10463965
49 94.60 0.15458363
50 98.20 0.09465200
61 99.70 0.04983386
81 99.80 0.02102953
101 100.00 0.01053376
121 100.00 0.00662505
141 100.00 0.00462803
161 100.00 0.00344521
181 100.00 0.00273038
201 100.00 0.00222673
221 100.00 0.00185923
241 100.00 0.00159351
261 100.00 0.00140392
281 100.00 0.00123906
301 100.00 0.00110782
321 100.00 0.00100043
341 100.00 0.00090836
361 100.00 0.00082996
381 100.00 0.00076431
401 100.00 0.00070507
421 100.00 0.00065540
441 100.00 0.00061234
461 100.00 0.00057506
481 100.00 0.00053800
501 100.00 0.00050492
521 100.00 0.00048032
541 100.00 0.00045026
561 100.00 0.00042788
581 100.00 0.00040996
601 100.00 0.00039378
621 100.00 0.00037364
641 100.00 0.00035954
661 100.00 0.00034017
681 100.00 0.00032454
701 100.00 0.00031294
721 100.00 0.00030266
741 100.00 0.00029123
761 100.00 0.00028175
781 100.00 0.00027015
801 100.00 0.00026223
821 100.00 0.00025199
841 100.00 0.00024653
861 100.00 0.00023808
881 100.00 0.00022880
901 100.00 0.00022218
921 100.00 0.00021406
941 100.00 0.00020884
961 100.00 0.00020260
981 100.00 0.00019714
1001 100.00 0.00019304
1021 100.00 0.00018707
1041 100.00 0.00018383
1061 100.00 0.00017842
1081 100.00 0.00017304
1101 100.00 0.00016908
1121 100.00 0.00016617
1141 100.00 0.00016247
1161 100.00 0.00015862
1181 100.00 0.00015442
1201 100.00 0.00015100
1221 100.00 0.00014932
1241 100.00 0.00014439
1261 100.00 0.00014231
1281 100.00 0.00013844
1301 100.00 0.00013559
1321 100.00 0.00013399
1341 100.00 0.00013081
1361 100.00 0.00012854
1381 100.00 0.00012614
1401 100.00 0.00012432
1421 100.00 0.00012101
1441 100.00 0.00011928
1461 100.00 0.00011742
1481 100.00 0.00011553
1501 100.00 0.00011249
1521 100.00 0.00011100
1541 100.00 0.00010961
1561 100.00 0.00010796
1581 100.00 0.00010528
1601 100.00 0.00010329
1621 100.00 0.00010286
1641 100.00 0.00010113
1661 100.00 0.00009886
1681 100.00 0.00009744
1701 100.00 0.00009586
1721 100.00 0.00009414
1741 100.00 0.00009377
1761 100.00 0.00009196
1781 100.00 0.00009112
1801 100.00 0.00009005
1821 100.00 0.00008844
1841 100.00 0.00008694
1861 100.00 0.00008561
1881 100.00 0.00008449
1901 100.00 0.00008314
1921 100.00 0.00008248
1941 100.00 0.00008141
1961 100.00 0.00008045
1981 100.00 0.00007964
2001 100.00 0.00007871
2021 100.00 0.00007723
2041 100.00 0.00007657
2061 100.00 0.00007507
2081 100.00 0.00007424
2101 100.00 0.00007374
2121 100.00 0.00007241
2141 100.00 0.00007177
2161 100.00 0.00007084
2181 100.00 0.00006992
2201 100.00 0.00006886
2221 100.00 0.00006821
2241 100.00 0.00006809
2261 100.00 0.00006741
2281 100.00 0.00006648
2301 100.00 0.00006595
2321 100.00 0.00006512
2341 100.00 0.00006408
2361 100.00 0.00006339
2381 100.00 0.00006340
2401 100.00 0.00006211
2421 100.00 0.00006206
2441 100.00 0.00006069
2461 100.00 0.00006005
2481 100.00 0.00005995
2501 100.00 0.00005923
2521 100.00 0.00005801
2541 100.00 0.00005824
2561 100.00 0.00005756
2581 100.00 0.00005695
2601 100.00 0.00005610
2621 100.00 0.00005537
2641 100.00 0.00005498
2661 100.00 0.00005427
2681 100.00 0.00005418
2701 100.00 0.00005356
2721 100.00 0.00005290
2741 100.00 0.00005264
2761 100.00 0.00005197
2781 100.00 0.00005228
2801 100.00 0.00005127
2821 100.00 0.00005098
2841 100.00 0.00005041
2861 100.00 0.00004994
2881 100.00 0.00004941
2901 100.00 0.00004903
2921 100.00 0.00004902
2941 100.00 0.00004787
2961 100.00 0.00004778
2981 100.00 0.00004771
3001 100.00 0.00004698
3021 100.00 0.00004671
3041 100.00 0.00004617
3061 100.00 0.00004590
3081 100.00 0.00004539
3101 100.00 0.00004526
3121 100.00 0.00004495
3141 100.00 0.00004458
3161 100.00 0.00004402
3181 100.00 0.00004383
3201 100.00 0.00004342
3221 100.00 0.00004333
3241 100.00 0.00004287
3261 100.00 0.00004256
3281 100.00 0.00004225
3301 100.00 0.00004179
3321 100.00 0.00004128
3341 100.00 0.00004129
3361 100.00 0.00004086
3381 100.00 0.00004041
3401 100.00 0.00004018
3421 100.00 0.00004039
3441 100.00 0.00003982
3461 100.00 0.00003962
3481 100.00 0.00003928
3501 100.00 0.00003906
3521 100.00 0.00003858
3541 100.00 0.00003854
3561 100.00 0.00003794
3581 100.00 0.00003782
3600 100.00 0.00003744