1 11.12 2.30253462
2 11.38 2.30228289
3 11.72 2.30191520
4 11.72 2.30161688
5 11.90 2.30138407
6 11.86 2.30106665
7 11.92 2.30074604
8 11.82 2.30051179
9 11.90 2.30021588
10 11.52 2.29998451
11 11.20 2.29960601
12 10.88 2.29933262
13 10.54 2.29897629
25 18.40 2.29452442
37 26.80 2.28581113
49 40.56 2.26340894
61 29.42 2.15604727
73 44.76 1.56678363
85 57.02 1.14348877
97 61.34 0.97206353
109 65.60 0.86767127
121 68.68 0.81652574
133 72.68 0.78359175
145 73.00 0.73405409
157 72.30 0.74366584
169 74.74 0.71566606
181 75.62 0.64018411
193 77.40 0.60862735
205 77.62 0.62558576
217 79.12 0.56681386
229 80.68 0.51016994
241 82.30 0.49601821
253 82.44 0.47258270
265 84.76 0.42761138
277 82.50 0.46290260
289 85.02 0.41000052
301 85.68 0.41112005
313 85.90 0.38797021
325 87.10 0.35252471
337 88.60 0.32625736
349 88.86 0.31053234
361 89.68 0.29133667
373 90.16 0.28387824
385 89.52 0.28691363
397 89.12 0.30192434
409 90.46 0.26501922
421 92.56 0.22777783
433 92.06 0.23354140
445 92.30 0.22763062
457 92.10 0.23123992
469 91.56 0.23257364
481 94.08 0.18529644
493 92.50 0.21100209
505 91.42 0.24214334
517 94.70 0.15380677
529 95.62 0.14054363
541 96.20 0.12098754
553 94.58 0.16469046
565 95.12 0.13650280
577 96.66 0.11761405
589 96.42 0.10896413
601 97.72 0.08769605
613 89.82 0.30147836
625 95.72 0.11585567
637 95.42 0.13755010
649 98.00 0.08534008
661 98.74 0.06041712
673 97.24 0.08507334
685 98.40 0.06114394
697 98.80 0.04845136
709 99.22 0.03848960
721 99.76 0.02627580
733 96.58 0.10992757
745 99.42 0.03747534
757 99.84 0.02313714
769 99.90 0.01700411
781 99.90 0.01526039
793 99.96 0.01176728
805 99.96 0.01122976
817 100.00 0.00898131
829 99.98 0.00856266
841 100.00 0.00653536
853 100.00 0.00657872
865 100.00 0.00520176
877 100.00 0.00473451
889 100.00 0.00425413
901 100.00 0.00387004
913 100.00 0.00362856
925 100.00 0.00333613
937 100.00 0.00306622
949 100.00 0.00286273
961 100.00 0.00266247
973 100.00 0.00251986
985 100.00 0.00272179
997 100.00 0.00224503
1009 100.00 0.00211281
1021 100.00 0.00203065
1033 100.00 0.00190248
1045 100.00 0.00180828
1057 100.00 0.00171275
1069 100.00 0.00167029
1081 100.00 0.00159564
1093 100.00 0.00151413
1105 100.00 0.00144145
1117 100.00 0.00143172
1129 100.00 0.00134906
1141 100.00 0.00130370
1153 100.00 0.00124659
1165 100.00 0.00120008
1177 100.00 0.00115166
1189 100.00 0.00112121
1200 100.00 0.00110880
