1 44.00 6.11472778
2 36.00 5.81539297
3 37.00 5.76045713
4 34.00 5.70910826
5 42.00 5.20729399
6 43.00 5.11860466
7 62.00 4.63984718
8 36.00 5.01221352
9 39.00 5.11619015
10 42.00 4.32584977
11 65.00 3.84550676
12 49.00 4.29977856
13 30.00 5.16712704
14 29.00 4.98669596
15 29.00 4.62002048
16 25.00 4.51767263
17 21.00 4.44726706
18 44.00 4.12204142
19 36.00 3.94918065
20 49.00 3.88477874
21 46.00 3.87233219
22 49.00 3.38824697
23 62.00 3.12383409
24 53.00 3.10612111
25 56.00 2.77892480
26 46.00 3.74239545
27 69.00 2.55775905
28 51.00 3.71035967
29 63.00 2.56175203
30 83.00 2.15184464
31 68.00 2.68940740
32 65.00 2.41326060
33 80.00 2.11133780
34 71.00 2.12150040
35 89.00 1.72674670
36 79.00 1.87749205
37 95.00 1.48086634
38 99.00 1.34002934
39 99.00 1.27598336
40 99.00 1.20399926
801 100.00 0.29295617
1601 81.00 0.99323974
2401 100.00 0.26883362
3201 100.00 0.26418763
4001 100.00 0.26090237
4801 100.00 0.26018388
5601 100.00 0.25858017
6401 100.00 0.26220278
7201 100.00 0.26474326
8001 100.00 0.25556391
8801 100.00 0.25633467
9601 100.00 0.27706627
10401 100.00 0.26469589
11201 100.00 0.25562958
12001 100.00 0.26085014
12801 100.00 0.26734743
13601 100.00 0.25707960
14401 100.00 0.25312225
15201 100.00 0.29251966
16001 100.00 0.25907096
16801 100.00 0.26050369
17601 100.00 0.25410235
18000 100.00 0.25294830
