1 10.01 2.30139136
2 12.17 2.29989043
3 15.32 2.29836237
4 20.19 2.29655479
7 32.79 2.28876616
10 37.43 2.27021965
13 34.65 2.19223371
16 35.37 1.79767880
19 50.91 1.26182068
22 56.56 1.07235996
25 63.05 0.96355710
28 64.13 0.94568595
31 62.89 0.98127311
34 66.35 0.97019415
37 66.74 0.89602789
40 73.21 0.76252881
43 69.74 0.82276013
46 71.19 0.76003644
49 73.83 0.70641656
52 74.44 0.68984529
55 76.37 0.64779210
58 75.92 0.64916144
61 73.91 0.75045934
64 76.84 0.62960540
67 75.50 0.67740896
70 79.29 0.57443036
73 75.77 0.65744956
76 81.72 0.51368888
79 80.25 0.54482780
82 80.45 0.55386667
85 81.50 0.50998596
88 81.55 0.50800599
91 77.52 0.60544233
94 79.32 0.55855278
97 81.50 0.50030335
100 83.00 0.47694177
103 80.62 0.54164095
106 84.72 0.42890134
109 83.27 0.46728686
112 80.73 0.53478995
115 83.73 0.45497645
118 81.68 0.51132148
121 86.11 0.38740602
124 81.59 0.52006213
127 83.11 0.47203550
130 82.35 0.50452473
133 86.34 0.37283347
136 87.08 0.36924186
139 83.32 0.45461197
142 81.73 0.58685313
145 83.43 0.51004128
148 87.13 0.34841322
151 85.94 0.39423357
154 84.06 0.43410214
157 83.96 0.46914715
160 86.62 0.39194301
163 84.53 0.43282296
166 88.87 0.30589314
169 86.77 0.36346951
172 86.62 0.36069920
175 87.46 0.33874904
178 82.31 0.53114518
181 86.20 0.37294135
184 88.93 0.30883181
187 89.01 0.30576260
190 87.64 0.36504684
193 90.91 0.25022978
196 90.67 0.26392206
199 81.73 0.61259921
202 79.70 0.97756134
205 85.79 0.43128095
208 90.10 0.28012328
211 90.05 0.26689542
214 88.25 0.32902065
217 84.49 0.46146951
220 91.78 0.22771969
223 87.49 0.33113235
226 89.33 0.29201002
229 89.57 0.28865356
232 90.39 0.25396535
235 91.52 0.24911186
238 90.25 0.26932569
241 85.19 0.50637625
244 88.94 0.33517544
247 92.21 0.21295119
250 88.24 0.31811760
253 91.36 0.23286604
256 94.10 0.16502356
259 90.18 0.32706688
262 86.51 0.42322383
265 93.14 0.19418196
268 90.38 0.25951997
271 86.20 0.52400851
274 92.91 0.19143869
277 95.01 0.14202379
280 93.97 0.17827729
283 89.40 0.28642311
286 89.97 0.35158022
289 89.67 0.31624226
292 94.02 0.16397081
295 88.38 0.43640816
298 85.56 0.64861161
300 91.37 0.25367125
