1 35.09 2.27356360
2 55.02 2.20249354
3 63.06 1.91185114
4 72.75 1.14287804
5 79.03 0.75917931
6 83.23 0.60056366
7 86.10 0.50814029
8 87.51 0.44752679
9 88.48 0.41066858
10 89.18 0.38506048
11 89.71 0.36712191
12 90.16 0.35031953
13 90.37 0.33829205
14 90.74 0.32501645
15 91.02 0.31547889
16 91.31 0.30601465
17 91.62 0.29583094
18 91.81 0.28949149
19 91.96 0.28195347
20 92.27 0.27223658
21 92.47 0.26631180
31 94.07 0.20743887
41 95.33 0.16318467
51 96.28 0.13182473
61 96.89 0.10957412
71 97.44 0.09093857
81 97.89 0.07628248
91 98.25 0.06548964
101 98.48 0.05686536
111 98.76 0.04779817
121 98.95 0.04127077
131 99.18 0.03476409
141 99.32 0.02990308
151 99.46 0.02575747
161 99.59 0.02195978
171 99.70 0.01878972
181 99.75 0.01637746
191 99.81 0.01411577
200 99.86 0.01209203
