1 11.40 2.30028151
41 70.80 1.55361564
81 94.20 0.27354722
121 98.40 0.09507663
161 99.80 0.03810810
201 100.00 0.02001384
241 100.00 0.01274246
281 100.00 0.00882097
321 100.00 0.00657787
361 100.00 0.00517715
401 100.00 0.00421688
441 100.00 0.00352851
481 100.00 0.00301386
521 100.00 0.00261735
561 100.00 0.00230374
601 100.00 0.00205056
641 100.00 0.00184256
681 100.00 0.00166915
721 100.00 0.00152249
761 100.00 0.00139719
801 100.00 0.00128911
841 100.00 0.00119504
881 100.00 0.00111253
921 100.00 0.00103967
961 100.00 0.00097492
1001 100.00 0.00091699
1041 100.00 0.00086502
1081 100.00 0.00081800
1121 100.00 0.00077540
1161 100.00 0.00073662
1200 100.00 0.00070204
