1 46.00 9.72882652
2 34.80 9.04949894
3 31.60 8.35440540
4 32.40 8.02476559
5 35.60 7.79163141
6 10.80 7.82878532
7 28.80 6.88223944
8 32.40 6.24000559
9 49.60 5.66481161
10 45.20 5.60056581
11 40.00 5.24283533
12 42.40 5.10108404
13 41.20 4.46153517
14 54.80 4.18884649
15 35.20 4.22523165
16 66.80 3.38845220
17 65.20 3.10794320
18 31.20 3.85158806
19 36.40 3.40076022
20 54.00 2.83976250
21 67.20 2.59260225
22 65.20 2.49777560
23 68.00 2.36345272
24 52.40 2.71068811
25 64.00 2.24455028
26 58.40 2.02086387
27 64.80 1.95006137
28 58.40 1.93568935
29 63.20 1.60038719
30 70.40 1.61348550
401 98.80 0.66959790
801 100.00 0.58563132
1201 81.20 1.13362079
1601 100.00 0.58372983
2001 100.00 0.61748559
2401 100.00 0.57888659
2801 100.00 0.56101943
3201 97.60 0.65561985
3601 100.00 0.57072380
4001 100.00 0.57117426
4401 100.00 0.56819247
4801 96.80 0.63781728
5201 100.00 0.56472360
5601 100.00 0.56330681
6001 100.00 0.57085450
6401 99.20 0.61321737
6801 100.00 0.56308285
7200 100.00 0.56840459
