1 40.22 1.33613717
2 58.16 1.14451284
3 60.93 0.85500683
5 75.27 0.71147836
7 75.51 0.65519509
9 83.20 0.45341641
11 79.18 0.60652735
13 85.91 0.39134913
15 87.18 0.34991619
17 86.06 0.37589219
19 73.63 1.04597717
21 69.74 0.95151121
23 74.47 0.81189658
25 85.65 0.39175622
27 84.77 0.42538408
29 88.95 0.29812094
31 89.59 0.26860639
33 90.67 0.25056599
35 91.64 0.22601542
37 91.79 0.22026463
39 83.07 0.55795749
41 87.71 0.32581914
43 91.62 0.22373195
45 89.26 0.28319362
47 88.95 0.28637764
49 88.90 0.30362518
51 87.61 0.31366964
53 74.24 0.83377828
55 76.78 1.34798642
57 91.16 0.24261598
59 80.73 0.60054615
61 92.96 0.19751737
63 88.69 0.36373699
65 73.64 1.24524668
67 91.32 0.25473585
69 92.38 0.21375314
71 93.42 0.17811604
73 93.23 0.17761172
75 93.92 0.16049923
77 93.57 0.19327178
79 91.16 0.22909210
81 89.20 0.28982230
83 93.87 0.16290044
85 93.86 0.16994628
87 95.37 0.12056172
89 85.56 0.86186138
91 94.38 0.15537651
93 90.44 0.27944678
95 81.22 0.58086694
97 88.30 0.38113186
99 96.47 0.09489443
101 97.10 0.08015783
103 95.20 0.13808206
105 94.48 0.17877605
107 97.15 0.07971099
109 93.64 0.17919455
111 96.95 0.08006975
113 97.30 0.07290431
115 91.21 0.21599552
117 95.40 0.12675946
119 96.57 0.09243442
121 96.29 0.09916826
123 95.69 0.11586451
125 91.00 0.30070489
127 97.99 0.05531201
129 95.95 0.12193293
131 94.97 0.13468094
133 95.44 0.14191364
135 94.74 0.15635324
137 96.39 0.10723621
139 97.05 0.08098132
141 80.43 0.95343211
143 98.77 0.03820993
145 91.04 0.41624473
147 98.65 0.04167151
149 83.59 0.58957656
151 98.72 0.03898553
153 98.30 0.04558403
155 98.25 0.04957890
157 98.27 0.04663439
159 98.45 0.04560361
161 96.99 0.12395079
163 97.87 0.05858028
165 93.41 0.30800084
167 99.09 0.02649694
169 95.32 0.15802282
171 98.76 0.03312901
173 88.28 0.60153671
175 91.43 0.52794848
177 99.56 0.01560859
179 97.41 0.07573980
181 97.80 0.05794802
183 99.71 0.01109985
185 96.41 0.09750222
187 98.23 0.05280825
189 98.57 0.04219374
191 91.45 0.32607363
193 99.65 0.01329620
195 98.39 0.05721908
197 98.52 0.04198696
199 99.72 0.01050321
200 99.47 0.01924023
