1 63.00 3.03908472
2 46.00 2.84734597
3 50.00 2.65270209
4 10.00 3.43399682
5 27.00 2.78441377
6 46.00 2.52008390
7 60.00 2.24336376
8 50.00 2.61123896
9 62.00 2.09842367
10 62.00 2.07738585
11 35.00 2.91814318
12 56.00 2.05006242
13 51.00 2.00899889
14 74.00 1.50331206
15 59.00 1.72359996
16 84.00 1.32685504
17 55.00 2.15925577
18 84.00 1.37552176
19 86.00 1.18809524
20 95.00 0.93495007
21 44.00 3.75143509
22 79.00 1.57815800
23 80.00 1.26955972
24 97.00 1.04627516
25 86.00 1.17047427
26 97.00 0.86652858
27 100.00 0.79668990
28 100.00 0.77414860
29 100.00 0.76595916
30 100.00 0.75879315
31 100.00 0.75256276
32 100.00 0.74667625
33 100.00 0.74103595
34 100.00 0.73546391
35 100.00 0.73005459
36 100.00 0.72468222
37 100.00 0.71940699
38 100.00 0.71419501
39 100.00 0.70900701
40 100.00 0.70388150
801 100.00 0.10611758
1601 100.00 0.09351410
2401 100.00 0.11457639
3201 100.00 0.10134279
4001 100.00 0.10828447
4801 100.00 0.07039281
5601 100.00 0.07065473
6401 100.00 0.09538874
7201 100.00 0.09849278
8001 100.00 0.06109056
8801 100.00 0.07170615
9601 100.00 0.07334413
10401 40.00 1.28230631
11201 100.00 0.06946672
12001 100.00 0.06267412
12801 100.00 0.07607466
13601 100.00 0.05971984
14401 100.00 0.06987205
15201 100.00 0.07806527
16001 100.00 0.06146451
16801 100.00 0.06025378
17601 100.00 0.06320076
18000 100.00 0.05900352
