1 10.00 2.30283070
2 10.00 2.30280519
3 10.00 2.30273396
4 10.00 2.30264956
5 10.00 2.30261004
6 10.00 2.30255359
7 10.00 2.30250782
8 10.00 2.30241549
9 10.00 2.30240875
10 10.00 2.30233973
11 10.00 2.30225670
12 10.00 2.30220860
13 10.00 2.30220348
14 10.00 2.30210310
15 10.00 2.30204076
16 10.00 2.30200088
17 10.00 2.30191135
18 10.00 2.30182731
19 10.00 2.30183613
20 10.00 2.30174738
21 10.00 2.30166852
22 10.00 2.30164313
23 10.00 2.30158854
24 10.00 2.30153537
25 10.00 2.30147511
26 10.00 2.30139858
27 10.00 2.30131674
28 10.00 2.30129147
29 10.00 2.30125302
30 10.00 2.30114746
31 10.00 2.30112863
32 10.00 2.30104125
33 10.00 2.30100197
34 10.00 2.30097514
35 10.00 2.30084831
36 10.00 2.30083239
37 10.00 2.30075043
38 10.00 2.30072129
39 10.00 2.30065781
40 10.00 2.30062741
41 10.00 2.30050683
42 10.00 2.30048233
43 10.00 2.30044967
44 10.00 2.30040795
45 10.00 2.30028921
46 10.00 2.30022466
47 10.00 2.30019438
48 10.00 2.30009502
49 10.00 2.30003452
50 10.00 2.30002397
51 10.00 2.29995084
52 10.00 2.29989874
53 10.00 2.29982680
54 10.00 2.29974186
55 10.00 2.29972076
56 10.00 2.29964811
57 10.00 2.29959548
58 10.00 2.29950941
59 10.00 2.29944921
60 10.00 2.29942155
61 10.00 2.29938126
62 10.00 2.29930037
63 10.00 2.29922950
64 10.00 2.29919314
65 10.00 2.29910582
66 10.00 2.29903758
67 10.00 2.29898202
68 10.00 2.29892153
69 10.00 2.29885095
70 10.00 2.29876280
71 10.00 2.29872572
72 10.00 2.29869699
73 10.00 2.29860699
74 10.00 2.29852217
75 10.00 2.29847896
76 10.00 2.29839373
77 10.00 2.29834998
78 10.00 2.29832000
79 10.00 2.29825640
80 10.00 2.29816490
81 10.00 2.29813230
82 10.00 2.29802895
83 10.00 2.29799491
84 10.00 2.29789704
85 10.00 2.29784417
86 10.00 2.29776126
87 10.00 2.29769599
88 10.00 2.29760695
89 10.00 2.29753214
90 10.00 2.29749280
91 10.00 2.29744160
92 10.00 2.29734594
93 10.00 2.29725927
94 10.00 2.29722410
95 10.00 2.29716837
96 10.00 2.29708481
97 10.00 2.29696906
98 10.00 2.29689866
99 10.00 2.29683167
100 10.00 2.29677606
101 10.00 2.29672819
151 11.60 2.29189610
201 39.80 2.28322220
251 45.70 2.26374823
301 35.60 2.20153987
351 29.90 1.89410001
401 49.30 1.32973930
451 60.00 1.06952891
501 62.40 0.94606346
551 68.60 0.80748713
601 71.50 0.73295268
651 69.00 0.76105924
701 71.00 0.73876089
751 78.80 0.58052436
801 80.70 0.53630958
851 74.80 0.64101252
901 82.70 0.45211169
951 84.00 0.42689606
1001 88.60 0.36379544
1051 88.70 0.31649121
1101 87.70 0.34904062
1151 92.30 0.25950934
1201 93.10 0.22680604
1251 84.20 0.41336129
1301 96.70 0.15811433
1351 96.30 0.15952166
1401 97.00 0.12296449
1451 96.50 0.14548355
1501 98.40 0.08664536
1551 98.90 0.07964588
1601 98.70 0.06747419
1651 99.40 0.05654081
1701 99.30 0.05099761
1751 99.60 0.03822447
1801 99.60 0.03790451
1851 99.80 0.02700935
1901 99.90 0.02098127
1951 99.80 0.01851078
2001 99.90 0.01426956
2051 99.90 0.01198568
2101 99.90 0.01048208
2151 100.00 0.00906097
2201 100.00 0.00800630
2251 100.00 0.00694044
2301 100.00 0.00611302
2351 100.00 0.00562558
2400 100.00 0.00498026
