1 44.00 6.11883154
2 45.00 5.82919436
3 29.00 5.61792240
4 31.00 5.65495195
5 43.00 4.99683428
6 61.00 4.52186861
7 46.00 4.61277246
8 62.00 4.33894739
9 65.00 4.22055101
10 72.00 3.88757691
11 77.00 3.53492165
12 82.00 3.46158442
13 54.00 4.50230660
14 21.00 5.01422377
15 53.00 3.99410739
16 71.00 3.50575414
17 63.00 3.51297989
18 82.00 3.17442470
19 77.00 2.99989014
20 93.00 2.61185598
21 86.00 2.62454967
22 81.00 2.62329555
23 87.00 2.39227481
24 100.00 2.04968448
25 100.00 1.94908922
26 99.00 1.88135910
27 51.00 4.03034067
28 89.00 2.14184213
29 90.00 2.10703285
30 100.00 1.74534032
31 100.00 1.60946238
32 100.00 1.52190158
33 100.00 1.45052516
34 100.00 1.38352528
35 100.00 1.31954134
36 100.00 1.25866740
37 100.00 1.20109704
38 100.00 1.14535353
39 100.00 1.09262912
40 100.00 1.04352832
801 100.00 0.27189848
1601 100.00 0.26285284
2401 100.00 0.26416553
3201 100.00 0.30682198
4001 100.00 0.24809636
4801 100.00 0.26985531
5601 100.00 0.24808647
6401 100.00 0.24634970
7201 100.00 0.24606878
8001 100.00 0.24508915
8801 100.00 0.24482608
9601 100.00 0.24499368
10401 100.00 0.24550188
11201 100.00 0.24637179
12001 100.00 0.24600062
12801 100.00 0.24819731
13601 100.00 0.24737666
14401 100.00 0.24556936
15201 100.00 0.24489718
16001 100.00 0.24553591
16801 100.00 0.24570247
17601 100.00 0.24483096
18000 100.00 0.24466001
