1 22.40 9.72011509
2 42.00 8.98365517
3 34.80 8.47924061
4 18.40 8.28645172
5 16.80 7.88123102
6 27.20 7.20389147
7 26.80 6.99251251
8 26.80 6.36433067
9 31.20 5.99051237
10 39.60 5.85263996
11 52.00 5.06841755
12 17.20 5.71209879
13 16.00 5.21303091
14 36.80 4.60402269
15 42.80 4.17626429
16 41.60 3.88320704
17 30.80 4.24404993
18 30.40 3.61354880
19 29.20 3.68934374
20 28.00 3.29436364
21 23.20 3.51543956
22 33.20 3.04806876
23 36.00 3.00026498
24 46.00 2.55861535
25 42.40 2.39769964
26 14.80 3.75877223
27 20.80 2.85995092
28 29.60 2.85116386
29 32.00 2.38067031
30 29.20 2.43771791
401 100.00 0.63845689
801 86.00 0.96780663
1201 100.00 0.61527164
1601 99.60 0.61814303
2001 99.60 0.60355718
2401 100.00 0.57214271
2801 100.00 0.59445633
3201 100.00 0.56343098
3601 100.00 0.55958484
4001 98.40 0.70251929
4401 100.00 0.55905358
4801 82.00 1.18085206
5201 99.60 0.60294859
5601 100.00 0.55449724
6001 100.00 0.55173144
6401 100.00 0.55322824
6801 100.00 0.54788296
7200 100.00 0.56443254
