1 57.25 6.11564617
2 37.00 5.82347910
3 39.25 5.59352331
4 31.25 5.62878015
5 36.00 5.29471233
6 42.25 5.00881081
7 48.75 4.67005341
8 52.00 4.51246172
9 47.50 4.62347314
10 61.75 4.06425588
11 59.50 3.96257939
12 57.50 4.21122520
13 53.00 4.41882379
14 45.00 4.33584856
15 50.50 4.06787157
16 56.50 3.67448215
17 59.00 3.50704335
18 69.50 3.25746169
19 57.75 3.47418128
20 75.75 2.99940259
21 71.75 2.95407633
22 71.75 2.89564453
23 80.00 2.54310693
24 82.75 2.39951555
25 80.00 2.33412082
26 81.75 2.42191707
27 76.25 2.60842530
28 81.25 2.38652615
29 78.25 2.24514943
30 90.50 1.96833148
31 86.00 1.97348174
32 86.50 1.84366214
33 88.50 1.78439192
34 91.00 1.61380609
35 92.75 1.54583732
36 91.25 1.53081376
37 96.75 1.30555094
38 99.75 1.20848515
39 99.75 1.14311615
40 91.50 1.45124687
801 100.00 0.31758512
1601 95.25 0.46459142
2401 100.00 0.26582830
3201 100.00 0.27226794
4001 100.00 0.26048883
4801 100.00 0.26824848
5601 100.00 0.25777125
6401 100.00 0.25456958
7201 100.00 0.25442187
8001 100.00 0.25428285
8801 100.00 0.24977226
9601 100.00 0.27081366
10401 100.00 0.26375349
11201 100.00 0.24974146
12001 100.00 0.25186023
12801 100.00 0.25825474
13601 99.75 0.26213174
14401 100.00 0.24873933
15201 100.00 0.25926382
16001 100.00 0.25137082
16801 100.00 0.25092232
17601 100.00 0.24849066
18000 100.00 0.24836881
