1 59.50 3.02448683
2 25.90 2.84251701
3 36.70 2.73039210
4 31.70 2.98611479
5 44.00 2.47760911
6 41.30 2.59410993
7 50.40 2.26510942
8 50.80 2.11923060
9 53.90 2.12139472
10 75.60 1.56710542
11 65.90 1.73989955
12 80.80 1.37189419
13 72.70 1.54687141
14 86.80 1.21112722
15 91.40 1.02825905
16 88.30 1.10245518
17 78.20 1.44043360
18 90.20 1.05924487
19 85.00 1.23676698
20 93.60 0.98772822
21 96.60 0.88722194
22 96.30 0.90633777
23 99.80 0.79553193
24 100.00 0.77910876
25 100.00 0.76666403
26 99.30 0.77585139
27 100.00 0.75383410
28 100.00 0.74542370
29 100.00 0.73913019
30 100.00 0.73338032
401 100.00 0.21634348
801 100.00 0.14273105
1201 81.30 0.76717636
1601 100.00 0.11173481
2001 96.50 0.19339371
2401 100.00 0.09077564
2801 100.00 0.10595083
3201 96.40 0.24519031
3601 100.00 0.09451116
4001 100.00 0.10082192
4401 100.00 0.10563382
4801 100.00 0.09705328
5201 100.00 0.10397791
5601 100.00 0.09947949
6001 100.00 0.11120121
6401 100.00 0.10287816
6801 100.00 0.10377045
7200 100.00 0.08846414
