1 70.17 0.85936280
5 97.14 0.09842822
9 98.91 0.04094416
13 97.70 0.07598262
17 99.74 0.01181784
21 99.86 0.00816031
25 99.99 0.00176664
29 100.00 0.00079309
33 100.00 0.00046534
37 100.00 0.00033884
41 100.00 0.00026314
45 100.00 0.00021727
49 100.00 0.00018136
53 100.00 0.00015624
57 100.00 0.00013597
61 100.00 0.00012091
65 100.00 0.00010870
69 100.00 0.00009884
73 100.00 0.00009039
77 100.00 0.00008248
81 100.00 0.00007620
85 100.00 0.00007086
89 100.00 0.00006605
93 100.00 0.00006179
97 100.00 0.00005865
101 100.00 0.00005490
105 100.00 0.00005162
109 100.00 0.00004894
113 100.00 0.00004634
117 100.00 0.00004415
120 100.00 0.00004254
