1 50.60 9.72006741
2 28.60 8.94943981
3 36.40 8.60424328
4 25.00 8.73403416
5 17.20 7.76620026
6 35.20 7.01809101
7 27.20 6.76130896
8 20.00 6.60589437
9 52.60 5.50185204
10 26.20 6.62452316
11 32.20 5.51977510
12 32.40 5.10393457
13 31.40 4.72678337
14 22.20 4.58429737
15 50.40 3.93500962
16 36.00 3.93240271
17 32.20 4.13977499
18 31.40 3.71148367
19 38.20 3.42105041
20 39.40 3.00447063
201 97.80 0.75982354
401 99.80 0.67880565
601 98.20 0.74310757
801 99.20 0.69998108
1001 99.40 0.69133099
1201 82.00 1.17349758
1401 100.00 0.65092635
1601 100.00 0.64136872
1801 96.20 0.72907823
2001 99.80 0.63810893
2201 91.80 0.82724855
2401 99.60 0.63219495
2601 99.80 0.63885721
2801 80.40 1.22542202
3001 99.80 0.67606651
3201 99.80 0.64627448
3401 100.00 0.65402527
3600 97.60 0.68888556
