1 69.92 0.95996726
2 90.84 0.31085082
3 94.99 0.17410430
4 95.86 0.14176354
5 96.67 0.11169656
6 97.28 0.09035900
7 97.94 0.06976439
8 98.29 0.05682303
9 99.06 0.03519672
10 99.00 0.03538147
11 98.75 0.03986956
12 98.61 0.04366783
13 99.06 0.02977993
14 99.71 0.01281295
15 64.89 0.99738103
16 98.32 0.05742334
17 98.38 0.06186671
18 99.41 0.02381304
19 99.08 0.02830795
20 99.67 0.01301890
21 99.92 0.00622561
31 100.00 0.00065568
41 100.00 0.00026096
51 100.00 0.00016634
61 100.00 0.00012175
71 100.00 0.00009334
81 100.00 0.00007608
91 100.00 0.00006376
101 100.00 0.00005480
111 100.00 0.00004767
121 100.00 0.00004223
131 100.00 0.00003776
141 100.00 0.00003419
151 100.00 0.00003107
161 100.00 0.00002860
171 100.00 0.00002624
181 100.00 0.00002439
191 100.00 0.00002266
200 100.00 0.00002132
