1 76.00 3.02547550
2 42.00 2.91952105
3 32.00 2.75916243
4 39.00 2.47070627
5 38.00 2.58569865
6 53.00 2.29173546
7 43.00 2.59732242
8 54.00 1.92007067
9 51.00 2.53207626
10 63.00 1.81279361
11 78.00 1.48261449
12 87.00 1.17927773
13 39.00 2.60030146
14 64.00 1.76664791
15 72.00 1.57755687
16 70.00 1.43118343
17 95.00 1.15257874
18 72.00 1.40627851
19 81.00 1.27484958
20 88.00 0.96438103
21 96.00 0.88385617
22 94.00 0.87099450
23 100.00 0.80455950
24 94.00 0.89742641
25 100.00 0.78933574
26 100.00 0.76852683
27 100.00 0.75825120
28 100.00 0.75108933
29 100.00 0.74473661
30 100.00 0.73886896
31 100.00 0.73324369
32 100.00 0.72777326
33 100.00 0.72239777
34 100.00 0.71709092
35 100.00 0.71185184
36 100.00 0.70665873
37 100.00 0.70152167
38 100.00 0.69641974
39 100.00 0.69136188
40 100.00 0.68633122
801 100.00 0.14722229
1601 100.00 0.09672382
2401 100.00 0.08370749
3201 100.00 0.06297225
4001 100.00 0.07151217
4801 100.00 0.06190256
5601 100.00 0.05917071
6401 100.00 0.05948191
7201 100.00 0.07306877
8001 100.00 0.05897172
8801 100.00 0.11808651
9601 100.00 0.10104590
10401 100.00 0.15336833
11201 96.00 0.27117766
12001 100.00 0.06049835
12801 100.00 0.05902953
13601 100.00 0.08527336
14401 100.00 0.09977491
15201 100.00 0.10834503
16001 100.00 0.10103866
16801 100.00 0.06499211
17601 100.00 0.07879083
18000 100.00 0.11049966
