1 11.24 2.30089250
2 11.24 2.29933638
3 11.24 2.29776955
4 11.24 2.29592496
5 11.24 2.29346988
6 11.24 2.28986274
7 13.65 2.28405429
8 20.87 2.27349498
9 27.11 2.25091629
10 28.17 2.18866930
11 33.27 1.97824906
12 51.64 1.40687622
13 67.85 0.96988019
14 76.90 0.72299994
15 79.40 0.65207391
16 82.05 0.58551972
17 83.77 0.53663848
18 84.89 0.50238115
19 86.11 0.47614426
20 87.09 0.44965742
21 88.31 0.41253022
31 94.58 0.19417496
41 96.35 0.12851756
51 97.60 0.08956302
61 98.49 0.05944563
71 98.71 0.04872826
81 98.36 0.05365837
91 98.96 0.03670913
101 99.84 0.01201345
111 99.94 0.00772949
121 99.96 0.00637942
131 99.99 0.00352298
141 99.99 0.00257434
151 100.00 0.00198228
161 100.00 0.00165624
171 100.00 0.00133058
181 100.00 0.00111955
191 100.00 0.00096741
200 100.00 0.00085792
