1 10.00 2.30254594
41 20.80 2.29722140
81 56.40 2.28141719
121 38.40 2.00763424
161 88.60 0.41508098
201 98.20 0.10766549
241 100.00 0.01443704
281 100.00 0.00581293
321 100.00 0.00333115
361 100.00 0.00224410
401 100.00 0.00165208
441 100.00 0.00128872
481 100.00 0.00104591
521 100.00 0.00087395
561 100.00 0.00074664
601 100.00 0.00064894
641 100.00 0.00057184
681 100.00 0.00050962
721 100.00 0.00045863
761 100.00 0.00041608
801 100.00 0.00038014
841 100.00 0.00034939
881 100.00 0.00032284
921 100.00 0.00029972
961 100.00 0.00027940
1001 100.00 0.00026147
1041 100.00 0.00024547
1081 100.00 0.00023118
1121 100.00 0.00021832
1161 100.00 0.00020669
1200 100.00 0.00019639
