1 89.20 0.37284495
2 91.80 0.28021822
3 94.23 0.19788316
4 94.83 0.17728976
5 95.83 0.14502757
6 96.43 0.12441685
7 96.91 0.10515204
8 97.10 0.09824606
9 96.89 0.10314439
10 98.20 0.06515057
11 98.08 0.06684073
12 98.48 0.05442351
13 98.43 0.05403410
14 98.45 0.05377933
15 98.88 0.04324338
16 99.10 0.03486586
17 98.40 0.05339386
18 98.98 0.03694811
19 99.49 0.02337373
20 99.52 0.02294319
21 99.22 0.02843159
31 99.95 0.00675951
41 100.00 0.00299749
51 100.00 0.00178407
61 100.00 0.00122388
71 100.00 0.00096388
81 100.00 0.00071482
91 100.00 0.00059734
101 100.00 0.00049252
111 100.00 0.00042778
121 100.00 0.00037279
131 100.00 0.00033137
141 100.00 0.00029821
151 100.00 0.00026788
161 100.00 0.00024550
171 100.00 0.00022200
181 100.00 0.00020480
191 100.00 0.00018993
200 100.00 0.00017773
