1 12.00 2.30209047
201 87.00 1.23772502
401 100.00 0.06335307
601 100.00 0.01616383
801 100.00 0.00802766
1001 100.00 0.00506555
1201 100.00 0.00360199
1401 100.00 0.00274997
1601 100.00 0.00220044
1801 100.00 0.00182031
2001 100.00 0.00154367
2201 100.00 0.00133440
2401 100.00 0.00117118
2601 100.00 0.00104074
2801 100.00 0.00093441
3001 100.00 0.00084625
3201 100.00 0.00077209
3401 100.00 0.00070892
3601 100.00 0.00065454
3801 100.00 0.00060729
4001 100.00 0.00056591
4201 100.00 0.00052939
4401 100.00 0.00049694
4601 100.00 0.00046795
4801 100.00 0.00044191
5001 100.00 0.00041838
5201 100.00 0.00039705
5401 100.00 0.00037762
5601 100.00 0.00035987
5801 100.00 0.00034357
6000 100.00 0.00032867
