1 44.70 9.72751536
2 43.50 9.01644039
3 48.18 8.32738485
4 34.22 8.03859298
5 30.92 7.53077271
6 38.95 6.98680205
7 32.58 6.82079499
8 38.25 6.25954206
9 32.70 5.97212298
10 37.73 5.58335488
101 87.68 1.05810060
201 94.03 0.90365077
301 96.32 0.80592977
401 92.97 0.88370846
501 89.52 0.94753293
601 93.88 0.85523328
701 93.75 0.85904819
801 97.05 0.77363805
901 94.72 0.82435426
1001 94.35 0.82896888
1101 96.55 0.80041733
1201 96.00 0.80535861
1301 86.85 1.00984654
1401 92.65 0.85288898
1501 94.33 0.81160618
1601 93.90 0.85304809
1701 94.52 0.80480269
1800 91.30 0.89589045
