1 10.00 2.29916251
2 14.00 2.29834044
3 14.00 2.29752129
4 14.00 2.29670578
5 14.00 2.29589105
6 15.00 2.29508215
7 15.00 2.29427320
8 15.00 2.29346466
9 16.00 2.29265982
10 17.00 2.29185766
11 18.00 2.29105645
12 19.00 2.29025763
13 19.00 2.28945869
14 19.00 2.28865921
15 19.00 2.28785902
16 19.00 2.28705764
17 20.00 2.28625453
18 22.00 2.28544921
19 22.00 2.28464007
20 22.00 2.28382915
21 22.00 2.28301376
41 36.00 2.26529378
61 57.00 2.24264479
81 64.00 2.21046054
101 68.00 2.16110581
121 71.00 2.07949370
141 78.00 1.94038653
161 84.00 1.71652466
181 85.00 1.39648092
201 94.00 1.02996032
221 95.00 0.72782454
241 96.00 0.51569297
261 97.00 0.36914346
281 98.00 0.26671127
301 100.00 0.19471151
321 100.00 0.14448367
341 100.00 0.10949031
361 100.00 0.08499585
381 100.00 0.06760061
401 100.00 0.05497569
421 100.00 0.04558985
441 100.00 0.03846172
461 100.00 0.03293655
481 100.00 0.02857618
501 100.00 0.02507676
521 100.00 0.02222497
541 100.00 0.01987066
561 100.00 0.01790350
581 100.00 0.01623984
601 100.00 0.01482084
621 100.00 0.01359794
641 100.00 0.01253668
661 100.00 0.01160870
681 100.00 0.01079149
701 100.00 0.01006834
721 100.00 0.00942443
741 100.00 0.00884789
761 100.00 0.00832959
781 100.00 0.00786165
801 100.00 0.00743751
821 100.00 0.00705143
841 100.00 0.00669892
861 100.00 0.00637598
881 100.00 0.00607927
901 100.00 0.00580579
921 100.00 0.00555312
941 100.00 0.00531911
961 100.00 0.00510191
981 100.00 0.00489975
1001 100.00 0.00471123
1021 100.00 0.00453512
1041 100.00 0.00437024
1061 100.00 0.00421566
1081 100.00 0.00407047
1101 100.00 0.00393389
1121 100.00 0.00380520
1141 100.00 0.00368381
1161 100.00 0.00356911
1181 100.00 0.00346057
1201 100.00 0.00335774
1221 100.00 0.00326019
1241 100.00 0.00316759
1261 100.00 0.00307957
1281 100.00 0.00299581
1301 100.00 0.00291602
1321 100.00 0.00283992
1341 100.00 0.00276730
1361 100.00 0.00269793
1381 100.00 0.00263160
1401 100.00 0.00256813
1421 100.00 0.00250734
1441 100.00 0.00244909
1461 100.00 0.00239320
1481 100.00 0.00233953
1501 100.00 0.00228801
1521 100.00 0.00223845
1541 100.00 0.00219078
1561 100.00 0.00214492
1581 100.00 0.00210075
1601 100.00 0.00205817
1621 100.00 0.00201712
1641 100.00 0.00197752
1661 100.00 0.00193930
1681 100.00 0.00190238
1701 100.00 0.00186671
1721 100.00 0.00183222
1741 100.00 0.00179886
1761 100.00 0.00176657
1781 100.00 0.00173530
1801 100.00 0.00170503
1821 100.00 0.00167570
1841 100.00 0.00164724
1861 100.00 0.00161965
1881 100.00 0.00159287
1901 100.00 0.00156688
1921 100.00 0.00154165
1941 100.00 0.00151713
1961 100.00 0.00149333
1981 100.00 0.00147017
2001 100.00 0.00144765
2021 100.00 0.00142574
2041 100.00 0.00140445
2061 100.00 0.00138370
2081 100.00 0.00136351
2101 100.00 0.00134384
2121 100.00 0.00132468
2141 100.00 0.00130600
2161 100.00 0.00128781
2181 100.00 0.00127004
2201 100.00 0.00125274
2221 100.00 0.00123583
2241 100.00 0.00121935
2261 100.00 0.00120327
2281 100.00 0.00118756
2301 100.00 0.00117222
2321 100.00 0.00115722
2341 100.00 0.00114259
2361 100.00 0.00112826
2381 100.00 0.00111426
2401 100.00 0.00110059
2421 100.00 0.00108721
2441 100.00 0.00107412
2461 100.00 0.00106130
2481 100.00 0.00104877
2501 100.00 0.00103651
2521 100.00 0.00102452
2541 100.00 0.00101275
2561 100.00 0.00100123
2581 100.00 0.00098995
2601 100.00 0.00097891
2621 100.00 0.00096805
2641 100.00 0.00095746
2661 100.00 0.00094705
2681 100.00 0.00093685
2701 100.00 0.00092684
2721 100.00 0.00091703
2741 100.00 0.00090741
2761 100.00 0.00089796
2781 100.00 0.00088870
2801 100.00 0.00087962
2821 100.00 0.00087068
2841 100.00 0.00086192
2861 100.00 0.00085332
2881 100.00 0.00084486
2901 100.00 0.00083657
2921 100.00 0.00082842
2941 100.00 0.00082041
2961 100.00 0.00081254
2981 100.00 0.00080482
3001 100.00 0.00079720
3021 100.00 0.00078975
3041 100.00 0.00078241
3061 100.00 0.00077518
3081 100.00 0.00076808
3101 100.00 0.00076110
3121 100.00 0.00075423
3141 100.00 0.00074748
3161 100.00 0.00074084
3181 100.00 0.00073429
3201 100.00 0.00072787
3221 100.00 0.00072153
3241 100.00 0.00071528
3261 100.00 0.00070916
3281 100.00 0.00070311
3301 100.00 0.00069716
3321 100.00 0.00069130
3341 100.00 0.00068553
3361 100.00 0.00067986
3381 100.00 0.00067426
3401 100.00 0.00066874
3421 100.00 0.00066332
3441 100.00 0.00065797
3461 100.00 0.00065269
3481 100.00 0.00064750
3501 100.00 0.00064238
3521 100.00 0.00063733
3541 100.00 0.00063235
3561 100.00 0.00062745
3581 100.00 0.00062262
3601 100.00 0.00061785
3621 100.00 0.00061313
3641 100.00 0.00060850
3661 100.00 0.00060391
3681 100.00 0.00059941
3701 100.00 0.00059495
3721 100.00 0.00059057
3741 100.00 0.00058625
3761 100.00 0.00058196
3781 100.00 0.00057774
3801 100.00 0.00057358
3821 100.00 0.00056948
3841 100.00 0.00056542
3861 100.00 0.00056141
3881 100.00 0.00055746
3901 100.00 0.00055356
3921 100.00 0.00054972
3941 100.00 0.00054591
3961 100.00 0.00054216
3981 100.00 0.00053844
4001 100.00 0.00053479
4021 100.00 0.00053117
4041 100.00 0.00052759
4061 100.00 0.00052407
4081 100.00 0.00052057
4101 100.00 0.00051714
4121 100.00 0.00051374
4141 100.00 0.00051037
4161 100.00 0.00050705
4181 100.00 0.00050376
4201 100.00 0.00050053
4221 100.00 0.00049733
4241 100.00 0.00049415
4261 100.00 0.00049102
4281 100.00 0.00048793
4301 100.00 0.00048486
4321 100.00 0.00048183
4341 100.00 0.00047885
4361 100.00 0.00047589
4381 100.00 0.00047296
4401 100.00 0.00047007
4421 100.00 0.00046722
4441 100.00 0.00046440
4461 100.00 0.00046160
4481 100.00 0.00045883
4501 100.00 0.00045610
4521 100.00 0.00045340
4541 100.00 0.00045072
4561 100.00 0.00044807
4581 100.00 0.00044546
4601 100.00 0.00044287
4621 100.00 0.00044030
4641 100.00 0.00043776
4661 100.00 0.00043526
4681 100.00 0.00043276
4701 100.00 0.00043031
4721 100.00 0.00042787
4741 100.00 0.00042546
4761 100.00 0.00042308
4781 100.00 0.00042072
4801 100.00 0.00041838
4821 100.00 0.00041608
4841 100.00 0.00041379
4861 100.00 0.00041152
4881 100.00 0.00040928
4901 100.00 0.00040706
4921 100.00 0.00040486
4941 100.00 0.00040269
4961 100.00 0.00040054
4981 100.00 0.00039841
5001 100.00 0.00039629
5021 100.00 0.00039420
5041 100.00 0.00039212
5061 100.00 0.00039007
5081 100.00 0.00038804
5101 100.00 0.00038603
5121 100.00 0.00038402
5141 100.00 0.00038205
5161 100.00 0.00038009
5181 100.00 0.00037815
5201 100.00 0.00037623
5221 100.00 0.00037433
5241 100.00 0.00037244
5261 100.00 0.00037057
5281 100.00 0.00036872
5301 100.00 0.00036689
5321 100.00 0.00036507
5341 100.00 0.00036328
5361 100.00 0.00036148
5381 100.00 0.00035971
5401 100.00 0.00035797
5421 100.00 0.00035622
5441 100.00 0.00035450
5461 100.00 0.00035279
5481 100.00 0.00035111
5501 100.00 0.00034943
5521 100.00 0.00034776
5541 100.00 0.00034612
5561 100.00 0.00034448
5581 100.00 0.00034286
5601 100.00 0.00034126
5621 100.00 0.00033966
5641 100.00 0.00033809
5661 100.00 0.00033652
5681 100.00 0.00033497
5701 100.00 0.00033343
5721 100.00 0.00033192
5741 100.00 0.00033039
5761 100.00 0.00032889
5781 100.00 0.00032740
5801 100.00 0.00032593
5821 100.00 0.00032447
5841 100.00 0.00032300
5861 100.00 0.00032157
5881 100.00 0.00032015
5901 100.00 0.00031873
5921 100.00 0.00031733
5941 100.00 0.00031594
5961 100.00 0.00031455
5981 100.00 0.00031319
6000 100.00 0.00031188
