1 15.00 2.30100983
2 16.00 2.30017900
3 16.00 2.29935080
4 16.00 2.29852617
5 17.00 2.29770565
6 17.00 2.29688293
7 17.00 2.29606116
8 17.00 2.29523677
9 18.00 2.29441309
10 19.00 2.29359078
11 19.00 2.29276985
12 19.00 2.29194802
13 20.00 2.29112357
14 20.00 2.29029840
15 21.00 2.28946680
16 23.00 2.28863245
17 23.00 2.28779745
18 26.00 2.28695774
19 27.00 2.28611290
20 29.00 2.28526562
21 31.00 2.28441042
22 32.00 2.28354883
23 34.00 2.28268450
24 35.00 2.28181529
25 37.00 2.28094113
26 40.00 2.28005916
27 41.00 2.27917171
28 44.00 2.27828252
29 46.00 2.27738583
30 47.00 2.27648288
31 49.00 2.27556998
32 50.00 2.27465093
33 50.00 2.27372169
34 52.00 2.27277786
35 53.00 2.27182490
36 54.00 2.27086103
37 56.00 2.26988560
38 58.00 2.26890141
39 60.00 2.26789904
40 63.00 2.26688081
41 64.00 2.26584482
42 65.00 2.26479608
43 66.00 2.26373279
44 70.00 2.26265424
45 70.00 2.26155561
46 71.00 2.26044160
47 73.00 2.25931245
48 75.00 2.25816697
49 77.00 2.25700659
50 74.00 2.25582844
51 75.00 2.25463039
52 75.00 2.25340950
53 75.00 2.25217175
54 75.00 2.25091404
55 75.00 2.24963623
56 75.00 2.24833810
57 75.00 2.24701589
58 75.00 2.24567121
59 75.00 2.24429983
60 75.00 2.24290639
61 75.00 2.24148995
62 76.00 2.24004787
63 76.00 2.23857671
64 75.00 2.23707640
65 76.00 2.23554462
66 76.00 2.23398066
67 75.00 2.23238218
68 76.00 2.23074508
69 76.00 2.22907150
70 76.00 2.22736353
71 76.00 2.22561538
72 76.00 2.22383231
73 75.00 2.22201127
74 76.00 2.22015297
75 76.00 2.21824902
76 76.00 2.21630764
77 76.00 2.21432209
78 76.00 2.21229094
79 76.00 2.21021438
80 75.00 2.20808071
81 75.00 2.20589817
82 74.00 2.20366138
83 75.00 2.20137125
84 75.00 2.19902498
85 75.00 2.19661707
86 75.00 2.19415271
87 74.00 2.19162774
88 74.00 2.18904072
89 74.00 2.18639010
90 74.00 2.18367070
91 73.00 2.18088347
92 73.00 2.17801839
93 72.00 2.17507213
94 72.00 2.17204469
95 72.00 2.16893971
96 72.00 2.16575629
97 71.00 2.16248590
98 71.00 2.15912712
99 71.00 2.15567321
100 71.00 2.15212625
151 75.00 1.74852404
301 100.00 0.18262023
451 100.00 0.03476029
601 100.00 0.01474733
751 100.00 0.00864037
901 100.00 0.00588871
1051 100.00 0.00437436
1201 100.00 0.00343348
1351 100.00 0.00279991
1501 100.00 0.00234805
1651 100.00 0.00201166
1801 100.00 0.00175272
1951 100.00 0.00154797
2101 100.00 0.00138247
2251 100.00 0.00124627
2401 100.00 0.00113248
2551 100.00 0.00103614
2701 100.00 0.00095362
2851 100.00 0.00088228
3001 100.00 0.00082001
3151 100.00 0.00076527
3301 100.00 0.00071681
3451 100.00 0.00067364
3601 100.00 0.00063497
3751 100.00 0.00060016
3901 100.00 0.00056868
4051 100.00 0.00054006
4201 100.00 0.00051396
4351 100.00 0.00049008
4501 100.00 0.00046813
4651 100.00 0.00044792
4801 100.00 0.00042924
4951 100.00 0.00041196
5101 100.00 0.00039590
5251 100.00 0.00038093
5401 100.00 0.00036696
5551 100.00 0.00035392
5701 100.00 0.00034169
5851 100.00 0.00033020
6000 100.00 0.00031948
