1 32.00 3.03237648
2 34.40 2.81891913
3 44.00 2.71919446
4 10.00 4.36040068
5 34.40 2.57540598
6 31.20 2.71304502
7 42.40 2.42964859
8 43.20 2.19376731
9 43.60 2.24611959
10 80.00 1.50940783
11 62.80 2.00598972
12 79.20 1.47424343
13 63.20 1.79153230
14 91.20 1.19683273
15 94.40 1.00357980
16 64.40 1.61260736
17 77.20 1.56361239
18 86.40 1.13369095
19 87.60 1.14991777
20 90.40 1.04121375
21 96.40 0.91827234
22 100.00 0.80746826
23 100.00 0.78888184
24 100.00 0.77947519
25 100.00 0.76769832
26 100.00 0.76215810
27 100.00 0.75394583
28 100.00 0.74778301
29 100.00 0.74160827
30 100.00 0.73611828
401 100.00 0.16227989
801 100.00 0.10276711
1201 100.00 0.14589145
1601 100.00 0.14476500
2001 100.00 0.08570063
2401 100.00 0.08077834
2801 100.00 0.08157118
3201 86.00 0.56790206
3601 100.00 0.08290963
4001 100.00 0.12243221
4401 100.00 0.09414198
4801 100.00 0.09223176
5201 100.00 0.08008184
5601 100.00 0.08822724
6001 100.00 0.13931650
6401 100.00 0.08323267
6801 100.00 0.07703535
7200 100.00 0.07239740
