1 40.60 2.24081650
41 100.00 0.00429210
81 100.00 0.00145763
121 100.00 0.00082876
161 100.00 0.00056449
201 100.00 0.00042210
241 100.00 0.00033411
281 100.00 0.00027495
321 100.00 0.00023253
361 100.00 0.00020075
401 100.00 0.00017614
441 100.00 0.00015657
481 100.00 0.00014067
521 100.00 0.00012753
561 100.00 0.00011650
601 100.00 0.00010712
641 100.00 0.00009905
681 100.00 0.00009205
721 100.00 0.00008591
761 100.00 0.00008049
801 100.00 0.00007568
841 100.00 0.00007137
881 100.00 0.00006750
921 100.00 0.00006399
961 100.00 0.00006081
1001 100.00 0.00005791
1041 100.00 0.00005526
1081 100.00 0.00005282
1121 100.00 0.00005057
1161 100.00 0.00004850
1200 100.00 0.00004663
