1 11.00 2.28713429
201 100.00 0.00162104
401 100.00 0.00063136
601 100.00 0.00037495
801 100.00 0.00026147
1001 100.00 0.00019852
1201 100.00 0.00015887
1401 100.00 0.00013177
1601 100.00 0.00011213
1801 100.00 0.00009732
2001 100.00 0.00008577
2201 100.00 0.00007655
2401 100.00 0.00006902
2601 100.00 0.00006276
2801 100.00 0.00005749
3001 100.00 0.00005299
3201 100.00 0.00004910
3401 100.00 0.00004572
3601 100.00 0.00004275
3801 100.00 0.00004011
4001 100.00 0.00003776
4201 100.00 0.00003566
4401 100.00 0.00003377
4601 100.00 0.00003207
4801 100.00 0.00003049
5001 100.00 0.00002907
5201 100.00 0.00002777
5401 100.00 0.00002658
5601 100.00 0.00002547
5801 100.00 0.00002443
6000 100.00 0.00002350
