1 65.20 9.73699799
2 42.40 9.10967503
3 27.60 8.58632717
4 29.60 8.28194370
5 43.20 7.46058598
6 33.60 7.15249338
7 30.00 6.68870010
8 46.00 6.00082302
9 27.20 6.31770020
10 46.40 5.36441612
11 50.00 4.84016161
12 35.60 4.69202566
13 62.80 4.23932123
14 66.80 3.82339854
15 62.00 3.73912830
16 50.80 4.05078464
17 52.40 3.63736367
18 51.20 3.53448396
19 54.40 3.22605910
20 66.40 2.59751544
21 42.80 3.14958553
22 45.60 2.81364126
23 41.60 2.95055032
24 59.20 2.24962292
25 48.00 2.41059670
26 48.40 2.42342782
27 42.80 2.23778839
28 64.80 1.71999707
29 63.20 1.77250974
30 43.60 2.63268552
401 100.00 0.62157223
801 99.60 0.60765169
1201 100.00 0.61957718
1601 100.00 0.57056359
2001 100.00 0.62265919
2401 100.00 0.57379131
2801 100.00 0.56561205
3201 100.00 0.55867522
3601 100.00 0.57640662
4001 100.00 0.58055243
4401 99.60 0.60815138
4801 100.00 0.57265637
5201 100.00 0.55676210
5601 100.00 0.55910287
6001 100.00 0.55769786
6401 100.00 0.55395123
6801 99.20 0.66861801
7200 100.00 0.58023993
