1 82.10 0.52608933
2 91.08 0.31179837
3 93.79 0.21422013
4 93.43 0.21915370
5 96.03 0.13598411
6 96.73 0.11293467
7 97.35 0.09384823
8 96.38 0.11195849
9 97.82 0.07443700
10 98.49 0.05433986
11 97.74 0.07187735
13 99.43 0.02745248
15 98.35 0.05160706
17 99.80 0.01295327
19 99.93 0.00829030
21 99.94 0.00638103
23 99.98 0.00422545
25 99.99 0.00296445
27 99.25 0.02174143
29 100.00 0.00183410
31 100.00 0.00146797
33 100.00 0.00129159
35 100.00 0.00112027
37 100.00 0.00099278
39 100.00 0.00088460
41 100.00 0.00080129
43 100.00 0.00073588
45 100.00 0.00066596
47 100.00 0.00061162
49 100.00 0.00058204
51 100.00 0.00052911
53 100.00 0.00050255
55 100.00 0.00046498
57 100.00 0.00043826
59 100.00 0.00042001
61 100.00 0.00040148
63 100.00 0.00037311
65 100.00 0.00035281
67 100.00 0.00033591
69 100.00 0.00032678
71 100.00 0.00030838
73 100.00 0.00029497
75 100.00 0.00028204
77 100.00 0.00027193
79 100.00 0.00026025
81 100.00 0.00025138
83 100.00 0.00024397
85 100.00 0.00023313
87 100.00 0.00022434
89 100.00 0.00021782
91 100.00 0.00020947
93 100.00 0.00020274
95 100.00 0.00019681
97 100.00 0.00019141
99 100.00 0.00018838
101 100.00 0.00017943
103 100.00 0.00017499
105 100.00 0.00017032
107 100.00 0.00016547
109 100.00 0.00016182
111 100.00 0.00015724
113 100.00 0.00015287
115 100.00 0.00014949
117 100.00 0.00014552
119 100.00 0.00014213
120 100.00 0.00014045
