1 31.75 2.13619359
2 28.50 2.04204905
3 30.25 1.95879544
4 39.50 1.82692061
5 49.75 1.65893634
6 43.75 1.59162536
7 51.00 1.37640562
8 58.00 0.95824662
9 62.75 0.95688901
10 63.00 1.67038425
11 66.25 0.94893062
12 68.25 0.77493269
13 71.25 0.90410978
14 74.25 0.81840157
15 79.00 0.59413169
16 80.25 0.55894815
17 84.50 0.46357790
18 85.25 0.37726453
19 95.75 0.13385588
20 95.00 0.23897522
21 92.75 0.28953558
22 96.75 0.15823026
23 92.50 0.29086613
24 99.00 0.05997809
25 98.50 0.04613567
1001 100.00 0.00000548
2001 100.00 0.00000249
3001 100.00 0.00000156
4001 100.00 0.00000113
5001 100.00 0.00000088
6001 100.00 0.00000071
7001 100.00 0.00000059
8001 100.00 0.00000051
9001 100.00 0.00000045
10001 100.00 0.00000040
11001 100.00 0.00000036
12001 100.00 0.00000032
13001 100.00 0.00000029
14001 100.00 0.00000027
15001 100.00 0.00000025
16001 100.00 0.00000023
17001 100.00 0.00000022
18001 100.00 0.00000020
19001 100.00 0.00000019
20001 100.00 0.00000018
21001 100.00 0.00000017
22001 100.00 0.00000016
23001 100.00 0.00000016
24000 100.00 0.00000015
