1 28.00 9.72382698
2 51.60 9.06500473
3 10.40 8.77949047
4 32.80 7.93691683
5 49.20 7.53982468
6 49.20 6.81190701
7 54.80 6.21375866
8 32.40 6.62766533
9 45.20 5.66148605
10 11.20 6.57554789
11 39.60 5.09093018
12 42.40 4.82576475
13 43.60 4.40630798
14 35.20 4.44421244
15 49.20 3.85532198
16 40.00 3.94172606
17 60.80 3.28346109
18 40.80 3.57531705
19 61.60 2.86905050
20 60.40 3.15297389
21 71.60 2.44575105
22 79.60 2.15456762
23 27.20 3.56111917
24 78.40 2.01158426
25 34.00 2.91901321
26 52.00 2.26734705
27 38.40 2.98138199
28 61.60 1.94813457
29 70.40 1.68608973
30 57.20 2.01421165
401 98.80 0.72182565
801 78.40 1.25424378
1201 100.00 0.61382457
1601 100.00 0.62768685
2001 100.00 0.59399226
2401 100.00 0.61317353
2801 100.00 0.58932661
3201 100.00 0.58834444
3601 100.00 0.58600131
4001 100.00 0.59310904
4401 100.00 0.62378160
4801 100.00 0.58677399
5201 100.00 0.58495082
5601 80.40 1.04316568
6001 100.00 0.58700912
6401 100.00 0.58715562
6801 98.80 0.62566586
7200 100.00 0.56491450
