1 12.60 2.29924730
41 74.20 1.29532012
81 92.20 0.27450369
121 99.40 0.09359723
161 100.00 0.03961536
201 100.00 0.02091935
241 100.00 0.01308832
281 100.00 0.00908750
321 100.00 0.00679823
361 100.00 0.00534004
401 100.00 0.00434489
441 100.00 0.00363317
481 100.00 0.00309893
521 100.00 0.00268891
561 100.00 0.00236521
601 100.00 0.00210382
641 100.00 0.00188934
681 100.00 0.00171056
721 100.00 0.00155958
761 100.00 0.00143070
801 100.00 0.00131952
841 100.00 0.00122277
881 100.00 0.00113793
921 100.00 0.00106306
961 100.00 0.00099649
1001 100.00 0.00093700
1041 100.00 0.00088355
1081 100.00 0.00083531
1121 100.00 0.00079159
1161 100.00 0.00075180
1200 100.00 0.00071633
