1 45.17 2.03391158
2 64.75 1.05503831
3 79.67 0.66557764
4 81.78 0.54026180
5 86.92 0.39783347
6 85.35 0.41080897
7 92.88 0.23918700
8 93.30 0.22461959
9 92.40 0.24406276
10 96.27 0.13152738
11 95.83 0.13810198
12 99.20 0.05730009
13 97.72 0.08571872
14 98.50 0.06472996
15 99.82 0.02312194
16 99.90 0.01947411
17 100.00 0.01449479
18 99.97 0.01210834
19 100.00 0.01041899
20 100.00 0.00868051
21 100.00 0.00767654
22 100.00 0.00700285
23 100.00 0.00657501
24 100.00 0.00552060
25 100.00 0.00524864
26 100.00 0.00477110
27 100.00 0.00442626
28 100.00 0.00413129
29 100.00 0.00384992
30 100.00 0.00363706
31 100.00 0.00348138
32 100.00 0.00323581
33 100.00 0.00306518
34 100.00 0.00289952
35 100.00 0.00277359
36 100.00 0.00264802
37 100.00 0.00252689
38 100.00 0.00242261
39 100.00 0.00231964
40 100.00 0.00221517
41 100.00 0.00213071
61 100.00 0.00116759
81 100.00 0.00078385
101 100.00 0.00058091
121 100.00 0.00045746
141 100.00 0.00037472
161 100.00 0.00031589
181 100.00 0.00027209
201 100.00 0.00023828
221 100.00 0.00021148
241 100.00 0.00018976
261 100.00 0.00017181
281 100.00 0.00015678
301 100.00 0.00014399
321 100.00 0.00013301
341 100.00 0.00012347
361 100.00 0.00011512
381 100.00 0.00010777
401 100.00 0.00010124
421 100.00 0.00009541
441 100.00 0.00009017
461 100.00 0.00008544
481 100.00 0.00008115
501 100.00 0.00007724
521 100.00 0.00007367
541 100.00 0.00007039
561 100.00 0.00006737
581 100.00 0.00006458
600 100.00 0.00006213
