1 41.96 2.26936681
3 64.10 1.84618018
5 80.58 0.72906037
7 86.19 0.49061857
9 88.52 0.40759373
11 89.65 0.36423197
13 90.38 0.33656694
15 91.02 0.31428290
17 91.57 0.29597337
19 92.01 0.28011885
21 92.38 0.26574938
23 92.83 0.25104059
25 93.24 0.23725640
27 93.48 0.22740626
29 93.88 0.21516860
31 94.17 0.20512337
33 94.49 0.19454858
35 94.76 0.18507698
37 94.98 0.17691906
39 95.19 0.16991096
41 95.43 0.16136917
43 95.59 0.15552377
45 95.78 0.14869578
47 95.96 0.14216852
49 96.10 0.13661415
51 96.21 0.13238561
53 96.38 0.12703268
55 96.54 0.12229959
57 96.67 0.11740274
59 96.81 0.11269282
60 96.84 0.11137621
