1 11.24 2.30042427
5 11.24 2.29116253
9 30.65 2.21505347
13 74.66 0.78915480
17 84.17 0.52334325
21 87.75 0.39886278
25 92.09 0.27653582
29 94.00 0.21147393
33 93.84 0.20394079
37 95.83 0.14523659
41 96.58 0.12016298
45 97.15 0.10262059
49 97.52 0.08897088
53 97.94 0.07584323
57 97.72 0.07966220
61 98.47 0.05802765
65 98.43 0.05720598
69 98.89 0.04513841
73 99.14 0.03764482
77 99.32 0.03133392
81 99.43 0.02711121
85 99.46 0.02484481
89 99.39 0.02527481
93 99.72 0.01651900
97 99.52 0.01998528
101 99.50 0.02590021
105 99.81 0.01388243
109 99.87 0.01068745
113 99.90 0.00891028
117 99.94 0.00743249
120 99.94 0.00642561
