1 28.80 2.27540086
2 23.75 2.05567330
3 32.46 1.87193431
4 45.18 1.34032976
5 48.27 1.40356476
6 61.19 1.10939547
7 57.09 1.12288705
13 72.38 0.74219475
19 75.09 0.64342380
25 76.13 0.62186625
31 68.29 1.12281962
37 74.84 0.74567057
43 77.16 0.73192522
49 80.65 0.61901669
55 81.38 0.59004355
61 84.29 0.44660789
67 82.67 0.56888489
73 84.13 0.47255567
79 82.67 0.59225456
85 85.05 0.43133999
91 86.11 0.42528372
97 86.16 0.51043724
103 81.42 0.77240000
109 74.83 1.37301683
115 82.66 0.48846610
121 85.59 0.43107494
127 80.28 0.77420533
133 83.03 0.65593604
139 86.84 0.76065143
145 85.66 0.54319650
151 90.40 0.35430222
157 86.61 0.60739797
163 85.78 0.43698007
169 87.70 0.52305392
175 86.43 0.53081583
181 80.44 1.13297263
187 90.72 0.30181112
193 88.96 0.46615799
199 77.77 1.87200098
205 84.53 0.49254466
211 91.28 0.26038238
217 92.55 0.24708435
223 92.38 0.22349176
229 92.13 0.32643320
235 85.27 0.65200601
241 83.92 0.57474369
247 91.45 0.27912626
253 87.23 0.53169436
259 94.83 0.19442901
265 97.92 0.06244593
271 92.61 0.27726225
277 93.08 0.23540389
283 88.43 0.33800056
289 78.56 1.38095374
295 96.52 0.10725558
301 89.31 0.46710692
307 80.41 0.55563258
313 91.40 0.27162935
319 91.34 0.37579002
325 94.53 0.18028947
331 91.58 0.32452472
337 95.85 0.14866326
343 96.62 0.10363687
349 96.10 0.11688475
355 93.42 0.26455534
361 90.28 0.41370972
367 96.16 0.11824556
373 97.71 0.06318164
379 92.08 0.48771119
385 95.00 0.19725042
391 88.38 0.62655951
397 90.91 0.45705018
403 91.93 0.48396352
409 83.17 1.52997025
415 97.23 0.09984465
421 98.94 0.03578158
427 95.96 0.12881845
433 98.08 0.06637506
439 99.58 0.01618094
445 99.38 0.02139963
451 99.40 0.02097349
457 92.64 0.30383378
463 94.09 0.32673502
469 97.28 0.10719908
475 98.58 0.04630908
481 98.95 0.03211674
487 91.64 0.76071920
493 97.15 0.10364983
499 95.15 0.23367860
505 95.74 0.18575724
511 89.75 0.40873361
517 96.33 0.12439558
523 99.42 0.01958462
529 87.25 1.57031021
535 95.03 0.27595578
541 99.61 0.01539661
547 99.62 0.01416117
553 83.68 1.12012880
559 99.78 0.01083457
565 99.81 0.01046419
571 97.32 0.12208457
577 99.64 0.01438592
583 99.31 0.02343831
589 96.11 0.18105373
595 96.59 0.10616122
600 84.84 1.32160083
