1 13.16 2.29845794
2 26.35 2.29214968
3 44.61 2.27904541
4 35.94 2.23681286
5 22.09 1.99298317
6 45.06 1.34343003
7 56.56 1.05683303
8 61.59 1.09186589
9 68.85 0.83985954
10 66.95 0.85155431
11 69.18 0.80671553
21 80.03 0.55546728
31 83.55 0.46452936
41 85.20 0.41279754
51 87.78 0.34193783
61 85.42 0.40010890
71 88.65 0.31393898
81 89.44 0.28238555
91 89.96 0.27635263
101 92.46 0.20886916
111 91.03 0.24325833
121 91.17 0.22887070
131 91.94 0.21757616
141 92.32 0.20824412
151 94.65 0.14802085
161 66.94 1.38865206
171 96.28 0.10721987
181 93.52 0.18203084
191 97.14 0.08490213
201 96.12 0.10487064
211 97.83 0.06716601
221 95.62 0.12941747
231 99.32 0.02855492
241 96.06 0.10552998
251 96.74 0.09568640
261 99.46 0.02328751
271 93.02 0.19328407
281 97.76 0.06602157
291 99.68 0.01488819
301 97.62 0.09171361
311 99.63 0.01439912
321 89.87 0.31437235
331 99.70 0.01559552
341 99.02 0.03144074
351 99.99 0.00271264
361 100.00 0.00179034
371 100.00 0.00137122
381 100.00 0.00116445
391 100.00 0.00089433
400 100.00 0.00077652
