1 10.00 2.30171537
2 10.00 2.30171514
3 10.00 2.30171514
4 10.00 2.30171490
5 10.00 2.30171514
6 10.00 2.30171537
7 10.00 2.30171537
8 10.00 2.30171561
9 10.00 2.30171514
10 10.00 2.30171490
11 10.00 2.30171514
12 10.00 2.30171490
13 10.00 2.30171490
14 10.00 2.30171514
15 10.00 2.30171514
16 10.00 2.30171514
17 10.00 2.30171490
18 10.00 2.30171514
19 10.00 2.30171514
20 10.00 2.30171514
21 10.00 2.30171514
22 10.00 2.30171561
23 10.00 2.30171537
24 10.00 2.30171490
25 10.00 2.30171514
26 10.00 2.30171514
27 10.00 2.30171514
28 10.00 2.30171537
29 10.00 2.30171537
30 10.00 2.30171514
31 10.00 2.30171490
32 10.00 2.30171514
33 10.00 2.30171537
34 10.00 2.30171514
35 10.00 2.30171514
36 10.00 2.30171490
37 10.00 2.30171490
38 10.00 2.30171561
39 10.00 2.30171490
40 10.00 2.30171537
41 10.00 2.30171514
42 10.00 2.30171514
43 10.00 2.30171514
44 10.00 2.30171514
45 10.00 2.30171514
46 10.00 2.30171514
47 10.00 2.30171514
48 10.00 2.30171537
49 10.00 2.30171514
50 10.00 2.30171537
51 10.00 2.30171490
52 10.00 2.30171537
53 10.00 2.30171514
54 10.00 2.30171537
55 10.00 2.30171514
56 10.00 2.30171514
57 10.00 2.30171514
58 10.00 2.30171490
59 10.00 2.30171561
60 10.00 2.30171514
61 10.00 2.30171514
62 10.00 2.30171514
63 10.00 2.30171514
64 10.00 2.30171537
65 10.00 2.30171490
66 10.00 2.30171514
67 10.00 2.30171537
68 10.00 2.30171514
69 10.00 2.30171514
70 10.00 2.30171490
71 10.00 2.30171514
72 10.00 2.30171537
73 10.00 2.30171514
74 10.00 2.30171514
75 10.00 2.30171537
76 10.00 2.30171490
77 10.00 2.30171490
78 10.00 2.30171466
79 10.00 2.30171514
80 10.00 2.30171514
81 10.00 2.30171514
82 10.00 2.30171514
83 10.00 2.30171514
84 10.00 2.30171514
85 10.00 2.30171514
86 10.00 2.30171514
87 10.00 2.30171514
88 10.00 2.30171561
89 10.00 2.30171514
90 10.00 2.30171514
91 10.00 2.30171537
92 10.00 2.30171514
93 10.00 2.30171514
94 10.00 2.30171490
95 10.00 2.30171490
96 10.00 2.30171514
97 10.00 2.30171490
98 10.00 2.30171490
99 10.00 2.30171537
100 10.00 2.30171514
201 10.00 2.30171514
401 10.00 2.30171514
601 10.00 2.30171514
801 10.00 2.30171490
1001 10.00 2.30171490
1201 10.00 2.30171514
1401 10.00 2.30171537
1601 10.00 2.30171490
1801 10.00 2.30171514
2001 10.00 2.30171514
2201 10.00 2.30171490
2401 10.00 2.30171514
2601 10.00 2.30171514
2801 10.00 2.30171514
3001 10.00 2.30171514
3201 10.00 2.30171514
3401 10.00 2.30171561
3601 10.00 2.30171514
3801 10.00 2.30171537
4001 10.00 2.30171514
4201 10.00 2.30171514
4401 10.00 2.30171514
4601 10.00 2.30171514
4801 10.00 2.30171490
5001 10.00 2.30171514
5201 10.00 2.30171514
5401 10.00 2.30171514
5601 10.00 2.30171514
5801 10.00 2.30171537
6001 10.00 2.30171490
6201 10.00 2.30171514
6401 10.00 2.30171514
6601 10.00 2.30171490
6801 10.00 2.30171537
7001 10.00 2.30171561
7201 10.00 2.30171490
7401 10.00 2.30171514
7601 10.00 2.30171514
7801 10.00 2.30171514
8001 10.00 2.30171514
8201 10.00 2.30171537
8401 10.00 2.30171490
8601 10.00 2.30171490
8801 10.00 2.30171514
9001 10.00 2.30171490
9201 10.00 2.30171514
9401 10.00 2.30171514
9601 10.00 2.30171514
9801 10.00 2.30171514
10001 10.00 2.30171514
10201 10.00 2.30171490
10401 10.00 2.30171490
10601 10.00 2.30171514
10801 10.00 2.30171537
11001 10.00 2.30171537
11201 10.00 2.30171514
11401 10.00 2.30171514
11601 10.00 2.30171537
11801 10.00 2.30171514
12001 10.00 2.30171490
12201 10.00 2.30171514
12401 10.00 2.30171490
12601 10.00 2.30171514
12801 10.00 2.30171514
13001 10.00 2.30171514
13201 10.00 2.30171537
13401 10.00 2.30171514
13601 10.00 2.30171514
13801 10.00 2.30171514
14001 10.00 2.30171514
14201 10.00 2.30171514
14401 10.00 2.30171537
14601 10.00 2.30171490
14801 10.00 2.30171490
15001 10.00 2.30171514
15201 10.00 2.30171537
15401 10.00 2.30171537
15601 10.00 2.30171514
15801 10.00 2.30171490
16001 10.00 2.30171514
16201 10.00 2.30171466
16401 10.00 2.30171537
16601 10.00 2.30171514
16801 10.00 2.30171514
17001 10.00 2.30171490
17201 10.00 2.30171514
17401 10.00 2.30171514
17601 10.00 2.30171514
17801 10.00 2.30171514
18001 10.00 2.30171514
18201 10.00 2.30171514
18401 10.00 2.30171514
18601 10.00 2.30171490
18801 10.00 2.30171514
19001 10.00 2.30171490
19201 10.00 2.30171490
19401 10.00 2.30171514
19601 10.00 2.30171514
19801 10.00 2.30171514
20001 10.00 2.30171514
20201 10.00 2.30171514
20401 10.00 2.30171561
20601 10.00 2.30171514
20801 10.00 2.30171514
21001 10.00 2.30171537
21201 10.00 2.30171514
21401 10.00 2.30171514
21601 10.00 2.30171490
21801 10.00 2.30171490
22001 10.00 2.30171490
22201 10.00 2.30171514
22401 10.00 2.30171514
22601 10.00 2.30171514
22801 10.00 2.30171490
23001 10.00 2.30171514
23201 10.00 2.30171490
23401 10.00 2.30171514
23601 10.00 2.30171537
23801 10.00 2.30171514
24001 10.00 2.30171537
24201 10.00 2.30171514
24401 10.00 2.30171514
24601 10.00 2.30171514
24801 10.00 2.30171514
25001 10.00 2.30171490
25201 10.00 2.30171514
25401 10.00 2.30171514
25601 10.00 2.30171514
25801 10.00 2.30171514
26001 10.00 2.30171537
26201 10.00 2.30171514
26401 10.00 2.30171514
26601 10.00 2.30171490
26801 10.00 2.30171514
27001 10.00 2.30171514
27201 10.00 2.30171537
27401 10.00 2.30171490
27601 10.00 2.30171514
27801 10.00 2.30171514
28001 10.00 2.30171490
28201 10.00 2.30171514
28401 10.00 2.30171514
28601 10.00 2.30171537
28801 10.00 2.30171490
29001 10.00 2.30171490
29201 10.00 2.30171514
29401 10.00 2.30171490
29601 10.00 2.30171466
29801 10.00 2.30171514
30001 10.00 2.30171514
30201 10.00 2.30171514
30401 10.00 2.30171537
30601 10.00 2.30171514
30801 10.00 2.30171490
31001 10.00 2.30171514
31201 10.00 2.30171514
31401 10.00 2.30171514
31601 10.00 2.30171490
31801 10.00 2.30171514
32001 10.00 2.30171514
32201 10.00 2.30171514
32401 10.00 2.30171537
32601 10.00 2.30171514
32801 10.00 2.30171490
33001 10.00 2.30171537
33201 10.00 2.30171514
33401 10.00 2.30171537
33601 10.00 2.30171490
33801 10.00 2.30171514
34001 10.00 2.30171514
34201 10.00 2.30171537
34401 10.00 2.30171514
34601 10.00 2.30171514
34801 10.00 2.30171514
35001 10.00 2.30171514
35201 10.00 2.30171514
35401 10.00 2.30171514
35601 10.00 2.30171514
35801 10.00 2.30171514
36000 10.00 2.30171537
