1 40.00 2.23049154
2 44.40 1.92504351
3 56.80 1.76538970
4 12.00 2.02757220
5 51.60 1.31615045
6 17.60 2.39758453
7 52.00 1.52324896
8 63.60 1.18008101
9 52.80 1.35987599
10 73.20 0.64326587
11 66.00 1.28250061
12 79.60 0.53609865
13 86.40 0.36935785
14 94.40 0.20589645
15 88.80 0.32353368
16 90.00 0.27866442
17 91.60 0.30962929
18 99.60 0.07533259
19 100.00 0.04511975
20 100.00 0.03821711
21 100.00 0.02302400
22 100.00 0.01662288
23 100.00 0.01224296
24 100.00 0.01019912
25 100.00 0.00928083
26 100.00 0.00739943
27 100.00 0.00652610
28 100.00 0.00588875
29 100.00 0.00532768
30 100.00 0.00489381
401 100.00 0.00010037
801 100.00 0.00004417
1201 100.00 0.00002754
1601 100.00 0.00001974
2001 100.00 0.00001527
2401 100.00 0.00001238
2801 100.00 0.00001038
3201 100.00 0.00000891
3601 100.00 0.00000779
4001 100.00 0.00000691
4401 100.00 0.00000620
4801 100.00 0.00000562
5201 100.00 0.00000513
5601 100.00 0.00000472
6001 100.00 0.00000436
6401 100.00 0.00000405
6801 100.00 0.00000379
7200 100.00 0.00000355
