1 10.00 2.30279713
41 33.20 2.29741825
81 55.80 2.28156008
121 34.20 2.04174309
161 85.60 0.48029573
201 99.20 0.07741956
241 100.00 0.01479799
281 100.00 0.00663674
321 100.00 0.00387545
361 100.00 0.00265482
401 100.00 0.00197813
441 100.00 0.00155250
481 100.00 0.00126312
521 100.00 0.00105821
561 100.00 0.00090532
601 100.00 0.00078764
641 100.00 0.00069456
681 100.00 0.00061941
721 100.00 0.00055753
761 100.00 0.00050594
801 100.00 0.00046221
841 100.00 0.00042486
881 100.00 0.00039253
921 100.00 0.00036436
961 100.00 0.00033960
1001 100.00 0.00031770
1041 100.00 0.00029822
1081 100.00 0.00028079
1121 100.00 0.00026510
1161 100.00 0.00025093
1200 100.00 0.00023837
