1 9.00 2.30035067
2 9.00 2.29928684
3 10.00 2.29822445
4 12.00 2.29716206
5 12.00 2.29610229
6 13.00 2.29503870
7 14.00 2.29397273
8 15.00 2.29290771
9 16.00 2.29184365
10 16.00 2.29077768
11 16.00 2.28970623
12 17.00 2.28862548
13 18.00 2.28754306
14 20.00 2.28645802
15 22.00 2.28537226
16 24.00 2.28428078
17 26.00 2.28318262
18 27.00 2.28207207
19 29.00 2.28094268
20 29.00 2.27980113
21 30.00 2.27864790
22 33.00 2.27748036
23 35.00 2.27630162
24 35.00 2.27510762
25 35.00 2.27389812
26 37.00 2.27267480
27 38.00 2.27143526
28 39.00 2.27017999
29 40.00 2.26890659
30 41.00 2.26761222
31 42.00 2.26629472
32 45.00 2.26495314
33 45.00 2.26358771
34 46.00 2.26219845
35 47.00 2.26078463
36 47.00 2.25934935
37 49.00 2.25789213
38 50.00 2.25640821
39 52.00 2.25489235
40 52.00 2.25334239
41 52.00 2.25176144
42 52.00 2.25014615
43 53.00 2.24849463
44 53.00 2.24680614
45 55.00 2.24508166
46 56.00 2.24331927
47 56.00 2.24151850
48 56.00 2.23967242
49 56.00 2.23778129
50 57.00 2.23584771
51 57.00 2.23387504
52 57.00 2.23185277
53 59.00 2.22977519
54 59.00 2.22764015
55 59.00 2.22544670
56 61.00 2.22319031
57 61.00 2.22087574
58 62.00 2.21849918
59 62.00 2.21605587
60 63.00 2.21354175
61 64.00 2.21096110
62 63.00 2.20830894
63 64.00 2.20558333
64 65.00 2.20278311
65 66.00 2.19989800
66 66.00 2.19692302
67 65.00 2.19385886
68 65.00 2.19069862
69 65.00 2.18743539
70 65.00 2.18406129
71 65.00 2.18057656
72 64.00 2.17697287
73 64.00 2.17325449
74 65.00 2.16942120
75 65.00 2.16546345
76 65.00 2.16137266
77 66.00 2.15713573
78 66.00 2.15275192
79 66.00 2.14821959
80 66.00 2.14353037
81 66.00 2.13867807
82 66.00 2.13364697
83 66.00 2.12843037
84 66.00 2.12303090
85 66.00 2.11743879
86 66.00 2.11164689
87 66.00 2.10564470
88 66.00 2.09941959
89 67.00 2.09296560
90 67.00 2.08627701
91 67.00 2.07934046
92 68.00 2.07215047
93 68.00 2.06468534
94 68.00 2.05694079
95 68.00 2.04890513
96 68.00 2.04055882
97 69.00 2.03189397
98 69.00 2.02290440
99 69.00 2.01358342
100 69.00 2.00391865
201 94.00 0.39012975
401 100.00 0.02678410
601 100.00 0.00893652
801 100.00 0.00486792
1001 100.00 0.00321294
1201 100.00 0.00234599
1401 100.00 0.00182279
1601 100.00 0.00147663
1801 100.00 0.00123273
2001 100.00 0.00105278
2201 100.00 0.00091519
2401 100.00 0.00080690
2601 100.00 0.00071973
2801 100.00 0.00064825
3001 100.00 0.00058871
3201 100.00 0.00053841
3401 100.00 0.00049540
3601 100.00 0.00045827
3801 100.00 0.00042590
4001 100.00 0.00039747
4201 100.00 0.00037232
4401 100.00 0.00034992
4601 100.00 0.00032987
4801 100.00 0.00031183
5001 100.00 0.00029552
5201 100.00 0.00028071
5401 100.00 0.00026718
5601 100.00 0.00025481
5801 100.00 0.00024345
6001 100.00 0.00023300
6201 100.00 0.00022333
6401 100.00 0.00021436
6601 100.00 0.00020605
6801 100.00 0.00019831
7001 100.00 0.00019109
7201 100.00 0.00018432
7401 100.00 0.00017798
7601 100.00 0.00017204
7801 100.00 0.00016646
8001 100.00 0.00016119
8201 100.00 0.00015623
8401 100.00 0.00015153
8601 100.00 0.00014711
8801 100.00 0.00014290
9001 100.00 0.00013892
9201 100.00 0.00013514
9401 100.00 0.00013152
9601 100.00 0.00012809
9801 100.00 0.00012482
10001 100.00 0.00012170
10201 100.00 0.00011872
10401 100.00 0.00011588
10601 100.00 0.00011317
10801 100.00 0.00011055
11001 100.00 0.00010807
11201 100.00 0.00010567
11401 100.00 0.00010337
11601 100.00 0.00010117
11801 100.00 0.00009904
12001 100.00 0.00009700
12201 100.00 0.00009504
12401 100.00 0.00009314
12601 100.00 0.00009131
12801 100.00 0.00008955
13001 100.00 0.00008787
13201 100.00 0.00008623
13401 100.00 0.00008464
13601 100.00 0.00008311
13801 100.00 0.00008163
14001 100.00 0.00008020
14201 100.00 0.00007882
14401 100.00 0.00007747
14601 100.00 0.00007616
14801 100.00 0.00007490
15001 100.00 0.00007369
15201 100.00 0.00007250
15401 100.00 0.00007135
15601 100.00 0.00007022
15801 100.00 0.00006914
16001 100.00 0.00006809
16201 100.00 0.00006707
16401 100.00 0.00006606
16601 100.00 0.00006510
16801 100.00 0.00006415
17001 100.00 0.00006322
17201 100.00 0.00006233
17401 100.00 0.00006146
17601 100.00 0.00006061
17801 100.00 0.00005978
18001 100.00 0.00005897
18201 100.00 0.00005819
18401 100.00 0.00005742
18601 100.00 0.00005668
18801 100.00 0.00005595
19001 100.00 0.00005522
19201 100.00 0.00005453
19401 100.00 0.00005385
19601 100.00 0.00005319
19801 100.00 0.00005253
20001 100.00 0.00005190
20201 100.00 0.00005127
20401 100.00 0.00005068
20601 100.00 0.00005007
20801 100.00 0.00004950
21001 100.00 0.00004892
21201 100.00 0.00004836
21401 100.00 0.00004781
21601 100.00 0.00004729
21801 100.00 0.00004677
22001 100.00 0.00004625
22201 100.00 0.00004575
22401 100.00 0.00004526
22601 100.00 0.00004478
22801 100.00 0.00004430
23001 100.00 0.00004384
23201 100.00 0.00004338
23401 100.00 0.00004294
23601 100.00 0.00004250
23801 100.00 0.00004208
24001 100.00 0.00004165
24201 100.00 0.00004123
24401 100.00 0.00004083
24601 100.00 0.00004043
24801 100.00 0.00004004
25001 100.00 0.00003966
25201 100.00 0.00003928
25401 100.00 0.00003890
25601 100.00 0.00003854
25801 100.00 0.00003818
26001 100.00 0.00003782
26201 100.00 0.00003748
26401 100.00 0.00003715
26601 100.00 0.00003681
26801 100.00 0.00003648
27001 100.00 0.00003616
27201 100.00 0.00003584
27401 100.00 0.00003553
27601 100.00 0.00003521
27801 100.00 0.00003491
28001 100.00 0.00003462
28201 100.00 0.00003432
28401 100.00 0.00003404
28601 100.00 0.00003374
28801 100.00 0.00003347
29001 100.00 0.00003319
29201 100.00 0.00003292
29401 100.00 0.00003265
29601 100.00 0.00003239
29801 100.00 0.00003213
30001 100.00 0.00003186
30201 100.00 0.00003162
30401 100.00 0.00003138
30601 100.00 0.00003112
30801 100.00 0.00003088
31001 100.00 0.00003064
31201 100.00 0.00003041
31401 100.00 0.00003019
31601 100.00 0.00002996
31801 100.00 0.00002973
32001 100.00 0.00002952
32201 100.00 0.00002929
32401 100.00 0.00002908
32601 100.00 0.00002887
32801 100.00 0.00002865
33001 100.00 0.00002845
33201 100.00 0.00002825
33401 100.00 0.00002805
33601 100.00 0.00002784
33801 100.00 0.00002766
34001 100.00 0.00002746
34201 100.00 0.00002726
34401 100.00 0.00002708
34601 100.00 0.00002689
34801 100.00 0.00002671
35001 100.00 0.00002653
35201 100.00 0.00002635
35401 100.00 0.00002617
35601 100.00 0.00002599
35801 100.00 0.00002583
36000 100.00 0.00002566
