41 100.00 0.00000291
42 100.00 0.00000283
43 100.00 0.00000276
44 100.00 0.00000271
45 100.00 0.00000266
46 100.00 0.00000263
47 100.00 0.00000259
48 100.00 0.00000255
49 100.00 0.00000252
50 100.00 0.00000248
51 100.00 0.00000245
52 100.00 0.00000242
53 100.00 0.00000240
54 100.00 0.00000238
55 100.00 0.00000235
56 100.00 0.00000234
57 100.00 0.00000230
58 100.00 0.00000229
59 100.00 0.00000227
60 100.00 0.00000224
61 100.00 0.00000223
62 100.00 0.00000221
63 100.00 0.00000219
64 100.00 0.00000218
65 100.00 0.00000216
66 100.00 0.00000214
91 100.00 0.00000182
116 100.00 0.00000162
141 100.00 0.00000147
166 100.00 0.00000134
191 100.00 0.00000124
216 100.00 0.00000116
241 100.00 0.00000109
266 100.00 0.00000104
291 100.00 0.00000098
316 100.00 0.00000094
341 100.00 0.00000089
366 100.00 0.00000085
391 100.00 0.00000082
416 100.00 0.00000079
441 100.00 0.00000076
466 100.00 0.00000073
491 100.00 0.00000071
516 100.00 0.00000068
541 100.00 0.00000066
566 100.00 0.00000064
591 100.00 0.00000062
616 100.00 0.00000061
641 100.00 0.00000060
666 100.00 0.00000058
691 100.00 0.00000057
716 100.00 0.00000056
741 100.00 0.00000054
766 100.00 0.00000052
791 100.00 0.00000051
816 100.00 0.00000051
841 100.00 0.00000049
866 100.00 0.00000048
891 100.00 0.00000047
916 100.00 0.00000046
941 100.00 0.00000046
966 100.00 0.00000044
991 100.00 0.00000044
1016 100.00 0.00000043
1040 100.00 0.00000042
