1 62.68 1.70607507
2 74.78 0.70303546
3 83.47 0.51539414
4 80.68 0.60588481
5 87.72 0.38745892
6 92.69 0.25036029
7 90.61 0.31056786
8 91.98 0.24863404
9 94.92 0.16834277
10 96.22 0.13618633
11 95.91 0.15662868
12 97.25 0.10200195
13 97.53 0.08905154
14 98.48 0.06256272
15 98.78 0.05435503
16 94.95 0.20167125
17 98.37 0.05836002
18 99.55 0.02820099
19 99.73 0.02173216
20 99.78 0.01885191
21 97.40 0.09273646
22 99.92 0.01206156
23 99.96 0.00987232
24 99.97 0.00742744
25 99.96 0.00843852
26 100.00 0.00547847
27 99.97 0.00591302
28 100.00 0.00430550
29 100.00 0.00381985
30 100.00 0.00356810
31 100.00 0.00331062
32 100.00 0.00298098
33 100.00 0.00273772
34 100.00 0.00257690
35 100.00 0.00242813
36 100.00 0.00224442
37 100.00 0.00211685
38 100.00 0.00196235
39 100.00 0.00186169
40 100.00 0.00177011
49 100.00 0.00118763
65 100.00 0.00072800
81 100.00 0.00050801
97 100.00 0.00038759
113 100.00 0.00030813
129 100.00 0.00025521
145 100.00 0.00021863
161 100.00 0.00018810
177 100.00 0.00016552
193 100.00 0.00014720
209 100.00 0.00013332
225 100.00 0.00011964
241 100.00 0.00010944
257 100.00 0.00010072
273 100.00 0.00009273
289 100.00 0.00008645
305 100.00 0.00008021
321 100.00 0.00007558
337 100.00 0.00007059
353 100.00 0.00006695
369 100.00 0.00006286
385 100.00 0.00005964
401 100.00 0.00005659
417 100.00 0.00005386
433 100.00 0.00005136
449 100.00 0.00004908
465 100.00 0.00004697
480 100.00 0.00004531
