1 52.00 2.26859512
81 100.00 0.00263852
161 100.00 0.00098992
241 100.00 0.00057917
321 100.00 0.00040022
401 100.00 0.00030195
481 100.00 0.00024049
561 100.00 0.00019870
641 100.00 0.00016860
721 100.00 0.00014598
801 100.00 0.00012842
881 100.00 0.00011440
961 100.00 0.00010298
1041 100.00 0.00009349
1121 100.00 0.00008552
1201 100.00 0.00007872
1281 100.00 0.00007285
1361 100.00 0.00006775
1441 100.00 0.00006329
1521 100.00 0.00005933
1601 100.00 0.00005581
1681 100.00 0.00005268
1761 100.00 0.00004984
1841 100.00 0.00004728
1921 100.00 0.00004495
2001 100.00 0.00004283
2081 100.00 0.00004089
2161 100.00 0.00003910
2241 100.00 0.00003745
2321 100.00 0.00003593
2400 100.00 0.00003454
