1 10.00 2.30200095
2 10.00 2.30152382
3 10.06 2.30079843
4 12.97 2.30026871
5 17.31 2.29932202
6 18.66 2.29849803
7 17.85 2.29763659
13 24.87 2.29044902
19 38.14 2.27375543
25 39.37 2.20589645
31 34.82 1.87678849
37 36.64 1.41972342
43 52.63 1.09244596
49 60.55 1.06188410
55 59.53 1.20371794
61 59.23 0.99619314
67 69.46 0.88549927
73 71.84 0.77592783
79 66.04 0.82118726
85 61.82 1.08213165
91 66.74 1.23722690
97 63.97 0.94252336
103 70.04 0.70923882
109 63.36 0.97129456
115 71.67 0.83164400
121 74.26 0.73776705
127 67.92 0.94547489
133 64.97 0.97000146
139 77.59 0.63075675
145 81.03 0.52769524
151 71.09 0.96048648
157 72.75 1.06125701
163 82.00 0.49300484
169 75.73 0.66331093
175 73.89 0.71746947
181 83.94 0.46716118
187 81.27 0.51742569
193 68.72 0.79326662
199 81.41 0.49726138
205 78.63 0.58526857
211 76.97 0.77269372
217 83.81 0.43944373
223 85.43 0.39751809
229 84.27 0.41589490
235 88.32 0.32958977
241 87.96 0.33153266
247 79.86 0.56687233
253 85.64 0.41447764
259 81.07 0.52899671
265 88.41 0.32125787
271 87.25 0.35401474
277 90.26 0.28228513
283 90.37 0.27538992
289 91.52 0.24360193
295 91.35 0.24742012
301 89.98 0.27244196
307 86.85 0.35846128
313 93.04 0.20126129
319 92.80 0.23180724
325 92.60 0.21055927
331 86.70 0.40513703
337 91.03 0.24579918
343 87.67 0.34948731
349 91.60 0.22622802
355 82.28 0.56183071
361 93.64 0.17975328
367 95.11 0.15220693
373 91.90 0.22553019
379 87.38 0.37086980
385 92.37 0.20235711
391 85.46 0.47059018
397 83.26 0.62661088
403 94.97 0.14667869
409 93.41 0.18180542
415 85.27 0.44218099
421 88.19 0.32785568
427 94.78 0.14538534
433 91.55 0.21400371
439 92.21 0.21970714
445 91.16 0.23259212
451 86.19 0.47681700
457 97.14 0.08714895
463 73.39 1.21684810
469 95.46 0.12693820
475 98.39 0.06228566
481 97.95 0.08613489
487 95.95 0.11258259
493 98.13 0.07103391
499 96.38 0.10866287
505 96.63 0.08722082
511 81.52 0.87837084
517 99.06 0.04387111
523 98.91 0.05561188
529 99.41 0.03380389
535 99.04 0.03974492
541 97.43 0.08753085
547 99.23 0.04212124
553 99.58 0.03109123
559 94.29 0.18867801
565 94.53 0.18455240
571 99.68 0.02700008
577 98.69 0.04528089
583 96.82 0.08033156
589 96.00 0.11512289
595 92.98 0.20653442
600 99.83 0.02177139
