1 10.00 2.30184227
201 100.00 0.00057044
401 100.00 0.00019418
601 100.00 0.00011151
801 100.00 0.00007659
1001 100.00 0.00005763
1201 100.00 0.00004586
1401 100.00 0.00003790
1601 100.00 0.00003217
1801 100.00 0.00002787
2001 100.00 0.00002451
2201 100.00 0.00002187
2401 100.00 0.00001969
2601 100.00 0.00001789
2801 100.00 0.00001636
3001 100.00 0.00001507
3201 100.00 0.00001395
3401 100.00 0.00001298
3601 100.00 0.00001213
3801 100.00 0.00001139
4001 100.00 0.00001072
4201 100.00 0.00001012
4401 100.00 0.00000958
4601 100.00 0.00000909
4801 100.00 0.00000865
5001 100.00 0.00000824
5201 100.00 0.00000787
5401 100.00 0.00000753
5601 100.00 0.00000722
5801 100.00 0.00000693
6000 100.00 0.00000666
