1 35.60 2.22258496
2 39.60 1.91871727
3 47.80 1.57284813
4 33.60 1.86353016
5 50.60 1.49227097
6 47.00 1.48019500
7 77.40 0.76010547
8 57.80 1.22404110
9 83.20 0.53181111
10 59.40 1.05768750
11 77.60 0.59070998
12 84.60 0.50555797
13 66.00 0.80502073
14 90.80 0.31510057
15 91.60 0.25406700
16 96.80 0.14166678
17 81.40 0.55847882
18 98.00 0.11156346
19 96.80 0.11725023
20 92.60 0.22997012
201 100.00 0.00031224
401 100.00 0.00013056
601 100.00 0.00007981
801 100.00 0.00005658
1001 100.00 0.00004342
1201 100.00 0.00003503
1401 100.00 0.00002924
1601 100.00 0.00002502
1801 100.00 0.00002181
2001 100.00 0.00001930
2201 100.00 0.00001728
2401 100.00 0.00001562
2601 100.00 0.00001424
2801 100.00 0.00001307
3001 100.00 0.00001207
3201 100.00 0.00001120
3401 100.00 0.00001044
3600 100.00 0.00000978
