1 63.18 0.98874898
5 96.23 0.12569991
9 98.77 0.04285994
13 99.51 0.01845125
17 99.52 0.01921651
21 99.14 0.03066275
25 99.96 0.00380597
29 100.00 0.00118739
33 100.00 0.00059254
37 100.00 0.00039235
41 100.00 0.00028724
45 100.00 0.00022737
49 100.00 0.00019037
53 100.00 0.00016057
57 100.00 0.00013967
61 100.00 0.00012329
65 100.00 0.00011004
69 100.00 0.00009892
73 100.00 0.00009031
77 100.00 0.00008311
81 100.00 0.00007644
85 100.00 0.00007052
89 100.00 0.00006576
93 100.00 0.00006172
97 100.00 0.00005781
101 100.00 0.00005439
105 100.00 0.00005141
109 100.00 0.00004853
113 100.00 0.00004632
117 100.00 0.00004375
120 100.00 0.00004234
