75.0 0.69117051
85.6 0.43526104
91.3 0.28732862
93.4 0.22571898
94.8 0.18440349
95.5 0.15469344
96.1 0.13310438
96.7 0.11332517
97.3 0.09524744
97.7 0.07976236
97.9 0.07153647
98.4 0.05435535
99.0 0.03705305
99.4 0.02675813
99.5 0.02115901
99.6 0.01634827
99.7 0.01321256
99.8 0.01088145
99.9 0.00920137
99.9 0.00806224
99.9 0.00651726
100.0 0.00558428
100.0 0.00482811
100.0 0.00418514
100.0 0.00367713
100.0 0.00324992
100.0 0.00287385
100.0 0.00256382
100.0 0.00229673
100.0 0.00207145
100.0 0.00187740
100.0 0.00170684
100.0 0.00156537
100.0 0.00143797
100.0 0.00132713
100.0 0.00123013
100.0 0.00114554
100.0 0.00107168
100.0 0.00100445
100.0 0.00094542
100.0 0.00089170
100.0 0.00084241
100.0 0.00079932
100.0 0.00075909
100.0 0.00072314
100.0 0.00068949
100.0 0.00065940
100.0 0.00063100
100.0 0.00060504
100.0 0.00058101
100.0 0.00055858
100.0 0.00053781
100.0 0.00051814
100.0 0.00050003
100.0 0.00048328
100.0 0.00046686
100.0 0.00045207
100.0 0.00043781
100.0 0.00042447
100.0 0.00041201
100.0 0.00039980
100.0 0.00038867
100.0 0.00037810
100.0 0.00036784
100.0 0.00035813
100.0 0.00034892
100.0 0.00034010
100.0 0.00033179
100.0 0.00032371
100.0 0.00031597
100.0 0.00030876
100.0 0.00030166
100.0 0.00029500
100.0 0.00028855
100.0 0.00028235
100.0 0.00027639
100.0 0.00027065
100.0 0.00026515
100.0 0.00025988
100.0 0.00025473
100.0 0.00024984
100.0 0.00024501
100.0 0.00024045
100.0 0.00023600
100.0 0.00023174
100.0 0.00022764
100.0 0.00022361
100.0 0.00021967
100.0 0.00021597
100.0 0.00021232
100.0 0.00020877
100.0 0.00020537
100.0 0.00020208
100.0 0.00019878
100.0 0.00019570
100.0 0.00019268
100.0 0.00018967
100.0 0.00018683
100.0 0.00018406
100.0 0.00018133
100.0 0.00017869
100.0 0.00017612
100.0 0.00017360
100.0 0.00017117
100.0 0.00016881
100.0 0.00016648
100.0 0.00016423
100.0 0.00016202
100.0 0.00015990
100.0 0.00015777
100.0 0.00015577
100.0 0.00015374
100.0 0.00015179
100.0 0.00014988
100.0 0.00014806
100.0 0.00014621
100.0 0.00014443
100.0 0.00014270
100.0 0.00014101
100.0 0.00013933
