1 10.00 2.30160773
201 100.00 0.00055958
401 100.00 0.00018416
601 100.00 0.00010534
801 100.00 0.00007228
1001 100.00 0.00005443
1201 100.00 0.00004333
1401 100.00 0.00003581
1601 100.00 0.00003042
1801 100.00 0.00002639
2001 100.00 0.00002323
2201 100.00 0.00002072
2401 100.00 0.00001867
2601 100.00 0.00001697
2801 100.00 0.00001554
3001 100.00 0.00001431
3201 100.00 0.00001325
3401 100.00 0.00001234
3601 100.00 0.00001154
3801 100.00 0.00001083
4001 100.00 0.00001020
4201 100.00 0.00000963
4401 100.00 0.00000911
4601 100.00 0.00000866
4801 100.00 0.00000823
5001 100.00 0.00000785
5201 100.00 0.00000750
5401 100.00 0.00000718
5601 100.00 0.00000687
5801 100.00 0.00000661
6000 100.00 0.00000634
