1 16.17 2.30116098
2 11.24 2.29958198
3 11.24 2.29801479
4 11.24 2.29612292
5 11.24 2.29353842
6 11.24 2.28960434
7 14.78 2.28291016
8 21.41 2.26980333
9 22.43 2.23727872
10 24.63 2.11980269
11 35.64 1.85986407
12 52.95 1.53804641
13 63.93 1.11811502
14 74.24 0.83179816
15 79.09 0.66927980
16 82.01 0.58499472
17 84.39 0.53223238
18 85.82 0.48806367
19 87.28 0.44425849
20 88.57 0.40187720
21 89.57 0.36570810
31 94.78 0.18488775
41 96.40 0.12429504
51 97.74 0.08233801
61 98.14 0.06295792
71 99.18 0.03533343
81 98.56 0.04408677
91 99.19 0.02891019
101 99.86 0.01039179
111 99.94 0.00691291
121 99.98 0.00470285
131 99.98 0.00350463
141 99.99 0.00282095
151 100.00 0.00203274
161 100.00 0.00159394
171 100.00 0.00129021
181 100.00 0.00110123
191 100.00 0.00092905
200 100.00 0.00082285
