1 20.00 29.69904366
2 22.00 19.97323380
3 22.00 12.85783100
4 21.00 7.95914450
5 11.00 4.89018106
6 21.00 3.21652803
7 10.00 2.53638692
8 10.00 2.37617497
9 10.00 2.37138057
10 10.00 2.37027001
11 10.00 2.36973634
12 10.00 2.36956029
13 10.00 2.36939702
14 10.00 2.36950288
15 10.00 2.36954031
16 10.00 2.36967325
17 10.00 2.36966372
18 10.00 2.36959996
19 10.00 2.36958179
20 10.00 2.36951327
21 10.00 2.36959224
22 10.00 2.36949019
23 10.00 2.36941767
24 10.00 2.36954265
25 10.00 2.36951561
26 10.00 2.36945853
27 10.00 2.36949162
28 10.00 2.36939826
29 10.00 2.36955452
30 10.00 2.36942472
31 10.00 2.36949806
32 10.00 2.36937103
33 10.00 2.36943822
34 10.00 2.36959772
35 10.00 2.36960568
36 10.00 2.36945877
37 10.00 2.36943469
38 10.00 2.36961184
39 10.00 2.36961575
40 10.00 2.36961060
801 10.00 2.36942496
1601 10.00 2.36948881
2401 10.00 2.36957278
3201 10.00 2.36951904
4001 10.00 2.36938963
4801 10.00 2.36962571
5601 10.00 2.36956344
6401 10.00 2.36960502
7201 10.00 2.36958771
8001 10.00 2.36967340
8801 10.00 2.36940689
9601 10.00 2.36957655
10401 10.00 2.36951413
11201 10.00 2.36952376
12001 10.00 2.36951070
12801 10.00 2.36937318
13601 10.00 2.36942000
14401 10.00 2.36972189
15201 10.00 2.36933131
16001 10.00 2.36933188
16801 10.00 2.36936855
17601 10.00 2.36953382
18000 10.00 2.36954007
