1 49.80 9.71524220
2 24.00 9.01077518
3 25.40 8.69049416
4 17.40 8.20533619
5 36.80 7.42763491
6 29.20 7.29773932
7 58.40 6.32906084
8 52.20 5.94105396
9 49.80 5.52006178
10 55.00 5.20173044
11 59.00 4.79899445
12 53.60 4.54853344
13 37.40 4.65916300
14 63.00 3.88577504
15 64.00 3.64183578
16 41.20 4.24614058
17 61.80 3.21009617
18 59.40 3.18050694
19 52.20 2.93310823
20 50.40 3.14735537
201 85.00 1.05343409
401 98.20 0.73736674
601 99.40 0.68883739
801 81.00 1.12025166
1001 99.80 0.68421071
1201 100.00 0.65310987
1401 87.20 0.94761065
1601 99.80 0.65585270
1801 79.40 1.24788027
2001 100.00 0.65242594
2201 99.00 0.65783277
2401 99.80 0.67155396
2601 100.00 0.64289538
2801 98.40 0.66467499
3001 99.00 0.66387954
3201 99.80 0.64869723
3401 100.00 0.62988539
3600 100.00 0.63391721
