1 10.40 2.29735720
2 12.80 2.29406655
3 14.80 2.29056990
4 18.00 2.28722954
5 19.20 2.28367853
6 20.00 2.27991271
7 22.40 2.27603936
8 23.60 2.27192450
9 27.20 2.26761222
10 30.80 2.26297021
11 31.60 2.25794220
12 33.60 2.25255919
13 37.60 2.24647522
14 42.40 2.24027491
15 42.80 2.23307920
16 42.80 2.22513783
17 44.80 2.21642613
18 44.40 2.20666182
19 45.20 2.19584191
20 50.00 2.18380308
21 51.20 2.17007506
22 52.40 2.15480506
23 54.40 2.13743210
24 56.80 2.11836839
25 56.40 2.09569693
26 58.00 2.07138121
27 58.40 2.04360557
28 61.20 2.01110226
29 62.40 1.97730350
30 62.40 1.93569463
31 63.60 1.89180809
32 68.80 1.84301811
33 67.20 1.78850746
34 72.00 1.72666740
35 74.80 1.66195744
36 76.80 1.58951998
37 78.00 1.51384801
38 78.40 1.43224525
39 79.20 1.35319746
40 82.40 1.26747108
41 82.40 1.19285411
42 86.40 1.11176431
43 84.80 1.03513944
44 85.20 0.98325559
45 84.80 0.91522682
46 84.00 0.88042781
47 81.20 0.82455593
48 87.20 0.79393083
49 80.80 0.81985283
50 91.60 0.66547489
51 83.20 0.69451851
52 82.80 0.66251919
53 76.80 0.84967282
54 84.40 0.58832905
55 84.40 0.55763331
56 91.20 0.47034436
57 90.80 0.45563415
58 93.60 0.41442922
59 93.20 0.39591096
60 92.80 0.39304854
61 90.40 0.39218619
62 87.60 0.40678063
63 88.80 0.40871492
64 77.60 0.62547150
65 74.80 0.80124918
66 91.20 0.35368422
67 96.00 0.28042787
68 95.20 0.26557222
69 96.40 0.25345502
70 96.80 0.25894482
71 95.60 0.23441292
72 97.20 0.21953394
73 92.40 0.25749376
74 90.40 0.28719887
75 95.20 0.21110774
76 96.40 0.17928869
77 97.60 0.16445698
78 98.40 0.16640168
79 98.00 0.14872053
80 98.40 0.14993954
81 98.40 0.14317051
82 98.80 0.14854085
83 98.80 0.12483497
84 98.40 0.12325970
85 98.80 0.11662274
86 99.20 0.11824496
87 98.80 0.12948726
88 99.20 0.11346960
89 99.20 0.11799163
90 99.60 0.09281570
91 99.60 0.08821907
92 99.60 0.08644006
93 99.20 0.08322986
94 99.60 0.07717859
95 99.60 0.07475997
96 99.20 0.07571403
97 99.60 0.07052980
98 100.00 0.06851603
99 99.60 0.06753584
100 99.60 0.06309093
101 100.00 0.06047058
102 100.00 0.05729262
103 99.60 0.05666569
104 100.00 0.05427819
105 100.00 0.05338765
106 100.00 0.04996146
107 100.00 0.04939862
108 100.00 0.04706003
109 100.00 0.04597713
110 100.00 0.04544377
111 100.00 0.04252422
112 100.00 0.04176378
113 100.00 0.04020316
114 100.00 0.03901478
115 100.00 0.03729332
116 100.00 0.03652122
117 100.00 0.03575682
118 100.00 0.03481340
119 100.00 0.03351672
120 100.00 0.03374227
121 100.00 0.03162439
122 100.00 0.03112695
123 100.00 0.03006363
124 100.00 0.02936641
125 100.00 0.02880361
126 100.00 0.02785786
127 100.00 0.02712713
128 100.00 0.02649159
129 100.00 0.02584200
130 100.00 0.02544762
131 100.00 0.02478202
132 100.00 0.02447830
133 100.00 0.02370261
134 100.00 0.02335149
135 100.00 0.02264072
136 100.00 0.02204427
137 100.00 0.02158884
138 100.00 0.02120361
139 100.00 0.02078012
140 100.00 0.02031254
141 100.00 0.01994647
142 100.00 0.01945626
143 100.00 0.01909059
144 100.00 0.01880534
145 100.00 0.01853605
146 100.00 0.01804847
147 100.00 0.01774449
148 100.00 0.01746347
149 100.00 0.01706462
150 100.00 0.01676692
151 100.00 0.01654604
152 100.00 0.01623084
153 100.00 0.01593857
154 100.00 0.01561907
155 100.00 0.01538005
156 100.00 0.01509331
157 100.00 0.01487194
158 100.00 0.01463090
159 100.00 0.01442414
160 100.00 0.01410390
161 100.00 0.01396948
162 100.00 0.01372380
163 100.00 0.01348093
164 100.00 0.01333976
165 100.00 0.01314224
166 100.00 0.01287185
167 100.00 0.01274335
168 100.00 0.01256307
169 100.00 0.01240364
170 100.00 0.01219715
171 100.00 0.01203117
172 100.00 0.01180586
173 100.00 0.01165892
174 100.00 0.01151341
175 100.00 0.01139167
176 100.00 0.01114840
177 100.00 0.01105327
178 100.00 0.01088418
179 100.00 0.01072497
180 100.00 0.01060872
181 100.00 0.01046460
182 100.00 0.01032488
183 100.00 0.01024809
184 100.00 0.01005621
185 100.00 0.00991947
186 100.00 0.00979222
187 100.00 0.00965888
188 100.00 0.00959195
189 100.00 0.00946058
190 100.00 0.00936024
191 100.00 0.00923188
192 100.00 0.00915969
193 100.00 0.00900577
194 100.00 0.00893569
195 100.00 0.00879435
196 100.00 0.00873984
197 100.00 0.00861962
198 100.00 0.00850913
199 100.00 0.00845331
200 100.00 0.00832935
201 100.00 0.00827357
221 100.00 0.00672734
241 100.00 0.00562814
261 100.00 0.00480777
281 100.00 0.00418015
301 100.00 0.00370451
321 100.00 0.00329503
341 100.00 0.00295856
361 100.00 0.00268061
381 100.00 0.00244834
401 100.00 0.00224986
421 100.00 0.00207608
441 100.00 0.00191708
461 100.00 0.00178645
481 100.00 0.00167195
501 100.00 0.00156845
521 100.00 0.00147431
541 100.00 0.00139369
561 100.00 0.00131614
581 100.00 0.00125046
601 100.00 0.00118369
621 100.00 0.00112945
641 100.00 0.00107492
661 100.00 0.00102948
681 100.00 0.00098429
701 100.00 0.00094740
721 100.00 0.00090487
741 100.00 0.00086961
761 100.00 0.00083767
781 100.00 0.00080829
801 100.00 0.00078301
821 100.00 0.00075163
841 100.00 0.00072873
861 100.00 0.00070442
881 100.00 0.00067944
901 100.00 0.00066027
921 100.00 0.00064160
941 100.00 0.00061932
961 100.00 0.00060376
981 100.00 0.00058440
1001 100.00 0.00056977
1021 100.00 0.00055412
1041 100.00 0.00053975
1061 100.00 0.00052539
1081 100.00 0.00051093
1101 100.00 0.00049811
1121 100.00 0.00048657
1141 100.00 0.00047598
1161 100.00 0.00046269
1181 100.00 0.00045433
1201 100.00 0.00044411
1221 100.00 0.00043324
1241 100.00 0.00042337
1261 100.00 0.00041484
1281 100.00 0.00040604
1301 100.00 0.00039821
1321 100.00 0.00038945
1341 100.00 0.00038270
1361 100.00 0.00037478
1381 100.00 0.00036689
1401 100.00 0.00035986
1421 100.00 0.00035429
1441 100.00 0.00034622
1461 100.00 0.00034112
1481 100.00 0.00033476
1501 100.00 0.00032857
1521 100.00 0.00032255
1541 100.00 0.00031674
1561 100.00 0.00031218
1581 100.00 0.00030637
1601 100.00 0.00030126
1621 100.00 0.00029836
1641 100.00 0.00029182
1661 100.00 0.00028742
1681 100.00 0.00028244
1701 100.00 0.00027864
1721 100.00 0.00027550
1741 100.00 0.00027034
1761 100.00 0.00026662
1781 100.00 0.00026245
1801 100.00 0.00025856
1821 100.00 0.00025535
1841 100.00 0.00025050
1861 100.00 0.00024798
1881 100.00 0.00024436
1901 100.00 0.00024134
1921 100.00 0.00023664
1941 100.00 0.00023373
1961 100.00 0.00023165
1981 100.00 0.00022855
2001 100.00 0.00022572
2021 100.00 0.00022205
2041 100.00 0.00021998
2061 100.00 0.00021636
2081 100.00 0.00021417
2101 100.00 0.00021174
2121 100.00 0.00020953
2141 100.00 0.00020657
2161 100.00 0.00020381
2181 100.00 0.00020175
2201 100.00 0.00019963
2221 100.00 0.00019697
2241 100.00 0.00019435
2261 100.00 0.00019199
2281 100.00 0.00018985
2301 100.00 0.00018782
2321 100.00 0.00018639
2341 100.00 0.00018423
2361 100.00 0.00018268
2381 100.00 0.00018027
2401 100.00 0.00017818
2421 100.00 0.00017616
2441 100.00 0.00017431
2461 100.00 0.00017200
2481 100.00 0.00017112
2501 100.00 0.00016886
2521 100.00 0.00016768
2541 100.00 0.00016559
2561 100.00 0.00016419
2581 100.00 0.00016246
2601 100.00 0.00016146
2621 100.00 0.00015929
2641 100.00 0.00015754
2661 100.00 0.00015714
2681 100.00 0.00015481
2701 100.00 0.00015324
2721 100.00 0.00015200
2741 100.00 0.00015068
2761 100.00 0.00014884
2781 100.00 0.00014745
2801 100.00 0.00014569
2821 100.00 0.00014477
2841 100.00 0.00014350
2861 100.00 0.00014241
2881 100.00 0.00014151
2901 100.00 0.00013994
2921 100.00 0.00013878
2941 100.00 0.00013771
2961 100.00 0.00013678
2981 100.00 0.00013521
3001 100.00 0.00013380
3021 100.00 0.00013238
3041 100.00 0.00013199
3061 100.00 0.00013071
3081 100.00 0.00012993
3101 100.00 0.00012807
3121 100.00 0.00012761
3141 100.00 0.00012677
3161 100.00 0.00012520
3181 100.00 0.00012494
3201 100.00 0.00012384
3221 100.00 0.00012276
3241 100.00 0.00012183
3261 100.00 0.00012046
3281 100.00 0.00011971
3301 100.00 0.00011912
3321 100.00 0.00011804
3341 100.00 0.00011729
3361 100.00 0.00011613
3381 100.00 0.00011528
3401 100.00 0.00011480
3421 100.00 0.00011350
3441 100.00 0.00011294
3461 100.00 0.00011204
3481 100.00 0.00011146
3501 100.00 0.00011065
3521 100.00 0.00010977
3541 100.00 0.00010899
3561 100.00 0.00010850
3581 100.00 0.00010705
3601 100.00 0.00010669
3621 100.00 0.00010631
3641 100.00 0.00010484
3661 100.00 0.00010460
3681 100.00 0.00010425
3701 100.00 0.00010279
3721 100.00 0.00010236
3741 100.00 0.00010149
3761 100.00 0.00010115
3781 100.00 0.00010050
3801 100.00 0.00009944
3821 100.00 0.00009941
3841 100.00 0.00009815
3861 100.00 0.00009771
3881 100.00 0.00009690
3901 100.00 0.00009693
3921 100.00 0.00009551
3941 100.00 0.00009520
3961 100.00 0.00009462
3981 100.00 0.00009433
4001 100.00 0.00009330
4021 100.00 0.00009298
4041 100.00 0.00009234
4061 100.00 0.00009188
4081 100.00 0.00009121
4101 100.00 0.00009060
4121 100.00 0.00009018
4141 100.00 0.00008953
4161 100.00 0.00008919
4181 100.00 0.00008868
4201 100.00 0.00008796
4221 100.00 0.00008757
4241 100.00 0.00008698
4261 100.00 0.00008657
4281 100.00 0.00008595
4301 100.00 0.00008557
4321 100.00 0.00008513
4341 100.00 0.00008489
4361 100.00 0.00008393
4381 100.00 0.00008346
4401 100.00 0.00008310
4421 100.00 0.00008252
4441 100.00 0.00008205
4461 100.00 0.00008185
4481 100.00 0.00008106
4501 100.00 0.00008073
4521 100.00 0.00008044
4541 100.00 0.00008011
4561 100.00 0.00007922
4581 100.00 0.00007865
4601 100.00 0.00007884
4621 100.00 0.00007828
4641 100.00 0.00007779
4661 100.00 0.00007744
4681 100.00 0.00007691
4701 100.00 0.00007656
4721 100.00 0.00007628
4741 100.00 0.00007578
4761 100.00 0.00007543
4781 100.00 0.00007485
4801 100.00 0.00007484
4821 100.00 0.00007432
4841 100.00 0.00007407
4861 100.00 0.00007359
4881 100.00 0.00007355
4901 100.00 0.00007257
4921 100.00 0.00007236
4941 100.00 0.00007202
4961 100.00 0.00007165
4981 100.00 0.00007143
5001 100.00 0.00007076
5021 100.00 0.00007036
5041 100.00 0.00007024
5061 100.00 0.00006991
5081 100.00 0.00006942
5101 100.00 0.00006915
5121 100.00 0.00006893
5141 100.00 0.00006877
5161 100.00 0.00006845
5181 100.00 0.00006777
5201 100.00 0.00006753
5221 100.00 0.00006707
5241 100.00 0.00006670
5261 100.00 0.00006644
5281 100.00 0.00006651
5301 100.00 0.00006627
5321 100.00 0.00006557
5341 100.00 0.00006549
5361 100.00 0.00006537
5381 100.00 0.00006482
5401 100.00 0.00006441
5421 100.00 0.00006425
5441 100.00 0.00006398
5461 100.00 0.00006350
5481 100.00 0.00006311
5501 100.00 0.00006326
5521 100.00 0.00006300
5541 100.00 0.00006272
5561 100.00 0.00006227
5581 100.00 0.00006216
5601 100.00 0.00006140
5621 100.00 0.00006175
5641 100.00 0.00006122
5661 100.00 0.00006111
5681 100.00 0.00006077
5701 100.00 0.00006050
5721 100.00 0.00006017
5741 100.00 0.00005999
5761 100.00 0.00005977
5781 100.00 0.00005947
5801 100.00 0.00005920
5821 100.00 0.00005897
5841 100.00 0.00005861
5861 100.00 0.00005834
5881 100.00 0.00005812
5901 100.00 0.00005794
5921 100.00 0.00005770
5941 100.00 0.00005762
5961 100.00 0.00005729
5981 100.00 0.00005684
6001 100.00 0.00005640
6021 100.00 0.00005656
6041 100.00 0.00005608
6061 100.00 0.00005612
6081 100.00 0.00005572
6101 100.00 0.00005559
6121 100.00 0.00005549
6141 100.00 0.00005523
6161 100.00 0.00005484
6181 100.00 0.00005489
6201 100.00 0.00005458
6221 100.00 0.00005439
6241 100.00 0.00005395
6261 100.00 0.00005385
6281 100.00 0.00005349
6301 100.00 0.00005338
6321 100.00 0.00005348
6341 100.00 0.00005309
6361 100.00 0.00005313
6381 100.00 0.00005281
6401 100.00 0.00005254
6421 100.00 0.00005218
6441 100.00 0.00005211
6461 100.00 0.00005209
6481 100.00 0.00005178
6501 100.00 0.00005158
6521 100.00 0.00005126
6541 100.00 0.00005110
6561 100.00 0.00005104
6581 100.00 0.00005071
6601 100.00 0.00005063
6621 100.00 0.00005026
6641 100.00 0.00005017
6661 100.00 0.00004993
6681 100.00 0.00004990
6701 100.00 0.00004953
6721 100.00 0.00004931
6741 100.00 0.00004917
6761 100.00 0.00004894
6781 100.00 0.00004890
6801 100.00 0.00004877
6821 100.00 0.00004846
6841 100.00 0.00004836
6861 100.00 0.00004824
6881 100.00 0.00004803
6901 100.00 0.00004793
6921 100.00 0.00004767
6941 100.00 0.00004758
6961 100.00 0.00004737
6981 100.00 0.00004739
7001 100.00 0.00004692
7021 100.00 0.00004686
7041 100.00 0.00004668
7061 100.00 0.00004653
7081 100.00 0.00004625
7101 100.00 0.00004625
7121 100.00 0.00004607
7141 100.00 0.00004578
7161 100.00 0.00004572
7181 100.00 0.00004564
7201 100.00 0.00004538
7221 100.00 0.00004526
7241 100.00 0.00004519
7261 100.00 0.00004495
7281 100.00 0.00004481
7301 100.00 0.00004468
7321 100.00 0.00004455
7341 100.00 0.00004448
7361 100.00 0.00004426
7381 100.00 0.00004432
7401 100.00 0.00004396
7421 100.00 0.00004374
7441 100.00 0.00004369
7461 100.00 0.00004347
7481 100.00 0.00004346
7501 100.00 0.00004310
7521 100.00 0.00004322
7541 100.00 0.00004283
7561 100.00 0.00004271
7581 100.00 0.00004277
7601 100.00 0.00004266
7621 100.00 0.00004240
7641 100.00 0.00004237
7661 100.00 0.00004213
7681 100.00 0.00004214
7701 100.00 0.00004180
7721 100.00 0.00004184
7741 100.00 0.00004163
7761 100.00 0.00004158
7781 100.00 0.00004154
7801 100.00 0.00004120
7821 100.00 0.00004126
7841 100.00 0.00004096
7861 100.00 0.00004100
7881 100.00 0.00004067
7901 100.00 0.00004067
7921 100.00 0.00004059
7941 100.00 0.00004029
7961 100.00 0.00004024
7981 100.00 0.00003998
8001 100.00 0.00003996
8021 100.00 0.00004000
8041 100.00 0.00003969
8061 100.00 0.00003950
8081 100.00 0.00003957
8101 100.00 0.00003932
8121 100.00 0.00003925
8141 100.00 0.00003922
8161 100.00 0.00003915
8181 100.00 0.00003895
8201 100.00 0.00003878
8221 100.00 0.00003866
8241 100.00 0.00003847
8261 100.00 0.00003839
8281 100.00 0.00003840
8301 100.00 0.00003817
8321 100.00 0.00003809
8341 100.00 0.00003797
8361 100.00 0.00003779
8381 100.00 0.00003783
8401 100.00 0.00003761
8421 100.00 0.00003764
8441 100.00 0.00003756
8461 100.00 0.00003735
8481 100.00 0.00003725
8501 100.00 0.00003720
8521 100.00 0.00003694
8541 100.00 0.00003702
8561 100.00 0.00003692
8581 100.00 0.00003676
8601 100.00 0.00003651
8621 100.00 0.00003653
8641 100.00 0.00003630
8661 100.00 0.00003638
8681 100.00 0.00003620
8701 100.00 0.00003625
8721 100.00 0.00003602
8741 100.00 0.00003596
8761 100.00 0.00003575
8781 100.00 0.00003574
8801 100.00 0.00003572
8821 100.00 0.00003545
8841 100.00 0.00003547
8861 100.00 0.00003536
8881 100.00 0.00003520
8901 100.00 0.00003522
8921 100.00 0.00003506
8941 100.00 0.00003503
8961 100.00 0.00003486
8981 100.00 0.00003474
9001 100.00 0.00003454
9021 100.00 0.00003461
9041 100.00 0.00003444
9061 100.00 0.00003449
9081 100.00 0.00003430
9101 100.00 0.00003414
9121 100.00 0.00003418
9141 100.00 0.00003402
9161 100.00 0.00003389
9181 100.00 0.00003382
9201 100.00 0.00003381
9221 100.00 0.00003371
9241 100.00 0.00003353
9261 100.00 0.00003353
9281 100.00 0.00003350
9301 100.00 0.00003329
9321 100.00 0.00003331
9341 100.00 0.00003309
9361 100.00 0.00003323
9381 100.00 0.00003294
9401 100.00 0.00003299
9421 100.00 0.00003277
9441 100.00 0.00003276
9461 100.00 0.00003278
9481 100.00 0.00003257
9501 100.00 0.00003257
9521 100.00 0.00003239
9541 100.00 0.00003240
9561 100.00 0.00003216
9581 100.00 0.00003217
9601 100.00 0.00003210
9621 100.00 0.00003207
9641 100.00 0.00003197
9661 100.00 0.00003193
9681 100.00 0.00003181
9701 100.00 0.00003173
9721 100.00 0.00003165
9741 100.00 0.00003162
9761 100.00 0.00003145
9781 100.00 0.00003140
9801 100.00 0.00003130
9821 100.00 0.00003123
9841 100.00 0.00003121
9861 100.00 0.00003109
9881 100.00 0.00003099
9901 100.00 0.00003106
9921 100.00 0.00003088
9941 100.00 0.00003079
9961 100.00 0.00003073
9981 100.00 0.00003071
10001 100.00 0.00003061
10021 100.00 0.00003052
10041 100.00 0.00003046
10061 100.00 0.00003035
10081 100.00 0.00003032
10101 100.00 0.00003025
10121 100.00 0.00003026
10141 100.00 0.00003009
10161 100.00 0.00003001
10181 100.00 0.00003002
10201 100.00 0.00002986
10221 100.00 0.00002976
10241 100.00 0.00002969
10261 100.00 0.00002957
10281 100.00 0.00002955
10301 100.00 0.00002957
10321 100.00 0.00002944
10341 100.00 0.00002941
10361 100.00 0.00002927
10381 100.00 0.00002931
10401 100.00 0.00002916
10421 100.00 0.00002900
10441 100.00 0.00002898
10461 100.00 0.00002892
10481 100.00 0.00002905
10501 100.00 0.00002878
10521 100.00 0.00002883
10541 100.00 0.00002861
10561 100.00 0.00002862
10581 100.00 0.00002863
10601 100.00 0.00002841
10621 100.00 0.00002841
10641 100.00 0.00002832
10661 100.00 0.00002827
10681 100.00 0.00002816
10701 100.00 0.00002827
10721 100.00 0.00002804
10741 100.00 0.00002812
10761 100.00 0.00002812
10781 100.00 0.00002802
10801 100.00 0.00002795
10821 100.00 0.00002779
10841 100.00 0.00002774
10861 100.00 0.00002773
10881 100.00 0.00002767
10901 100.00 0.00002760
10921 100.00 0.00002758
10941 100.00 0.00002735
10961 100.00 0.00002745
10981 100.00 0.00002736
11001 100.00 0.00002729
11021 100.00 0.00002717
11041 100.00 0.00002716
11061 100.00 0.00002704
11081 100.00 0.00002695
11101 100.00 0.00002698
11121 100.00 0.00002687
11141 100.00 0.00002683
11161 100.00 0.00002683
11181 100.00 0.00002680
11201 100.00 0.00002668
11221 100.00 0.00002662
11241 100.00 0.00002648
11261 100.00 0.00002662
11281 100.00 0.00002644
11301 100.00 0.00002648
11321 100.00 0.00002639
11341 100.00 0.00002632
11361 100.00 0.00002634
11381 100.00 0.00002618
11401 100.00 0.00002608
11421 100.00 0.00002602
11441 100.00 0.00002607
11461 100.00 0.00002595
11481 100.00 0.00002598
11501 100.00 0.00002588
11521 100.00 0.00002582
11541 100.00 0.00002578
11561 100.00 0.00002569
11581 100.00 0.00002573
11601 100.00 0.00002553
11621 100.00 0.00002551
11641 100.00 0.00002551
11661 100.00 0.00002541
11681 100.00 0.00002537
11701 100.00 0.00002530
11721 100.00 0.00002535
11741 100.00 0.00002524
11761 100.00 0.00002527
11781 100.00 0.00002511
11801 100.00 0.00002507
11821 100.00 0.00002511
11841 100.00 0.00002500
11861 100.00 0.00002492
11881 100.00 0.00002490
11901 100.00 0.00002491
11921 100.00 0.00002479
11941 100.00 0.00002473
11961 100.00 0.00002463
11981 100.00 0.00002463
12001 100.00 0.00002458
12021 100.00 0.00002458
12041 100.00 0.00002453
12061 100.00 0.00002441
12081 100.00 0.00002434
12101 100.00 0.00002428
12121 100.00 0.00002425
12141 100.00 0.00002424
12161 100.00 0.00002415
12181 100.00 0.00002413
12201 100.00 0.00002413
12221 100.00 0.00002398
12241 100.00 0.00002396
12261 100.00 0.00002394
12281 100.00 0.00002389
12301 100.00 0.00002384
12321 100.00 0.00002374
12341 100.00 0.00002376
12361 100.00 0.00002374
12381 100.00 0.00002362
12401 100.00 0.00002362
12421 100.00 0.00002362
12441 100.00 0.00002355
12461 100.00 0.00002353
12481 100.00 0.00002344
12501 100.00 0.00002345
12521 100.00 0.00002336
12541 100.00 0.00002335
12561 100.00 0.00002325
12581 100.00 0.00002320
12601 100.00 0.00002324
12621 100.00 0.00002305
12641 100.00 0.00002308
12661 100.00 0.00002302
12681 100.00 0.00002310
12701 100.00 0.00002298
12721 100.00 0.00002290
12741 100.00 0.00002285
12761 100.00 0.00002286
12781 100.00 0.00002281
12801 100.00 0.00002281
12821 100.00 0.00002270
12841 100.00 0.00002270
12861 100.00 0.00002275
12881 100.00 0.00002257
12901 100.00 0.00002258
12921 100.00 0.00002251
12941 100.00 0.00002246
12961 100.00 0.00002240
12981 100.00 0.00002237
13001 100.00 0.00002237
13021 100.00 0.00002228
13041 100.00 0.00002220
13061 100.00 0.00002226
13081 100.00 0.00002219
13101 100.00 0.00002209
13121 100.00 0.00002212
13141 100.00 0.00002207
13161 100.00 0.00002201
13181 100.00 0.00002195
13201 100.00 0.00002194
13221 100.00 0.00002192
13241 100.00 0.00002187
13261 100.00 0.00002188
13281 100.00 0.00002179
13301 100.00 0.00002180
13321 100.00 0.00002179
13341 100.00 0.00002166
13361 100.00 0.00002160
13381 100.00 0.00002164
13401 100.00 0.00002163
13421 100.00 0.00002146
13441 100.00 0.00002154
13461 100.00 0.00002147
13481 100.00 0.00002142
13501 100.00 0.00002129
13521 100.00 0.00002133
13541 100.00 0.00002127
13561 100.00 0.00002123
13581 100.00 0.00002119
13601 100.00 0.00002115
13621 100.00 0.00002109
13641 100.00 0.00002115
13661 100.00 0.00002104
13681 100.00 0.00002103
13701 100.00 0.00002094
13721 100.00 0.00002100
13741 100.00 0.00002096
13761 100.00 0.00002085
13781 100.00 0.00002083
13801 100.00 0.00002077
13821 100.00 0.00002075
13841 100.00 0.00002073
13861 100.00 0.00002072
13881 100.00 0.00002067
13901 100.00 0.00002063
13921 100.00 0.00002062
13941 100.00 0.00002065
13961 100.00 0.00002045
13981 100.00 0.00002049
14001 100.00 0.00002037
14021 100.00 0.00002035
14041 100.00 0.00002043
14061 100.00 0.00002038
14081 100.00 0.00002038
14101 100.00 0.00002031
14121 100.00 0.00002024
14141 100.00 0.00002022
14161 100.00 0.00002018
14181 100.00 0.00002021
14201 100.00 0.00002009
14221 100.00 0.00002015
14241 100.00 0.00002008
14261 100.00 0.00001998
14281 100.00 0.00001999
14301 100.00 0.00001991
14321 100.00 0.00001987
14341 100.00 0.00001995
14361 100.00 0.00001987
14381 100.00 0.00001980
14400 100.00 0.00001974
