41 100.00 0.00000293
42 100.00 0.00000285
43 100.00 0.00000279
44 100.00 0.00000273
45 100.00 0.00000268
46 100.00 0.00000265
47 100.00 0.00000261
48 100.00 0.00000257
49 100.00 0.00000253
50 100.00 0.00000251
51 100.00 0.00000247
52 100.00 0.00000245
53 100.00 0.00000242
54 100.00 0.00000240
55 100.00 0.00000237
56 100.00 0.00000235
57 100.00 0.00000233
58 100.00 0.00000231
59 100.00 0.00000229
60 100.00 0.00000226
61 100.00 0.00000225
62 100.00 0.00000223
63 100.00 0.00000221
64 100.00 0.00000220
65 100.00 0.00000218
66 100.00 0.00000216
91 100.00 0.00000184
116 100.00 0.00000163
141 100.00 0.00000148
166 100.00 0.00000136
191 100.00 0.00000126
216 100.00 0.00000118
241 100.00 0.00000110
266 100.00 0.00000104
291 100.00 0.00000099
316 100.00 0.00000094
341 100.00 0.00000090
366 100.00 0.00000086
391 100.00 0.00000083
416 100.00 0.00000079
441 100.00 0.00000077
466 100.00 0.00000074
491 100.00 0.00000071
516 100.00 0.00000069
541 100.00 0.00000067
566 100.00 0.00000065
591 100.00 0.00000063
616 100.00 0.00000062
641 100.00 0.00000060
666 100.00 0.00000058
691 100.00 0.00000057
716 100.00 0.00000056
741 100.00 0.00000054
766 100.00 0.00000053
791 100.00 0.00000052
816 100.00 0.00000051
841 100.00 0.00000050
866 100.00 0.00000049
891 100.00 0.00000048
916 100.00 0.00000047
941 100.00 0.00000046
966 100.00 0.00000045
991 100.00 0.00000044
1016 100.00 0.00000044
1040 100.00 0.00000043
