1 45.00 2.24073715
2 31.00 2.07542133
3 57.00 1.95661952
4 62.00 1.52611167
5 39.00 1.68140385
6 48.00 1.56228514
7 76.00 0.66813266
8 19.00 4.06636658
9 44.00 1.87890136
10 60.00 1.43384149
11 74.00 0.93584945
12 37.00 2.18201959
13 54.00 1.30967720
14 72.00 0.85645727
15 76.00 0.56133771
16 81.00 0.50621082
17 97.00 0.14791536
18 100.00 0.06427460
19 100.00 0.04192122
20 100.00 0.01951330
21 100.00 0.01488090
22 100.00 0.00984673
23 100.00 0.00791098
24 100.00 0.00662291
25 100.00 0.00568657
26 100.00 0.00496917
27 100.00 0.00440578
28 100.00 0.00395074
29 100.00 0.00359070
30 100.00 0.00327237
31 100.00 0.00301095
32 100.00 0.00279141
33 100.00 0.00259652
34 100.00 0.00242720
35 100.00 0.00227207
36 100.00 0.00213843
37 100.00 0.00201856
38 100.00 0.00190932
39 100.00 0.00181285
40 100.00 0.00172363
801 100.00 0.00003235
1601 100.00 0.00001469
2401 100.00 0.00000928
3201 100.00 0.00000671
4001 100.00 0.00000522
4801 100.00 0.00000426
5601 100.00 0.00000358
6401 100.00 0.00000308
7201 100.00 0.00000270
8001 100.00 0.00000240
8801 100.00 0.00000215
9601 100.00 0.00000195
10401 100.00 0.00000178
11201 100.00 0.00000165
12001 100.00 0.00000152
12801 100.00 0.00000141
13601 100.00 0.00000131
14401 100.00 0.00000124
15201 100.00 0.00000117
16001 100.00 0.00000110
16801 100.00 0.00000104
17601 100.00 0.00000099
18000 100.00 0.00000096
