1 18.58 2.29244709
2 31.90 2.26347123
3 24.86 2.08506193
4 24.04 1.62584549
5 32.42 1.50371317
6 51.70 1.23874205
7 52.26 1.12380782
8 36.84 1.36653191
9 62.00 1.00311309
10 55.62 0.97609467
11 56.98 0.97172761
12 63.06 0.88966310
13 62.28 0.90011949
25 79.72 0.53036790
37 85.00 0.42417461
49 78.38 0.62394814
61 89.94 0.27488162
73 90.28 0.26212346
85 89.28 0.27120390
97 93.58 0.17238019
109 73.96 0.71447952
121 82.50 0.46156326
133 80.70 0.58246920
145 88.44 0.33756157
157 88.98 0.28430828
169 95.82 0.12746157
181 93.54 0.16394109
193 95.54 0.13306753
205 96.88 0.08848346
217 98.04 0.06318490
229 94.10 0.16232965
241 85.02 0.48426999
253 98.56 0.04577455
265 87.76 0.36680503
277 95.96 0.11526658
289 97.68 0.06281630
301 98.36 0.05217442
313 91.14 0.21333073
325 98.48 0.04770352
337 99.76 0.01195280
349 99.48 0.02435311
361 99.44 0.02218418
373 93.88 0.17347635
385 96.12 0.09036582
397 97.16 0.08144786
409 99.44 0.02011311
421 99.96 0.00537074
433 99.98 0.00251781
445 96.84 0.07856857
457 99.60 0.01624944
469 99.86 0.01180309
481 92.18 0.28389193
493 99.92 0.00551504
505 100.00 0.00198138
517 100.00 0.00136849
529 100.00 0.00087088
541 100.00 0.00067863
553 100.00 0.00059480
565 100.00 0.00046675
577 100.00 0.00040220
589 100.00 0.00035230
601 100.00 0.00031599
613 100.00 0.00028475
625 100.00 0.00025717
637 100.00 0.00023856
649 100.00 0.00021611
661 100.00 0.00020144
673 100.00 0.00018967
685 100.00 0.00017560
697 100.00 0.00016499
709 100.00 0.00015521
721 100.00 0.00014435
733 100.00 0.00013953
745 100.00 0.00013351
757 100.00 0.00012561
769 100.00 0.00011943
781 100.00 0.00011634
793 100.00 0.00011040
805 100.00 0.00010530
817 100.00 0.00010026
829 100.00 0.00009691
841 100.00 0.00009499
853 100.00 0.00008968
865 100.00 0.00008732
877 100.00 0.00008348
889 100.00 0.00008026
901 100.00 0.00007851
913 100.00 0.00007645
925 100.00 0.00007338
937 100.00 0.00007155
949 100.00 0.00007006
961 100.00 0.00006809
973 100.00 0.00006633
985 100.00 0.00006409
997 100.00 0.00006246
1009 100.00 0.00006085
1021 100.00 0.00005841
1033 100.00 0.00005791
1045 100.00 0.00005641
1057 100.00 0.00005456
1069 100.00 0.00005314
1081 100.00 0.00005379
1093 100.00 0.00005127
1105 100.00 0.00005030
1117 100.00 0.00004892
1129 100.00 0.00004825
1141 100.00 0.00004774
1153 100.00 0.00004631
1165 100.00 0.00004604
1177 100.00 0.00004561
1189 100.00 0.00004396
1200 100.00 0.00004237
