1 39.00 2.27916857
2 60.75 2.25127550
3 68.25 2.20759733
4 61.25 2.12618677
5 71.00 1.95536403
6 73.50 1.60360827
7 67.00 1.19890774
8 70.00 0.90577403
9 80.75 0.65207961
10 86.00 0.48136863
11 90.00 0.36960844
12 95.75 0.22455810
13 97.25 0.15140050
14 98.50 0.08628497
15 99.00 0.05632368
16 100.00 0.03760976
17 100.00 0.02412937
18 100.00 0.01856368
19 100.00 0.01543133
20 100.00 0.01319150
21 100.00 0.01112821
22 100.00 0.00977626
23 100.00 0.00871741
24 100.00 0.00781542
25 100.00 0.00710045
1001 100.00 0.00003938
2001 100.00 0.00001742
3001 100.00 0.00001087
4001 100.00 0.00000779
5001 100.00 0.00000602
6001 100.00 0.00000489
7001 100.00 0.00000409
8001 100.00 0.00000352
9001 100.00 0.00000308
10001 100.00 0.00000273
11001 100.00 0.00000244
12001 100.00 0.00000222
13001 100.00 0.00000202
14001 100.00 0.00000186
15001 100.00 0.00000172
16001 100.00 0.00000160
17001 100.00 0.00000149
18001 100.00 0.00000140
19001 100.00 0.00000131
20001 100.00 0.00000124
21001 100.00 0.00000117
22001 100.00 0.00000111
23001 100.00 0.00000105
24000 100.00 0.00000101
