1 24.51 2.04228964
2 41.56 1.42826950
3 61.81 0.91585237
4 62.02 0.99726388
7 68.42 1.08015305
10 70.93 0.72874931
13 75.70 0.62669809
16 82.86 0.48360663
19 73.47 0.91232197
22 75.07 0.72810798
25 86.33 0.37289583
28 80.70 0.49532765
31 83.49 0.47395084
34 88.05 0.31757992
37 81.59 0.54023784
40 82.23 0.47569232
43 82.99 0.44640995
46 57.12 2.50296151
49 73.95 0.88059787
52 88.22 0.31119585
55 70.73 1.59111440
58 87.69 0.34590700
61 88.63 0.31881741
64 92.70 0.19759365
67 92.18 0.20397288
70 81.59 0.52286488
73 81.86 0.54297693
76 91.86 0.21552722
79 88.38 0.35607081
82 89.44 0.31918020
85 94.16 0.15740575
88 82.15 0.54065756
91 89.61 0.26716784
94 92.81 0.20529134
97 94.58 0.15264710
100 90.62 0.25883663
103 88.50 0.35188027
106 94.89 0.13832477
109 83.22 0.97793094
112 80.23 0.88458245
115 91.15 0.27439590
118 89.22 0.28823186
121 88.90 0.35116015
124 84.87 0.50056769
127 97.64 0.06871627
130 96.60 0.09078625
133 93.77 0.18111377
136 77.44 1.40541823
139 91.90 0.26965606
142 88.50 0.42881182
145 85.30 0.43869602
148 90.61 0.38062091
151 91.66 0.23171158
154 84.03 1.00391294
157 94.69 0.13521529
160 89.13 0.51427503
163 93.49 0.19599534
166 98.39 0.04797349
169 75.94 1.32612111
172 97.47 0.06863495
175 89.12 0.57301459
178 98.72 0.04073159
181 99.02 0.03122732
184 90.17 0.33966238
187 97.10 0.08734411
190 96.38 0.10509091
193 97.91 0.07696076
196 99.00 0.02956195
199 89.55 0.33816898
202 99.53 0.01614481
205 97.36 0.10948650
208 99.17 0.02750884
211 93.34 0.39917741
214 98.54 0.03910585
217 99.80 0.01148465
220 96.97 0.08224524
223 91.05 0.39996047
226 99.34 0.02140655
229 99.12 0.02799607
232 86.54 0.52333555
235 86.14 0.50465525
238 99.39 0.02266068
241 99.38 0.02266547
244 99.36 0.02211782
247 98.59 0.03974657
250 97.35 0.07525783
253 98.97 0.03355976
256 97.88 0.06787077
259 99.69 0.01154457
262 92.34 0.34514683
265 95.89 0.13536831
268 94.74 0.15693919
271 99.64 0.01333246
274 95.69 0.21721687
277 99.16 0.02575564
280 84.01 0.69321560
283 99.69 0.01317997
286 99.30 0.02318737
289 99.94 0.00442389
292 99.98 0.00354810
295 99.99 0.00209827
298 92.31 0.46200109
300 84.74 0.91704547
