1 25.00 3.03338528
2 27.00 2.85440183
3 45.00 2.69425693
4 29.00 2.70743928
5 53.00 2.18768673
6 51.00 2.50250273
7 53.00 1.92362275
8 81.00 1.73469944
9 63.00 1.65103755
10 78.00 1.50176644
11 78.00 1.51638725
12 86.00 1.18142483
13 92.00 0.99999146
14 98.00 0.85654078
15 84.00 1.27530258
16 89.00 1.12123168
17 100.00 0.80869194
18 100.00 0.78941363
19 100.00 0.77972032
20 100.00 0.77229134
21 100.00 0.76580607
22 100.00 0.75977763
23 100.00 0.75400826
24 100.00 0.74837500
25 100.00 0.74287560
26 100.00 0.73744518
27 100.00 0.73208747
28 100.00 0.72679327
29 100.00 0.72154236
30 100.00 0.71632915
31 100.00 0.71115955
32 100.00 0.70603389
33 100.00 0.70093129
34 100.00 0.69586666
35 100.00 0.69082659
36 100.00 0.68582327
37 100.00 0.68085014
38 100.00 0.67590665
39 100.00 0.67098368
40 100.00 0.66609606
801 100.00 0.09003893
1601 100.00 0.11903069
2401 100.00 0.09455936
3201 100.00 0.09815972
4001 100.00 0.06268874
4801 100.00 0.06835351
5601 100.00 0.06737786
6401 100.00 0.05876088
7201 100.00 0.11056229
8001 100.00 0.06001872
8801 100.00 0.05800114
9601 100.00 0.06230261
10401 100.00 0.05744721
11201 100.00 0.05935447
12001 100.00 0.08377518
12801 100.00 0.11926459
13601 100.00 0.05917693
14401 100.00 0.05745271
15201 100.00 0.05674437
16001 100.00 0.05625630
16801 100.00 0.17909537
17601 100.00 0.15681460
18000 100.00 0.07717953
