1 47.30 9.74048538
2 51.60 9.03104782
3 36.40 8.37555981
4 47.00 7.76226549
5 25.00 7.89186010
6 32.70 7.11281738
7 43.00 6.38640261
8 41.80 6.00820189
9 28.10 5.98947372
10 31.50 5.61682615
101 90.50 1.00260741
201 95.60 0.83497958
301 95.00 0.83034325
401 95.70 0.81901308
501 81.20 1.18117137
601 97.30 0.78485589
701 96.00 0.79547595
801 97.10 0.77498404
901 94.50 0.82989446
1001 94.90 0.81247767
1101 93.60 0.88309667
1201 96.40 0.79836655
1301 66.90 1.50143807
1401 96.90 0.75991991
1501 95.10 0.80878758
1601 98.00 0.75670491
1701 87.30 0.95479434
1800 88.10 0.97232968
