1 19.00 2.28783339
201 100.00 0.00150911
401 100.00 0.00059389
601 100.00 0.00035442
801 100.00 0.00024780
1001 100.00 0.00018846
1201 100.00 0.00015099
1401 100.00 0.00012535
1601 100.00 0.00010676
1801 100.00 0.00009274
2001 100.00 0.00008180
2201 100.00 0.00007303
2401 100.00 0.00006587
2601 100.00 0.00005992
2801 100.00 0.00005491
3001 100.00 0.00005061
3201 100.00 0.00004692
3401 100.00 0.00004370
3601 100.00 0.00004086
3801 100.00 0.00003837
4001 100.00 0.00003613
4201 100.00 0.00003412
4401 100.00 0.00003232
4601 100.00 0.00003068
4801 100.00 0.00002920
5001 100.00 0.00002784
5201 100.00 0.00002661
5401 100.00 0.00002546
5601 100.00 0.00002441
5801 100.00 0.00002343
6000 100.00 0.00002254
