1 11.90 2.30107021
2 11.80 2.29934216
3 17.20 2.29761952
4 18.70 2.29573506
5 19.60 2.29356647
6 21.00 2.29095697
7 24.00 2.28775352
8 31.40 2.28357506
9 39.00 2.27819318
10 41.30 2.27096796
11 42.20 2.26076984
12 42.30 2.24556893
13 38.10 2.22223639
14 29.10 2.18465793
15 27.60 2.12394512
16 26.60 2.03294832
17 27.50 1.90798551
18 22.50 1.80282250
19 24.20 1.80992028
20 28.20 1.62907559
21 24.90 1.75728878
22 34.70 1.53941658
23 43.30 1.44086218
24 11.20 3.29540455
25 39.80 1.61215639
26 42.20 1.40321812
27 33.60 1.47458088
28 43.00 1.37881398
29 45.30 1.22484809
30 39.60 1.36465988
31 36.50 1.46972492
32 38.10 1.50394076
33 48.20 1.18963677
34 44.90 1.18105599
35 46.80 1.21943000
36 49.60 1.12739062
37 30.10 1.50943798
38 49.40 1.17901734
39 55.90 1.06897515
40 55.80 1.06923708
41 45.60 1.24008742
42 32.80 1.45088586
43 52.50 1.05546299
44 47.00 1.17154115
45 57.90 0.99192402
46 57.40 0.99111469
47 35.80 1.42620522
48 55.80 1.01503915
49 58.00 0.95265037
50 59.90 0.94880764
51 58.90 1.08523035
52 62.00 0.90622497
53 59.60 1.02989548
54 46.30 1.30390450
55 61.20 0.93814877
56 64.20 0.88627695
57 45.60 1.32788768
58 61.40 0.87868032
59 63.70 0.86364207
60 67.20 0.82488413
61 59.80 0.98500009
62 48.30 1.66694629
63 66.10 0.88217270
64 59.00 0.97547324
65 64.30 0.81365603
66 63.90 0.80681376
67 62.60 0.87846267
68 63.70 0.80638970
69 67.90 0.77785967
70 69.40 0.73919198
71 59.50 0.86949117
72 61.20 0.85154495
73 66.60 0.77269486
74 70.40 0.76701932
75 66.30 0.76358533
76 68.00 0.79855122
77 63.80 0.82783115
78 70.30 0.71475522
79 75.00 0.68414970
80 67.70 0.72431372
81 70.30 0.69452398
82 62.60 0.81356217
83 17.40 2.85342729
84 64.40 0.90337689
85 74.90 0.72522229
86 70.50 0.69629651
87 72.50 0.66004689
88 74.20 0.63859043
89 71.50 0.69278985
90 51.40 1.30910426
91 75.80 0.62666412
92 72.90 0.66054261
93 65.70 0.81049493
94 75.90 0.64785986
95 76.50 0.64645141
96 77.00 0.58731641
97 72.60 0.67299189
98 67.50 0.75238210
99 73.10 0.68377450
100 79.90 0.56797098
101 82.30 0.50685615
151 89.00 0.31772683
201 91.50 0.25225059
251 75.80 0.87263790
301 88.30 0.34571514
351 95.30 0.13732303
401 99.70 0.03483758
451 99.90 0.00723982
501 99.90 0.00380088
551 99.90 0.00267809
601 99.90 0.00197271
651 100.00 0.00143198
701 100.00 0.00101587
751 100.00 0.00075270
801 100.00 0.00058552
851 100.00 0.00047379
901 100.00 0.00039466
951 100.00 0.00033708
1001 100.00 0.00030334
1051 100.00 0.00026103
1101 100.00 0.00023300
1151 100.00 0.00021233
1201 100.00 0.00019259
1251 100.00 0.00017547
1301 100.00 0.00016437
1351 100.00 0.00015199
1401 100.00 0.00013994
1451 100.00 0.00013002
1501 100.00 0.00012322
1551 100.00 0.00011680
1601 100.00 0.00010870
1651 100.00 0.00010291
1701 100.00 0.00009795
1751 100.00 0.00009448
1801 100.00 0.00008992
1851 100.00 0.00008598
1901 100.00 0.00008123
1951 100.00 0.00007785
2001 100.00 0.00007459
2051 100.00 0.00007231
2101 100.00 0.00007027
2151 100.00 0.00006701
2201 100.00 0.00006409
2251 100.00 0.00006220
2301 100.00 0.00006015
2351 100.00 0.00005810
2400 100.00 0.00005748
