1 11.36 2.29870913
2 22.79 2.29322103
3 50.58 2.28277256
4 48.34 2.25418709
5 27.18 2.11014541
6 44.32 1.48775885
7 53.69 1.13333599
8 60.23 1.00373177
9 62.97 0.96387855
10 65.94 0.86945917
11 69.13 0.79940239
21 80.13 0.56123686
31 83.36 0.46878331
41 85.00 0.41692927
51 88.22 0.33520248
61 88.86 0.31153369
71 89.66 0.28347976
81 89.28 0.29339874
91 90.08 0.26875313
101 90.49 0.25027457
111 89.96 0.28321806
121 93.89 0.17279837
131 92.51 0.19748098
141 91.16 0.24002378
151 95.28 0.13435331
161 92.79 0.19803722
171 95.60 0.11882072
181 94.14 0.16810332
191 97.78 0.07216965
201 92.45 0.20113010
211 95.90 0.11050975
221 97.21 0.07405213
231 97.36 0.08670875
241 97.85 0.05861895
251 97.54 0.06851684
261 97.57 0.07086819
271 99.52 0.02371221
281 99.04 0.03027504
291 99.26 0.02285120
301 99.47 0.02109176
311 99.83 0.01014863
321 99.73 0.01193638
331 99.98 0.00415658
341 99.99 0.00275132
351 100.00 0.00179085
361 99.99 0.00156901
371 100.00 0.00107163
381 100.00 0.00088268
391 100.00 0.00074439
400 100.00 0.00067372
