1 20.87 2.29298124
2 39.98 2.26954691
3 30.43 2.13407676
4 29.07 1.76831717
5 27.65 1.68384347
6 44.53 1.36003121
7 48.39 1.20792852
8 47.06 1.20408461
9 57.27 1.04868116
10 55.12 1.02639927
11 60.79 0.95388807
12 59.91 0.96808293
13 62.06 0.87326728
25 78.28 0.57260710
37 83.53 0.44639557
49 79.09 0.57231946
61 83.28 0.43395167
73 88.36 0.32077985
85 89.25 0.28179698
97 91.08 0.24355298
109 87.26 0.34897613
121 86.34 0.42382877
133 89.60 0.30753188
145 86.94 0.40083281
157 92.47 0.19241842
169 94.80 0.15192013
181 92.55 0.21136882
193 96.04 0.12224258
205 94.88 0.16168069
217 97.88 0.06477279
229 94.29 0.16278576
241 93.48 0.20040330
253 96.88 0.08507710
265 94.67 0.16177138
277 98.36 0.05134040
289 94.54 0.18981064
301 98.44 0.05175262
313 97.14 0.07514482
325 96.30 0.12274834
337 99.56 0.01935405
349 99.73 0.01306234
361 98.83 0.03518064
373 98.36 0.04984629
385 98.52 0.04009117
397 99.27 0.02208427
409 99.23 0.02448054
421 93.91 0.40421501
433 99.97 0.00230771
445 99.21 0.02021724
457 99.90 0.00448879
469 99.97 0.00329825
481 98.05 0.07127310
493 99.98 0.00163737
505 100.00 0.00072583
517 100.00 0.00054968
529 100.00 0.00040576
541 100.00 0.00034757
553 100.00 0.00030879
565 100.00 0.00026581
577 100.00 0.00023868
589 100.00 0.00021737
601 100.00 0.00019980
613 100.00 0.00018594
625 100.00 0.00017332
637 100.00 0.00016335
649 100.00 0.00015165
661 100.00 0.00014362
673 100.00 0.00013712
685 100.00 0.00012952
697 100.00 0.00012288
709 100.00 0.00011730
721 100.00 0.00011129
733 100.00 0.00010761
745 100.00 0.00010378
757 100.00 0.00009901
769 100.00 0.00009505
781 100.00 0.00009237
793 100.00 0.00008845
805 100.00 0.00008536
817 100.00 0.00008258
829 100.00 0.00008048
841 100.00 0.00007783
853 100.00 0.00007502
865 100.00 0.00007310
877 100.00 0.00007113
889 100.00 0.00006868
901 100.00 0.00006688
913 100.00 0.00006519
925 100.00 0.00006355
937 100.00 0.00006171
949 100.00 0.00006045
961 100.00 0.00005880
973 100.00 0.00005773
985 100.00 0.00005609
997 100.00 0.00005494
1009 100.00 0.00005343
1021 100.00 0.00005218
1033 100.00 0.00005157
1045 100.00 0.00005011
1057 100.00 0.00004886
1069 100.00 0.00004793
1081 100.00 0.00004734
1093 100.00 0.00004633
1105 100.00 0.00004532
1117 100.00 0.00004433
1129 100.00 0.00004345
1141 100.00 0.00004295
1153 100.00 0.00004202
1165 100.00 0.00004139
1177 100.00 0.00004087
1189 100.00 0.00004021
1200 100.00 0.00003896
