10.00 2.29820991
11.40 2.29238206
19.40 2.28638726
31.20 2.27992505
37.00 2.27271205
50.00 2.26435590
60.60 2.25478238
64.20 2.24317247
65.20 2.22915047
65.80 2.21192181
68.00 2.19074649
66.80 2.16364324
67.80 2.12847233
67.00 2.08346093
64.60 2.02440816
64.80 1.94711351
68.00 1.84914401
71.40 1.72580168
73.60 1.59269944
72.80 1.42774916
74.60 1.27256787
77.00 1.14291590
70.20 1.09178300
74.80 0.94496456
74.40 0.91599342
78.20 0.80115439
75.60 0.79284160
80.00 0.68580519
79.40 0.71414749
71.80 0.80846305
84.40 0.57067443
81.20 0.55489469
85.40 0.53946247
82.80 0.54894807
85.80 0.46348396
85.80 0.48639116
87.20 0.43791559
88.40 0.39988606
83.40 0.46725135
89.80 0.34640750
90.60 0.33482236
87.40 0.36430299
90.00 0.34305011
83.80 0.42366366
94.60 0.25681102
94.20 0.26270935
93.20 0.26652616
94.80 0.23133267
95.60 0.21390091
96.60 0.19230404
91.20 0.26465397
94.80 0.18441513
96.60 0.18727472
88.20 0.31278331
97.20 0.14868181
97.20 0.14013508
98.80 0.12787339
96.40 0.15009391
98.00 0.12483992
99.00 0.11001840
97.80 0.12126247
99.20 0.09598958
99.00 0.09933561
99.20 0.08993535
99.60 0.07849323
99.20 0.08692092
99.60 0.07249353
100.00 0.07282368
99.80 0.06519984
99.80 0.06337073
100.00 0.05770514
100.00 0.05708003
100.00 0.05198755
100.00 0.05024954
100.00 0.04934628
100.00 0.04553393
100.00 0.04748035
100.00 0.04197710
100.00 0.04030447
100.00 0.03943622
100.00 0.03782144
100.00 0.03608230
100.00 0.03523672
100.00 0.03374015
100.00 0.03264062
100.00 0.03096417
100.00 0.03251656
100.00 0.02847327
100.00 0.02869665
100.00 0.02698336
100.00 0.02671798
100.00 0.02488250
100.00 0.02436188
100.00 0.02475185
100.00 0.02288613
100.00 0.02220587
100.00 0.02213754
100.00 0.02107546
100.00 0.02048696
100.00 0.02035694
100.00 0.01926305
100.00 0.01930311
100.00 0.01808402
100.00 0.01807673
100.00 0.01717597
100.00 0.01682306
100.00 0.01638708
100.00 0.01591088
100.00 0.01562419
100.00 0.01558569
100.00 0.01511860
100.00 0.01448557
100.00 0.01443362
100.00 0.01399383
100.00 0.01377244
100.00 0.01336372
100.00 0.01301074
100.00 0.01282003
100.00 0.01261642
100.00 0.01230020
100.00 0.01205139
100.00 0.01189770
100.00 0.01158325
100.00 0.01143105
100.00 0.01106121
100.00 0.01092098
100.00 0.01074204
100.00 0.01051785
100.00 0.01039251
100.00 0.01011538
100.00 0.00995594
100.00 0.00977893
100.00 0.00980171
100.00 0.00943509
100.00 0.00926915
100.00 0.00916997
100.00 0.00895138
100.00 0.00892263
100.00 0.00864842
100.00 0.00857335
100.00 0.00845661
100.00 0.00827937
100.00 0.00823558
100.00 0.00803094
100.00 0.00793050
100.00 0.00785574
100.00 0.00771473
100.00 0.00754575
100.00 0.00744209
100.00 0.00736056
100.00 0.00725797
100.00 0.00714930
100.00 0.00709204
100.00 0.00694221
100.00 0.00683450
100.00 0.00681812
100.00 0.00664102
100.00 0.00657074
100.00 0.00650150
100.00 0.00643896
100.00 0.00633894
100.00 0.00629240
100.00 0.00618001
100.00 0.00611552
100.00 0.00602751
100.00 0.00593403
100.00 0.00586714
100.00 0.00581129
100.00 0.00573709
100.00 0.00566385
100.00 0.00562025
100.00 0.00554520
100.00 0.00547813
100.00 0.00541243
100.00 0.00533669
100.00 0.00528765
100.00 0.00523306
100.00 0.00515787
100.00 0.00513150
100.00 0.00506497
100.00 0.00500446
100.00 0.00495485
100.00 0.00488775
100.00 0.00483275
100.00 0.00478916
100.00 0.00472661
100.00 0.00468488
100.00 0.00463337
100.00 0.00461164
100.00 0.00457891
100.00 0.00450358
100.00 0.00448583
100.00 0.00440862
100.00 0.00438646
100.00 0.00435462
100.00 0.00428771
100.00 0.00425734
100.00 0.00421575
100.00 0.00416327
100.00 0.00413550
100.00 0.00409545
100.00 0.00404672
100.00 0.00403071
100.00 0.00396203
100.00 0.00395427
100.00 0.00390745
100.00 0.00390856
100.00 0.00384938
100.00 0.00380440
100.00 0.00376938
100.00 0.00371752
100.00 0.00370459
100.00 0.00367064
100.00 0.00363827
100.00 0.00361086
100.00 0.00359348
100.00 0.00355323
100.00 0.00351810
100.00 0.00350319
100.00 0.00345960
100.00 0.00343268
100.00 0.00339988
100.00 0.00338984
100.00 0.00335263
100.00 0.00331132
100.00 0.00330390
100.00 0.00329273
100.00 0.00325678
100.00 0.00321309
100.00 0.00319106
100.00 0.00318047
100.00 0.00315365
100.00 0.00311793
100.00 0.00309509
100.00 0.00307774
100.00 0.00305428
100.00 0.00302874
100.00 0.00300516
100.00 0.00298859
100.00 0.00295955
100.00 0.00294894
100.00 0.00292119
100.00 0.00290392
100.00 0.00288004
100.00 0.00285917
100.00 0.00284772
100.00 0.00282774
100.00 0.00279646
100.00 0.00277284
100.00 0.00275052
100.00 0.00274195
100.00 0.00273150
100.00 0.00269740
100.00 0.00269000
100.00 0.00266283
100.00 0.00265247
100.00 0.00263498
100.00 0.00262842
100.00 0.00258880
100.00 0.00258853
100.00 0.00257790
100.00 0.00253979
100.00 0.00253056
100.00 0.00251772
100.00 0.00249283
100.00 0.00248504
100.00 0.00247150
100.00 0.00245280
100.00 0.00244509
100.00 0.00242081
100.00 0.00238576
100.00 0.00239195
100.00 0.00238443
100.00 0.00235783
100.00 0.00235761
100.00 0.00234025
100.00 0.00231593
100.00 0.00231251
100.00 0.00229283
100.00 0.00227204
100.00 0.00225915
100.00 0.00224402
100.00 0.00223327
100.00 0.00222967
100.00 0.00222572
100.00 0.00219960
100.00 0.00218474
100.00 0.00216615
100.00 0.00215582
100.00 0.00213634
100.00 0.00213605
100.00 0.00212702
100.00 0.00211607
100.00 0.00210593
100.00 0.00208349
100.00 0.00207504
100.00 0.00206956
100.00 0.00205687
100.00 0.00203616
100.00 0.00202311
100.00 0.00202270
100.00 0.00200803
100.00 0.00200545
100.00 0.00197378
100.00 0.00198180
100.00 0.00197206
100.00 0.00195717
100.00 0.00194297
100.00 0.00192611
100.00 0.00191858
100.00 0.00190787
100.00 0.00189999
100.00 0.00189986
100.00 0.00188560
100.00 0.00187167
100.00 0.00187798
100.00 0.00186080
100.00 0.00184516
100.00 0.00183615
100.00 0.00182848
100.00 0.00182340
100.00 0.00181492
100.00 0.00180602
100.00 0.00179272
100.00 0.00178551
100.00 0.00177002
100.00 0.00176168
100.00 0.00175959
100.00 0.00175170
100.00 0.00174384
100.00 0.00172888
100.00 0.00172261
100.00 0.00171111
100.00 0.00170667
100.00 0.00168924
100.00 0.00168954
100.00 0.00167117
100.00 0.00166920
100.00 0.00167445
100.00 0.00165561
100.00 0.00165171
100.00 0.00163451
100.00 0.00163531
100.00 0.00162672
100.00 0.00162056
100.00 0.00161144
100.00 0.00160537
100.00 0.00158976
100.00 0.00158744
100.00 0.00157817
100.00 0.00157077
100.00 0.00156475
100.00 0.00156285
100.00 0.00156104
100.00 0.00155328
100.00 0.00153856
100.00 0.00154050
100.00 0.00152555
100.00 0.00151452
100.00 0.00151687
100.00 0.00150651
100.00 0.00149918
100.00 0.00149399
100.00 0.00147632
100.00 0.00148403
100.00 0.00147352
100.00 0.00147126
100.00 0.00146466
100.00 0.00146424
100.00 0.00144979
100.00 0.00144075
100.00 0.00143634
100.00 0.00143159
100.00 0.00142066
100.00 0.00141678
100.00 0.00141113
100.00 0.00140755
100.00 0.00140571
100.00 0.00139860
100.00 0.00139585
100.00 0.00139008
100.00 0.00138164
100.00 0.00137115
100.00 0.00136900
100.00 0.00136244
100.00 0.00135732
100.00 0.00134888
100.00 0.00134225
100.00 0.00134477
100.00 0.00133292
100.00 0.00133213
100.00 0.00132500
100.00 0.00132234
100.00 0.00131579
100.00 0.00130906
100.00 0.00130830
100.00 0.00130136
100.00 0.00129770
100.00 0.00128992
100.00 0.00128826
100.00 0.00128431
100.00 0.00127012
100.00 0.00126587
100.00 0.00126562
100.00 0.00125881
100.00 0.00124756
100.00 0.00124800
100.00 0.00124701
100.00 0.00123765
100.00 0.00123136
100.00 0.00123313
100.00 0.00122647
100.00 0.00121565
100.00 0.00122000
100.00 0.00121539
100.00 0.00120719
100.00 0.00120879
100.00 0.00120257
100.00 0.00119111
100.00 0.00119487
100.00 0.00119202
100.00 0.00118446
100.00 0.00118312
100.00 0.00117134
100.00 0.00117463
100.00 0.00116571
100.00 0.00116142
100.00 0.00116069
100.00 0.00115336
100.00 0.00115001
100.00 0.00114614
100.00 0.00114508
100.00 0.00113650
100.00 0.00113656
100.00 0.00112743
100.00 0.00112922
100.00 0.00113063
100.00 0.00111979
100.00 0.00111583
100.00 0.00111284
100.00 0.00110686
100.00 0.00110179
100.00 0.00110260
100.00 0.00109250
100.00 0.00108631
100.00 0.00108296
100.00 0.00107913
100.00 0.00107712
100.00 0.00107762
100.00 0.00107654
100.00 0.00106663
100.00 0.00106683
100.00 0.00106551
100.00 0.00106132
100.00 0.00106219
100.00 0.00105651
100.00 0.00104710
100.00 0.00104849
100.00 0.00103973
100.00 0.00103858
100.00 0.00103064
100.00 0.00103195
100.00 0.00102861
100.00 0.00102720
100.00 0.00101852
100.00 0.00101742
100.00 0.00101603
100.00 0.00101138
100.00 0.00100892
100.00 0.00100048
100.00 0.00100290
100.00 0.00099763
100.00 0.00100130
100.00 0.00098914
100.00 0.00098796
100.00 0.00098836
100.00 0.00098336
100.00 0.00098198
100.00 0.00098159
100.00 0.00097696
100.00 0.00097136
100.00 0.00096963
100.00 0.00097037
100.00 0.00096290
100.00 0.00096601
100.00 0.00095783
100.00 0.00095529
100.00 0.00095204
100.00 0.00095010
100.00 0.00094600
100.00 0.00094342
100.00 0.00093815
100.00 0.00094019
100.00 0.00093712
100.00 0.00093289
100.00 0.00092316
100.00 0.00093057
100.00 0.00092412
100.00 0.00092216
100.00 0.00091765
100.00 0.00091611
100.00 0.00091376
100.00 0.00090250
100.00 0.00090552
100.00 0.00090724
100.00 0.00090087
100.00 0.00090140
100.00 0.00089388
100.00 0.00089095
100.00 0.00089033
100.00 0.00088870
100.00 0.00088296
100.00 0.00088670
100.00 0.00088471
100.00 0.00087977
100.00 0.00087454
100.00 0.00086998
100.00 0.00086699
100.00 0.00086946
100.00 0.00086509
100.00 0.00086258
100.00 0.00085991
100.00 0.00086019
100.00 0.00085702
100.00 0.00085413
100.00 0.00085330
100.00 0.00085062
100.00 0.00084947
100.00 0.00084484
100.00 0.00083863
100.00 0.00084319
100.00 0.00083678
100.00 0.00083740
100.00 0.00083765
100.00 0.00083022
100.00 0.00082768
100.00 0.00082412
100.00 0.00082654
100.00 0.00081556
100.00 0.00082005
100.00 0.00081690
100.00 0.00082088
100.00 0.00081257
100.00 0.00080646
100.00 0.00081062
100.00 0.00080793
100.00 0.00080344
100.00 0.00080301
100.00 0.00080439
100.00 0.00079670
100.00 0.00079766
100.00 0.00079320
100.00 0.00079697
100.00 0.00079110
100.00 0.00079085
100.00 0.00078663
100.00 0.00078083
100.00 0.00077985
100.00 0.00077851
100.00 0.00077237
100.00 0.00077121
100.00 0.00077451
100.00 0.00077124
100.00 0.00076897
100.00 0.00076614
100.00 0.00076297
100.00 0.00076700
100.00 0.00076292
100.00 0.00076129
100.00 0.00075256
100.00 0.00075112
100.00 0.00075275
100.00 0.00075139
100.00 0.00075359
100.00 0.00075074
100.00 0.00074718
100.00 0.00074553
100.00 0.00074127
100.00 0.00074350
100.00 0.00074015
100.00 0.00073931
100.00 0.00073149
100.00 0.00073673
100.00 0.00073178
100.00 0.00072961
100.00 0.00072814
100.00 0.00072458
100.00 0.00072534
100.00 0.00072117
100.00 0.00072185
100.00 0.00071927
100.00 0.00071579
100.00 0.00071535
100.00 0.00071461
100.00 0.00071548
100.00 0.00070743
100.00 0.00070342
100.00 0.00070435
100.00 0.00070570
100.00 0.00070330
100.00 0.00069860
100.00 0.00069849
100.00 0.00070324
100.00 0.00069772
100.00 0.00069885
100.00 0.00069455
100.00 0.00069364
100.00 0.00068999
100.00 0.00068986
100.00 0.00068973
100.00 0.00068699
100.00 0.00068156
100.00 0.00068579
100.00 0.00068312
100.00 0.00067728
100.00 0.00067540
100.00 0.00067246
100.00 0.00067387
100.00 0.00067484
100.00 0.00067309
100.00 0.00067330
100.00 0.00067233
100.00 0.00066651
100.00 0.00066551
100.00 0.00066332
100.00 0.00066216
100.00 0.00066170
100.00 0.00065789
100.00 0.00065900
100.00 0.00065837
100.00 0.00065618
100.00 0.00065044
100.00 0.00065363
100.00 0.00064989
100.00 0.00064902
100.00 0.00064507
100.00 0.00064801
100.00 0.00064486
100.00 0.00064598
100.00 0.00063991
100.00 0.00064304
100.00 0.00063546
100.00 0.00063716
100.00 0.00063470
100.00 0.00063416
100.00 0.00063603
100.00 0.00063042
100.00 0.00063097
100.00 0.00062968
100.00 0.00062858
100.00 0.00062551
100.00 0.00062108
100.00 0.00062854
100.00 0.00062509
100.00 0.00062446
100.00 0.00061940
100.00 0.00061802
100.00 0.00061571
100.00 0.00061576
100.00 0.00061435
100.00 0.00061320
100.00 0.00061278
100.00 0.00061108
100.00 0.00060911
100.00 0.00060798
100.00 0.00060857
100.00 0.00060398
100.00 0.00060628
100.00 0.00060519
100.00 0.00060059
100.00 0.00060036
100.00 0.00060104
100.00 0.00059760
100.00 0.00059541
100.00 0.00059374
100.00 0.00059798
100.00 0.00059258
100.00 0.00059123
100.00 0.00059035
100.00 0.00059229
100.00 0.00058711
100.00 0.00058491
100.00 0.00058459
100.00 0.00058084
100.00 0.00058367
100.00 0.00058051
100.00 0.00057825
100.00 0.00058184
100.00 0.00057861
100.00 0.00057756
100.00 0.00057666
100.00 0.00057465
100.00 0.00057521
100.00 0.00057180
100.00 0.00057111
100.00 0.00056943
100.00 0.00056818
100.00 0.00056917
100.00 0.00056640
100.00 0.00056663
100.00 0.00056425
100.00 0.00056340
100.00 0.00056437
100.00 0.00056217
100.00 0.00056089
100.00 0.00055715
100.00 0.00056005
100.00 0.00055792
100.00 0.00055663
100.00 0.00055556
100.00 0.00055259
100.00 0.00055469
100.00 0.00055113
100.00 0.00054876
100.00 0.00055131
100.00 0.00054885
100.00 0.00054763
100.00 0.00054634
100.00 0.00054598
100.00 0.00054397
100.00 0.00054172
100.00 0.00054181
100.00 0.00054386
100.00 0.00054012
100.00 0.00054086
100.00 0.00053894
100.00 0.00053570
100.00 0.00053690
100.00 0.00053544
100.00 0.00053313
100.00 0.00053054
100.00 0.00053377
100.00 0.00053105
100.00 0.00052833
100.00 0.00052751
100.00 0.00052638
100.00 0.00052684
100.00 0.00052566
100.00 0.00052657
100.00 0.00052469
100.00 0.00052207
100.00 0.00051848
100.00 0.00051919
100.00 0.00051926
100.00 0.00051627
100.00 0.00051826
100.00 0.00051815
100.00 0.00051589
100.00 0.00051565
100.00 0.00051298
100.00 0.00051181
100.00 0.00051049
100.00 0.00051196
100.00 0.00050969
100.00 0.00050871
100.00 0.00050662
100.00 0.00050937
100.00 0.00050811
100.00 0.00050344
100.00 0.00050323
100.00 0.00050426
100.00 0.00050290
100.00 0.00050178
100.00 0.00050205
100.00 0.00050028
100.00 0.00049849
100.00 0.00049740
100.00 0.00049857
100.00 0.00049490
100.00 0.00049520
100.00 0.00049530
100.00 0.00049276
100.00 0.00049371
100.00 0.00049060
100.00 0.00048911
100.00 0.00049001
100.00 0.00048928
100.00 0.00048893
100.00 0.00048771
100.00 0.00048490
100.00 0.00048480
100.00 0.00048469
100.00 0.00048740
100.00 0.00048296
100.00 0.00048107
100.00 0.00048254
100.00 0.00048079
100.00 0.00048111
100.00 0.00048171
100.00 0.00047732
100.00 0.00047687
100.00 0.00047609
100.00 0.00047488
100.00 0.00047440
100.00 0.00047492
100.00 0.00047152
100.00 0.00047245
100.00 0.00047094
100.00 0.00046938
100.00 0.00046822
100.00 0.00046776
100.00 0.00046802
100.00 0.00046656
100.00 0.00046663
100.00 0.00046557
100.00 0.00046543
100.00 0.00046377
100.00 0.00046527
100.00 0.00046446
100.00 0.00046075
100.00 0.00046121
100.00 0.00045825
100.00 0.00045926
100.00 0.00045677
100.00 0.00045970
100.00 0.00045793
100.00 0.00045657
100.00 0.00045614
100.00 0.00045454
100.00 0.00045305
100.00 0.00045191
100.00 0.00045289
100.00 0.00045301
100.00 0.00045223
100.00 0.00044907
100.00 0.00045123
100.00 0.00044801
100.00 0.00044873
100.00 0.00044741
100.00 0.00044450
100.00 0.00044620
100.00 0.00044557
100.00 0.00044514
100.00 0.00044438
100.00 0.00044207
100.00 0.00044135
100.00 0.00043998
100.00 0.00044068
100.00 0.00043830
100.00 0.00044037
100.00 0.00043663
100.00 0.00043830
100.00 0.00043850
100.00 0.00043760
100.00 0.00043401
100.00 0.00043327
100.00 0.00043380
100.00 0.00043243
100.00 0.00043396
100.00 0.00042951
100.00 0.00043268
100.00 0.00043088
100.00 0.00043113
100.00 0.00042987
100.00 0.00042997
100.00 0.00042847
100.00 0.00042863
100.00 0.00042738
100.00 0.00042753
100.00 0.00042622
100.00 0.00042458
100.00 0.00042365
100.00 0.00042223
100.00 0.00042216
100.00 0.00042162
100.00 0.00042144
100.00 0.00041866
100.00 0.00041946
100.00 0.00041750
100.00 0.00041713
100.00 0.00041844
100.00 0.00041656
100.00 0.00041692
100.00 0.00041585
100.00 0.00041579
100.00 0.00041397
100.00 0.00041632
100.00 0.00041317
100.00 0.00041327
100.00 0.00041115
100.00 0.00041020
100.00 0.00040990
100.00 0.00041181
100.00 0.00040830
100.00 0.00041050
100.00 0.00040706
100.00 0.00040937
100.00 0.00040893
100.00 0.00040622
100.00 0.00040481
100.00 0.00040586
100.00 0.00040478
100.00 0.00040390
100.00 0.00040394
100.00 0.00040154
100.00 0.00040391
100.00 0.00040029
100.00 0.00040024
100.00 0.00039905
100.00 0.00039852
100.00 0.00039781
100.00 0.00039670
100.00 0.00039837
100.00 0.00039624
100.00 0.00039560
100.00 0.00039807
100.00 0.00039485
100.00 0.00039416
100.00 0.00039626
100.00 0.00039399
100.00 0.00039281
100.00 0.00039211
100.00 0.00039115
100.00 0.00039030
100.00 0.00039043
100.00 0.00039025
100.00 0.00038856
100.00 0.00038808
100.00 0.00038744
100.00 0.00038695
100.00 0.00038654
100.00 0.00038762
100.00 0.00038486
100.00 0.00038675
100.00 0.00038318
100.00 0.00038506
100.00 0.00038406
100.00 0.00038148
100.00 0.00038396
100.00 0.00038293
100.00 0.00038253
100.00 0.00038135
100.00 0.00038094
100.00 0.00038075
100.00 0.00037810
100.00 0.00037886
100.00 0.00037946
100.00 0.00037850
100.00 0.00037791
100.00 0.00037597
100.00 0.00037722
100.00 0.00037613
100.00 0.00037449
100.00 0.00037467
100.00 0.00037402
100.00 0.00037264
100.00 0.00037272
100.00 0.00037238
100.00 0.00037261
100.00 0.00037078
100.00 0.00037037
100.00 0.00037003
100.00 0.00037047
100.00 0.00036934
100.00 0.00036837
100.00 0.00036846
100.00 0.00036588
100.00 0.00036484
100.00 0.00036741
100.00 0.00036692
100.00 0.00036451
100.00 0.00036661
100.00 0.00036659
100.00 0.00036448
100.00 0.00036462
100.00 0.00036304
100.00 0.00036310
100.00 0.00036111
100.00 0.00036173
100.00 0.00036065
100.00 0.00036059
100.00 0.00036037
100.00 0.00035898
100.00 0.00036174
100.00 0.00035893
100.00 0.00035662
100.00 0.00035671
100.00 0.00035825
100.00 0.00035675
100.00 0.00035623
100.00 0.00035532
100.00 0.00035492
100.00 0.00035579
100.00 0.00035693
100.00 0.00035369
100.00 0.00035258
100.00 0.00035124
100.00 0.00035289
100.00 0.00035138
100.00 0.00034928
100.00 0.00035027
100.00 0.00035043
100.00 0.00034973
100.00 0.00035126
100.00 0.00035002
100.00 0.00035025
100.00 0.00034844
100.00 0.00034761
100.00 0.00034792
100.00 0.00034706
100.00 0.00034694
100.00 0.00034574
100.00 0.00034674
100.00 0.00034368
100.00 0.00034375
100.00 0.00034348
100.00 0.00034112
100.00 0.00034376
100.00 0.00034230
100.00 0.00034138
100.00 0.00033929
100.00 0.00034036
100.00 0.00034044
100.00 0.00033997
100.00 0.00033955
100.00 0.00033872
100.00 0.00033796
100.00 0.00033956
100.00 0.00033611
100.00 0.00033782
100.00 0.00033708
100.00 0.00033674
100.00 0.00033655
100.00 0.00033447
100.00 0.00033523
100.00 0.00033529
100.00 0.00033283
100.00 0.00033441
100.00 0.00033310
100.00 0.00033228
100.00 0.00033258
100.00 0.00033290
100.00 0.00033159
100.00 0.00033143
100.00 0.00032945
100.00 0.00033034
100.00 0.00032894
100.00 0.00033069
100.00 0.00032869
100.00 0.00032851
100.00 0.00032708
100.00 0.00032687
100.00 0.00032600
100.00 0.00032781
100.00 0.00032612
100.00 0.00032580
100.00 0.00032668
100.00 0.00032514
100.00 0.00032603
100.00 0.00032469
100.00 0.00032308
100.00 0.00032329
100.00 0.00032349
100.00 0.00032291
100.00 0.00032208
100.00 0.00032108
100.00 0.00032273
100.00 0.00032019
100.00 0.00032116
100.00 0.00031982
100.00 0.00032018
100.00 0.00032035
100.00 0.00031993
100.00 0.00031777
100.00 0.00031908
100.00 0.00031804
100.00 0.00031655
100.00 0.00031778
100.00 0.00031625
100.00 0.00031545
100.00 0.00031395
100.00 0.00031415
100.00 0.00031432
100.00 0.00031616
100.00 0.00031415
100.00 0.00031281
100.00 0.00031389
100.00 0.00031310
100.00 0.00031298
100.00 0.00031206
100.00 0.00031197
100.00 0.00031090
100.00 0.00031068
100.00 0.00031182
100.00 0.00031002
100.00 0.00030935
100.00 0.00030973
100.00 0.00030821
100.00 0.00030893
100.00 0.00030911
100.00 0.00030819
100.00 0.00031047
100.00 0.00030655
100.00 0.00030877
100.00 0.00030713
100.00 0.00030614
100.00 0.00030646
100.00 0.00030626
100.00 0.00030467
100.00 0.00030614
100.00 0.00030292
100.00 0.00030487
100.00 0.00030373
100.00 0.00030278
100.00 0.00030322
100.00 0.00030191
100.00 0.00030101
100.00 0.00030193
100.00 0.00030171
100.00 0.00030124
100.00 0.00030163
100.00 0.00029932
100.00 0.00030080
100.00 0.00030038
100.00 0.00030107
100.00 0.00029999
100.00 0.00029812
100.00 0.00029729
100.00 0.00029738
100.00 0.00029729
100.00 0.00029770
100.00 0.00029663
100.00 0.00029581
100.00 0.00029604
100.00 0.00029622
100.00 0.00029526
100.00 0.00029418
100.00 0.00029507
100.00 0.00029406
100.00 0.00029372
100.00 0.00029303
100.00 0.00029245
100.00 0.00029384
100.00 0.00029148
100.00 0.00029220
100.00 0.00029199
100.00 0.00029326
100.00 0.00029141
100.00 0.00029081
100.00 0.00029032
100.00 0.00028845
100.00 0.00028890
100.00 0.00028968
100.00 0.00029050
100.00 0.00028933
100.00 0.00028859
100.00 0.00028707
100.00 0.00028821
100.00 0.00028824
100.00 0.00028707
100.00 0.00028780
100.00 0.00028693
100.00 0.00028704
100.00 0.00028676
100.00 0.00028495
100.00 0.00028520
100.00 0.00028479
100.00 0.00028488
100.00 0.00028484
100.00 0.00028394
100.00 0.00028371
100.00 0.00028213
100.00 0.00028297
100.00 0.00028332
100.00 0.00028330
100.00 0.00028216
100.00 0.00028408
100.00 0.00028185
100.00 0.00028245
100.00 0.00028048
100.00 0.00027976
100.00 0.00027961
100.00 0.00028098
100.00 0.00028089
100.00 0.00027885
100.00 0.00027866
100.00 0.00027831
100.00 0.00027801
100.00 0.00027743
100.00 0.00027736
100.00 0.00027742
100.00 0.00027851
100.00 0.00027726
100.00 0.00027692
100.00 0.00027623
100.00 0.00027558
100.00 0.00027573
100.00 0.00027573
100.00 0.00027467
100.00 0.00027489
100.00 0.00027528
100.00 0.00027371
100.00 0.00027408
100.00 0.00027422
100.00 0.00027249
100.00 0.00027168
100.00 0.00027183
100.00 0.00027257
100.00 0.00027176
100.00 0.00027069
100.00 0.00027129
100.00 0.00027120
100.00 0.00027042
100.00 0.00027109
100.00 0.00027000
100.00 0.00027032
100.00 0.00026896
100.00 0.00026977
100.00 0.00026961
100.00 0.00026797
100.00 0.00026772
100.00 0.00026893
100.00 0.00026746
100.00 0.00026804
100.00 0.00026566
100.00 0.00026601
100.00 0.00026701
100.00 0.00026602
100.00 0.00026601
100.00 0.00026602
100.00 0.00026486
100.00 0.00026415
100.00 0.00026369
100.00 0.00026436
100.00 0.00026496
100.00 0.00026363
100.00 0.00026385
100.00 0.00026347
100.00 0.00026413
100.00 0.00026372
100.00 0.00026135
100.00 0.00026248
100.00 0.00026190
100.00 0.00026295
100.00 0.00026325
100.00 0.00026077
100.00 0.00026239
100.00 0.00026154
100.00 0.00025967
100.00 0.00026112
100.00 0.00026048
100.00 0.00025995
100.00 0.00025882
100.00 0.00025845
100.00 0.00025845
100.00 0.00025796
100.00 0.00025749
100.00 0.00025860
100.00 0.00025775
100.00 0.00025642
100.00 0.00025656
100.00 0.00025638
100.00 0.00025631
100.00 0.00025673
100.00 0.00025709
100.00 0.00025578
100.00 0.00025593
100.00 0.00025408
100.00 0.00025409
100.00 0.00025408
100.00 0.00025430
100.00 0.00025421
100.00 0.00025420
100.00 0.00025332
100.00 0.00025231
100.00 0.00025299
100.00 0.00025370
100.00 0.00025195
100.00 0.00025264
100.00 0.00025248
100.00 0.00025111
100.00 0.00025213
100.00 0.00025129
100.00 0.00025304
100.00 0.00025081
100.00 0.00025077
100.00 0.00025065
100.00 0.00025084
100.00 0.00024912
100.00 0.00025039
100.00 0.00024925
100.00 0.00024973
100.00 0.00024916
100.00 0.00025024
100.00 0.00024880
100.00 0.00024812
100.00 0.00024692
100.00 0.00024739
100.00 0.00024614
100.00 0.00024695
100.00 0.00024681
100.00 0.00024548
100.00 0.00024513
100.00 0.00024537
100.00 0.00024580
100.00 0.00024528
100.00 0.00024462
100.00 0.00024442
100.00 0.00024404
100.00 0.00024378
100.00 0.00024378
100.00 0.00024364
100.00 0.00024281
100.00 0.00024400
100.00 0.00024166
100.00 0.00024282
100.00 0.00024254
100.00 0.00024237
100.00 0.00024175
100.00 0.00024166
100.00 0.00024286
100.00 0.00024217
100.00 0.00024041
100.00 0.00023925
100.00 0.00024123
100.00 0.00023954
100.00 0.00023974
100.00 0.00023881
100.00 0.00024038
100.00 0.00023920
100.00 0.00023911
100.00 0.00023882
100.00 0.00023902
100.00 0.00023938
100.00 0.00023899
100.00 0.00023724
100.00 0.00023807
100.00 0.00023742
100.00 0.00023594
100.00 0.00023684
100.00 0.00023627
100.00 0.00023788
100.00 0.00023524
100.00 0.00023564
100.00 0.00023723
100.00 0.00023475
100.00 0.00023530
100.00 0.00023444
100.00 0.00023444
100.00 0.00023512
100.00 0.00023447
100.00 0.00023401
100.00 0.00023430
100.00 0.00023324
100.00 0.00023422
100.00 0.00023342
100.00 0.00023238
100.00 0.00023269
100.00 0.00023215
100.00 0.00023322
100.00 0.00023108
100.00 0.00023332
100.00 0.00023140
100.00 0.00023150
100.00 0.00023186
100.00 0.00023086
100.00 0.00023005
100.00 0.00023162
100.00 0.00023107
100.00 0.00022932
100.00 0.00023010
100.00 0.00022942
100.00 0.00022838
100.00 0.00022967
100.00 0.00022934
100.00 0.00022933
100.00 0.00022837
100.00 0.00022920
100.00 0.00022736
100.00 0.00022713
100.00 0.00022720
100.00 0.00022659
100.00 0.00022749
100.00 0.00022630
100.00 0.00022648
100.00 0.00022582
100.00 0.00022674
100.00 0.00022551
100.00 0.00022742
100.00 0.00022589
100.00 0.00022596
100.00 0.00022578
100.00 0.00022532
100.00 0.00022529
100.00 0.00022524
100.00 0.00022491
100.00 0.00022483
100.00 0.00022361
100.00 0.00022370
100.00 0.00022387
100.00 0.00022373
100.00 0.00022342
100.00 0.00022398
100.00 0.00022347
100.00 0.00022228
100.00 0.00022243
100.00 0.00022285
100.00 0.00022171
100.00 0.00022192
100.00 0.00022115
100.00 0.00022129
100.00 0.00022124
100.00 0.00022122
100.00 0.00022069
100.00 0.00022107
100.00 0.00022059
100.00 0.00022044
100.00 0.00021956
100.00 0.00022056
100.00 0.00021820
100.00 0.00021911
100.00 0.00021927
100.00 0.00021834
100.00 0.00021863
100.00 0.00021878
100.00 0.00021799
100.00 0.00021853
100.00 0.00021952
100.00 0.00021760
100.00 0.00021831
100.00 0.00021727
100.00 0.00021695
100.00 0.00021769
100.00 0.00021793
100.00 0.00021721
100.00 0.00021657
100.00 0.00021679
100.00 0.00021595
100.00 0.00021576
100.00 0.00021555
100.00 0.00021564
100.00 0.00021461
100.00 0.00021560
100.00 0.00021460
100.00 0.00021467
100.00 0.00021401
100.00 0.00021449
100.00 0.00021384
100.00 0.00021371
100.00 0.00021502
100.00 0.00021351
100.00 0.00021265
100.00 0.00021365
100.00 0.00021288
100.00 0.00021299
100.00 0.00021269
100.00 0.00021212
100.00 0.00021142
100.00 0.00021120
100.00 0.00021206
100.00 0.00021019
100.00 0.00021103
100.00 0.00021186
100.00 0.00021243
100.00 0.00021002
100.00 0.00021093
100.00 0.00021021
100.00 0.00020965
100.00 0.00020919
100.00 0.00021112
100.00 0.00020999
100.00 0.00020895
100.00 0.00020845
100.00 0.00020798
100.00 0.00020853
100.00 0.00020984
100.00 0.00020872
100.00 0.00020707
100.00 0.00020761
100.00 0.00020690
100.00 0.00020754
100.00 0.00020764
100.00 0.00020627
100.00 0.00020728
100.00 0.00020614
100.00 0.00020698
100.00 0.00020651
100.00 0.00020690
100.00 0.00020588
100.00 0.00020583
100.00 0.00020507
100.00 0.00020518
100.00 0.00020550
100.00 0.00020481
100.00 0.00020509
100.00 0.00020417
100.00 0.00020449
100.00 0.00020370
100.00 0.00020429
100.00 0.00020412
100.00 0.00020541
100.00 0.00020299
100.00 0.00020351
100.00 0.00020368
100.00 0.00020341
100.00 0.00020289
100.00 0.00020334
100.00 0.00020264
100.00 0.00020199
100.00 0.00020252
100.00 0.00020211
100.00 0.00020247
100.00 0.00020058
100.00 0.00020120
100.00 0.00020051
100.00 0.00020101
100.00 0.00020050
100.00 0.00020176
100.00 0.00020025
100.00 0.00020048
100.00 0.00020018
100.00 0.00020071
100.00 0.00019869
100.00 0.00019935
100.00 0.00020023
100.00 0.00020025
100.00 0.00019893
100.00 0.00019963
100.00 0.00019972
100.00 0.00020031
100.00 0.00019940
100.00 0.00019794
100.00 0.00019871
100.00 0.00019757
100.00 0.00019861
100.00 0.00019771
100.00 0.00019743
100.00 0.00019704
100.00 0.00019735
100.00 0.00019676
100.00 0.00019781
100.00 0.00019646
100.00 0.00019740
100.00 0.00019688
100.00 0.00019568
100.00 0.00019528
100.00 0.00019599
100.00 0.00019594
100.00 0.00019568
100.00 0.00019594
100.00 0.00019585
100.00 0.00019522
100.00 0.00019550
100.00 0.00019490
100.00 0.00019472
100.00 0.00019459
100.00 0.00019440
100.00 0.00019378
100.00 0.00019399
100.00 0.00019306
100.00 0.00019484
100.00 0.00019460
100.00 0.00019366
100.00 0.00019287
100.00 0.00019191
100.00 0.00019338
100.00 0.00019369
100.00 0.00019312
100.00 0.00019258
100.00 0.00019309
100.00 0.00019150
100.00 0.00019151
100.00 0.00019222
100.00 0.00019146
100.00 0.00019177
100.00 0.00019085
100.00 0.00019172
100.00 0.00019012
100.00 0.00019142
100.00 0.00019123
100.00 0.00019099
100.00 0.00018960
100.00 0.00019026
100.00 0.00019000
100.00 0.00019004
100.00 0.00018969
100.00 0.00018904
100.00 0.00018884
100.00 0.00018868
100.00 0.00018975
100.00 0.00018956
100.00 0.00018828
100.00 0.00018876
100.00 0.00018914
100.00 0.00018774
100.00 0.00018811
100.00 0.00018802
100.00 0.00018795
100.00 0.00018776
100.00 0.00018790
100.00 0.00018723
100.00 0.00018691
100.00 0.00018693
100.00 0.00018709
100.00 0.00018672
100.00 0.00018660
100.00 0.00018680
100.00 0.00018734
100.00 0.00018599
100.00 0.00018673
100.00 0.00018607
100.00 0.00018697
100.00 0.00018644
100.00 0.00018587
100.00 0.00018487
100.00 0.00018544
100.00 0.00018517
100.00 0.00018555
100.00 0.00018488
100.00 0.00018348
100.00 0.00018445
100.00 0.00018515
100.00 0.00018453
100.00 0.00018327
100.00 0.00018331
100.00 0.00018428
100.00 0.00018418
100.00 0.00018334
100.00 0.00018371
100.00 0.00018248
100.00 0.00018274
100.00 0.00018282
100.00 0.00018220
100.00 0.00018307
100.00 0.00018161
100.00 0.00018293
100.00 0.00018306
100.00 0.00018294
100.00 0.00018173
100.00 0.00018225
100.00 0.00018272
100.00 0.00018223
100.00 0.00018124
100.00 0.00018030
100.00 0.00018112
100.00 0.00018094
100.00 0.00018035
100.00 0.00018049
100.00 0.00018072
100.00 0.00018025
100.00 0.00018013
100.00 0.00017953
100.00 0.00018091
100.00 0.00017979
100.00 0.00017938
100.00 0.00018022
100.00 0.00017931
100.00 0.00018001
100.00 0.00017897
100.00 0.00017873
100.00 0.00017878
100.00 0.00017944
100.00 0.00017771
100.00 0.00017763
100.00 0.00017813
100.00 0.00017774
100.00 0.00017793
100.00 0.00017862
100.00 0.00017802
100.00 0.00017728
100.00 0.00017771
100.00 0.00017781
100.00 0.00017686
100.00 0.00017674
100.00 0.00017702
100.00 0.00017637
100.00 0.00017695
100.00 0.00017568
100.00 0.00017582
100.00 0.00017721
100.00 0.00017563
100.00 0.00017615
100.00 0.00017617
100.00 0.00017610
100.00 0.00017534
100.00 0.00017561
100.00 0.00017488
100.00 0.00017547
100.00 0.00017546
100.00 0.00017451
100.00 0.00017412
100.00 0.00017434
100.00 0.00017502
100.00 0.00017486
100.00 0.00017356
100.00 0.00017408
100.00 0.00017391
100.00 0.00017420
100.00 0.00017279
100.00 0.00017320
100.00 0.00017307
100.00 0.00017324
100.00 0.00017280
100.00 0.00017267
100.00 0.00017336
100.00 0.00017244
100.00 0.00017318
100.00 0.00017136
100.00 0.00017289
100.00 0.00017233
100.00 0.00017271
100.00 0.00017195
100.00 0.00017212
100.00 0.00017214
100.00 0.00017067
100.00 0.00017107
100.00 0.00017127
100.00 0.00017108
100.00 0.00017033
100.00 0.00017088
100.00 0.00017055
100.00 0.00017085
100.00 0.00017042
100.00 0.00017044
100.00 0.00017041
100.00 0.00017057
100.00 0.00016975
100.00 0.00016952
100.00 0.00017016
100.00 0.00016961
100.00 0.00016937
100.00 0.00016858
100.00 0.00016902
100.00 0.00016913
100.00 0.00016882
100.00 0.00016875
100.00 0.00016857
100.00 0.00016783
100.00 0.00016844
100.00 0.00016787
100.00 0.00016795
100.00 0.00016840
100.00 0.00016731
100.00 0.00016721
100.00 0.00016813
100.00 0.00016749
100.00 0.00016789
100.00 0.00016730
100.00 0.00016697
100.00 0.00016736
100.00 0.00016584
100.00 0.00016687
100.00 0.00016826
100.00 0.00016704
100.00 0.00016677
100.00 0.00016529
100.00 0.00016580
100.00 0.00016628
100.00 0.00016610
100.00 0.00016580
100.00 0.00016604
100.00 0.00016538
100.00 0.00016557
100.00 0.00016511
100.00 0.00016557
100.00 0.00016537
100.00 0.00016461
100.00 0.00016546
100.00 0.00016541
100.00 0.00016470
100.00 0.00016502
100.00 0.00016422
100.00 0.00016380
100.00 0.00016450
100.00 0.00016467
100.00 0.00016358
100.00 0.00016363
100.00 0.00016349
100.00 0.00016360
100.00 0.00016361
100.00 0.00016336
100.00 0.00016278
100.00 0.00016232
100.00 0.00016277
100.00 0.00016352
100.00 0.00016290
100.00 0.00016170
100.00 0.00016202
100.00 0.00016298
100.00 0.00016263
100.00 0.00016156
100.00 0.00016253
100.00 0.00016229
100.00 0.00016239
100.00 0.00016227
100.00 0.00016134
100.00 0.00016188
100.00 0.00016105
100.00 0.00016165
100.00 0.00016136
100.00 0.00016053
100.00 0.00016107
100.00 0.00016065
100.00 0.00016102
100.00 0.00016078
100.00 0.00016103
100.00 0.00016075
100.00 0.00015962
100.00 0.00016058
100.00 0.00015945
100.00 0.00016024
100.00 0.00015923
100.00 0.00015949
100.00 0.00015944
100.00 0.00015972
100.00 0.00015946
100.00 0.00015873
100.00 0.00015975
100.00 0.00015841
100.00 0.00015983
100.00 0.00015800
100.00 0.00015828
100.00 0.00015822
100.00 0.00015882
100.00 0.00015745
100.00 0.00015844
100.00 0.00015717
100.00 0.00015766
100.00 0.00015728
100.00 0.00015704
100.00 0.00015697
100.00 0.00015686
100.00 0.00015715
100.00 0.00015694
100.00 0.00015742
100.00 0.00015693
100.00 0.00015676
100.00 0.00015658
100.00 0.00015676
100.00 0.00015792
100.00 0.00015686
100.00 0.00015612
100.00 0.00015637
100.00 0.00015601
100.00 0.00015609
100.00 0.00015581
100.00 0.00015626
100.00 0.00015607
100.00 0.00015597
100.00 0.00015658
100.00 0.00015491
100.00 0.00015537
100.00 0.00015543
100.00 0.00015567
100.00 0.00015602
100.00 0.00015505
100.00 0.00015495
100.00 0.00015425
100.00 0.00015455
100.00 0.00015386
100.00 0.00015428
100.00 0.00015463
100.00 0.00015411
100.00 0.00015349
100.00 0.00015377
100.00 0.00015381
100.00 0.00015291
100.00 0.00015420
100.00 0.00015296
100.00 0.00015373
100.00 0.00015335
100.00 0.00015340
100.00 0.00015270
100.00 0.00015308
100.00 0.00015304
100.00 0.00015324
100.00 0.00015241
100.00 0.00015274
100.00 0.00015217
100.00 0.00015267
100.00 0.00015254
100.00 0.00015195
100.00 0.00015166
100.00 0.00015129
100.00 0.00015209
100.00 0.00015201
100.00 0.00015081
100.00 0.00015118
100.00 0.00015141
100.00 0.00015128
100.00 0.00015117
100.00 0.00015108
100.00 0.00015203
100.00 0.00015063
100.00 0.00015058
100.00 0.00015113
100.00 0.00015101
100.00 0.00015021
100.00 0.00015065
100.00 0.00015022
100.00 0.00014973
100.00 0.00014992
100.00 0.00014977
100.00 0.00014955
100.00 0.00014978
100.00 0.00014895
100.00 0.00015048
100.00 0.00014928
100.00 0.00014889
100.00 0.00014904
100.00 0.00014832
100.00 0.00014943
100.00 0.00014953
100.00 0.00014945
100.00 0.00014899
100.00 0.00014869
100.00 0.00014851
100.00 0.00014817
100.00 0.00014819
100.00 0.00014817
100.00 0.00014875
100.00 0.00014844
100.00 0.00014769
100.00 0.00014765
100.00 0.00014750
100.00 0.00014790
100.00 0.00014770
100.00 0.00014784
100.00 0.00014741
100.00 0.00014712
100.00 0.00014694
100.00 0.00014724
100.00 0.00014677
100.00 0.00014687
100.00 0.00014696
100.00 0.00014690
100.00 0.00014567
100.00 0.00014682
100.00 0.00014607
100.00 0.00014557
100.00 0.00014572
100.00 0.00014498
100.00 0.00014668
100.00 0.00014621
100.00 0.00014650
100.00 0.00014555
100.00 0.00014594
100.00 0.00014484
100.00 0.00014514
100.00 0.00014446
100.00 0.00014539
100.00 0.00014508
100.00 0.00014498
100.00 0.00014493
100.00 0.00014530
100.00 0.00014433
100.00 0.00014487
100.00 0.00014489
100.00 0.00014453
100.00 0.00014425
100.00 0.00014465
100.00 0.00014385
100.00 0.00014379
100.00 0.00014451
100.00 0.00014418
100.00 0.00014378
100.00 0.00014343
100.00 0.00014340
100.00 0.00014367
100.00 0.00014290
100.00 0.00014382
100.00 0.00014336
100.00 0.00014302
100.00 0.00014247
100.00 0.00014325
100.00 0.00014320
100.00 0.00014320
100.00 0.00014213
100.00 0.00014221
100.00 0.00014254
100.00 0.00014248
100.00 0.00014259
100.00 0.00014258
100.00 0.00014246
100.00 0.00014187
100.00 0.00014106
100.00 0.00014194
100.00 0.00014215
100.00 0.00014152
100.00 0.00014045
100.00 0.00014139
100.00 0.00014149
100.00 0.00014174
100.00 0.00014141
100.00 0.00013988
100.00 0.00014019
100.00 0.00014091
100.00 0.00014016
100.00 0.00014029
100.00 0.00014070
100.00 0.00014000
100.00 0.00014061
100.00 0.00014016
100.00 0.00014023
100.00 0.00013980
100.00 0.00014030
100.00 0.00013960
100.00 0.00013973
100.00 0.00014008
100.00 0.00014051
100.00 0.00013915
100.00 0.00013910
100.00 0.00013947
100.00 0.00013921
100.00 0.00013909
100.00 0.00013943
100.00 0.00013918
100.00 0.00013822
100.00 0.00013906
100.00 0.00013860
100.00 0.00013846
100.00 0.00013827
100.00 0.00013886
100.00 0.00013841
100.00 0.00013764
100.00 0.00013822
100.00 0.00013796
100.00 0.00013856
100.00 0.00013796
100.00 0.00013842
100.00 0.00013799
100.00 0.00013804
100.00 0.00013715
100.00 0.00013769
100.00 0.00013715
100.00 0.00013796
100.00 0.00013762
100.00 0.00013747
100.00 0.00013781
100.00 0.00013724
100.00 0.00013676
100.00 0.00013743
100.00 0.00013716
100.00 0.00013629
100.00 0.00013620
100.00 0.00013699
100.00 0.00013652
100.00 0.00013600
100.00 0.00013569
100.00 0.00013646
100.00 0.00013646
100.00 0.00013612
100.00 0.00013661
100.00 0.00013538
100.00 0.00013564
100.00 0.00013602
100.00 0.00013561
100.00 0.00013568
100.00 0.00013593
100.00 0.00013536
100.00 0.00013500
100.00 0.00013484
100.00 0.00013548
100.00 0.00013496
100.00 0.00013498
100.00 0.00013513
100.00 0.00013519
100.00 0.00013394
100.00 0.00013494
100.00 0.00013524
100.00 0.00013449
100.00 0.00013387
100.00 0.00013451
100.00 0.00013473
100.00 0.00013425
100.00 0.00013472
100.00 0.00013374
100.00 0.00013373
100.00 0.00013293
100.00 0.00013348
100.00 0.00013382
100.00 0.00013306
100.00 0.00013368
100.00 0.00013349
100.00 0.00013335
100.00 0.00013271
100.00 0.00013294
100.00 0.00013343
100.00 0.00013280
100.00 0.00013244
100.00 0.00013285
100.00 0.00013252
100.00 0.00013253
100.00 0.00013222
100.00 0.00013235
100.00 0.00013243
100.00 0.00013240
100.00 0.00013247
100.00 0.00013251
100.00 0.00013208
100.00 0.00013195
100.00 0.00013235
100.00 0.00013205
100.00 0.00013217
100.00 0.00013189
100.00 0.00013160
100.00 0.00013125
100.00 0.00013107
100.00 0.00013186
100.00 0.00013108
100.00 0.00013136
100.00 0.00013105
100.00 0.00013157
100.00 0.00013111
100.00 0.00013081
100.00 0.00013035
100.00 0.00013032
100.00 0.00013102
100.00 0.00013077
100.00 0.00013001
100.00 0.00013015
100.00 0.00013018
100.00 0.00013066
100.00 0.00013034
100.00 0.00013024
100.00 0.00013023
100.00 0.00012977
100.00 0.00013046
100.00 0.00013046
100.00 0.00013039
100.00 0.00012937
100.00 0.00012902
100.00 0.00012976
100.00 0.00013046
100.00 0.00012954
100.00 0.00012947
100.00 0.00012896
100.00 0.00012954
100.00 0.00012962
100.00 0.00012909
100.00 0.00012856
100.00 0.00012913
100.00 0.00012909
100.00 0.00012779
100.00 0.00012866
100.00 0.00012896
100.00 0.00012818
100.00 0.00012754
100.00 0.00012798
100.00 0.00012857
100.00 0.00012764
100.00 0.00012797
100.00 0.00012786
100.00 0.00012819
100.00 0.00012800
100.00 0.00012763
100.00 0.00012853
100.00 0.00012757
100.00 0.00012731
100.00 0.00012762
100.00 0.00012768
100.00 0.00012750
100.00 0.00012688
100.00 0.00012671
100.00 0.00012734
100.00 0.00012630
100.00 0.00012700
100.00 0.00012709
100.00 0.00012725
100.00 0.00012646
100.00 0.00012665
100.00 0.00012689
100.00 0.00012646
100.00 0.00012668
100.00 0.00012659
100.00 0.00012614
100.00 0.00012631
100.00 0.00012619
100.00 0.00012621
100.00 0.00012594
100.00 0.00012614
100.00 0.00012577
100.00 0.00012592
100.00 0.00012548
100.00 0.00012565
100.00 0.00012569
100.00 0.00012496
100.00 0.00012530
100.00 0.00012587
100.00 0.00012577
100.00 0.00012538
100.00 0.00012504
100.00 0.00012495
100.00 0.00012469
100.00 0.00012478
100.00 0.00012456
100.00 0.00012513
100.00 0.00012455
100.00 0.00012421
100.00 0.00012459
100.00 0.00012428
100.00 0.00012427
100.00 0.00012459
100.00 0.00012380
100.00 0.00012422
100.00 0.00012351
100.00 0.00012441
100.00 0.00012393
100.00 0.00012341
100.00 0.00012306
100.00 0.00012369
100.00 0.00012334
100.00 0.00012353
100.00 0.00012379
100.00 0.00012367
100.00 0.00012316
100.00 0.00012344
100.00 0.00012279
100.00 0.00012364
100.00 0.00012292
100.00 0.00012338
100.00 0.00012301
100.00 0.00012247
100.00 0.00012246
100.00 0.00012244
100.00 0.00012254
100.00 0.00012264
100.00 0.00012286
100.00 0.00012270
100.00 0.00012226
100.00 0.00012216
100.00 0.00012203
100.00 0.00012218
100.00 0.00012137
100.00 0.00012168
100.00 0.00012170
100.00 0.00012167
100.00 0.00012193
100.00 0.00012164
100.00 0.00012157
100.00 0.00012172
100.00 0.00012076
100.00 0.00012087
100.00 0.00012159
100.00 0.00012128
100.00 0.00012118
100.00 0.00012164
100.00 0.00012140
100.00 0.00012090
100.00 0.00012146
100.00 0.00012130
100.00 0.00012060
100.00 0.00012040
100.00 0.00012071
100.00 0.00012094
100.00 0.00012035
100.00 0.00012056
100.00 0.00012085
100.00 0.00012072
100.00 0.00012065
100.00 0.00012022
100.00 0.00012028
100.00 0.00011994
100.00 0.00011939
100.00 0.00012029
100.00 0.00012012
100.00 0.00011911
100.00 0.00011948
100.00 0.00011975
100.00 0.00011926
100.00 0.00011965
100.00 0.00011932
100.00 0.00011989
100.00 0.00011978
100.00 0.00011899
100.00 0.00011942
100.00 0.00011911
100.00 0.00011881
100.00 0.00011805
100.00 0.00011893
100.00 0.00011881
100.00 0.00011902
100.00 0.00011879
100.00 0.00011868
100.00 0.00011866
100.00 0.00011914
100.00 0.00011787
100.00 0.00011799
100.00 0.00011766
100.00 0.00011859
100.00 0.00011837
100.00 0.00011820
100.00 0.00011781
100.00 0.00011791
100.00 0.00011817
100.00 0.00011819
100.00 0.00011832
100.00 0.00011803
100.00 0.00011797
100.00 0.00011779
100.00 0.00011747
100.00 0.00011753
100.00 0.00011691
100.00 0.00011693
100.00 0.00011728
100.00 0.00011671
100.00 0.00011710
100.00 0.00011700
100.00 0.00011675
100.00 0.00011717
100.00 0.00011690
100.00 0.00011683
100.00 0.00011692
100.00 0.00011657
100.00 0.00011638
100.00 0.00011633
100.00 0.00011649
100.00 0.00011657
100.00 0.00011670
100.00 0.00011611
100.00 0.00011627
100.00 0.00011657
100.00 0.00011630
100.00 0.00011594
100.00 0.00011632
100.00 0.00011618
100.00 0.00011565
100.00 0.00011609
100.00 0.00011632
100.00 0.00011581
100.00 0.00011510
100.00 0.00011543
100.00 0.00011524
100.00 0.00011586
100.00 0.00011533
100.00 0.00011571
100.00 0.00011473
100.00 0.00011542
100.00 0.00011551
100.00 0.00011461
100.00 0.00011446
100.00 0.00011488
100.00 0.00011451
100.00 0.00011493
100.00 0.00011444
100.00 0.00011426
100.00 0.00011497
100.00 0.00011484
100.00 0.00011457
100.00 0.00011509
100.00 0.00011460
100.00 0.00011461
100.00 0.00011480
100.00 0.00011412
100.00 0.00011379
100.00 0.00011418
100.00 0.00011443
100.00 0.00011384
100.00 0.00011423
100.00 0.00011356
100.00 0.00011301
100.00 0.00011352
100.00 0.00011360
100.00 0.00011367
100.00 0.00011292
100.00 0.00011301
100.00 0.00011333
100.00 0.00011304
100.00 0.00011354
100.00 0.00011293
100.00 0.00011301
100.00 0.00011342
100.00 0.00011358
100.00 0.00011289
100.00 0.00011266
100.00 0.00011251
100.00 0.00011304
100.00 0.00011283
100.00 0.00011320
100.00 0.00011255
100.00 0.00011266
100.00 0.00011173
100.00 0.00011304
100.00 0.00011272
100.00 0.00011171
100.00 0.00011249
100.00 0.00011223
100.00 0.00011250
100.00 0.00011208
100.00 0.00011251
100.00 0.00011194
100.00 0.00011185
100.00 0.00011169
100.00 0.00011210
100.00 0.00011179
100.00 0.00011182
100.00 0.00011135
100.00 0.00011144
100.00 0.00011147
100.00 0.00011130
100.00 0.00011168
100.00 0.00011145
100.00 0.00011148
100.00 0.00011141
100.00 0.00011151
100.00 0.00011125
100.00 0.00011094
100.00 0.00011135
100.00 0.00011114
100.00 0.00011029
