1 30.87 2.38564613
2 74.91 0.62845389
3 81.24 0.50817834
4 81.20 0.51047621
5 83.88 0.43463885
6 83.55 0.43950639
7 83.50 0.45679182
8 82.66 0.46962117
9 83.85 0.46418998
10 86.82 0.35543055
11 86.73 0.35501337
21 87.46 0.33741459
31 92.97 0.18783359
41 93.18 0.17856249
51 95.02 0.13802673
61 89.65 0.29277928
71 93.94 0.24691688
81 96.28 0.09645266
91 95.50 0.12389719
101 97.54 0.06791755
111 99.07 0.02723893
121 98.83 0.03281194
131 98.69 0.03565011
141 99.53 0.01343446
151 99.23 0.02207492
161 99.97 0.00214208
171 99.55 0.01376212
181 99.66 0.01223904
191 100.00 0.00055118
201 100.00 0.00025882
211 100.00 0.00017622
221 100.00 0.00013370
231 100.00 0.00010948
241 100.00 0.00009148
251 100.00 0.00007912
261 100.00 0.00006926
271 100.00 0.00006185
281 100.00 0.00005612
291 100.00 0.00005080
301 100.00 0.00004647
311 100.00 0.00004297
321 100.00 0.00003988
331 100.00 0.00003711
341 100.00 0.00003475
351 100.00 0.00003260
361 100.00 0.00003068
371 100.00 0.00002909
381 100.00 0.00002756
391 100.00 0.00002616
400 100.00 0.00002506
