1 42.23 2.15055584
2 60.04 1.44497946
3 61.29 1.03042025
4 67.57 0.85994742
5 70.22 0.77436155
6 73.61 0.72963736
7 76.37 0.67503687
8 77.33 0.64281172
9 77.12 0.63731904
10 79.37 0.59065782
11 80.31 0.57105244
12 80.91 0.55607646
13 79.77 0.56673284
14 81.56 0.52622227
15 81.94 0.51538070
16 81.87 0.51168469
17 81.95 0.51239727
18 83.14 0.48289304
19 82.69 0.49675264
20 83.12 0.47652878
21 83.71 0.46605126
22 81.51 0.50141481
23 83.01 0.47005218
24 82.79 0.48670808
25 83.79 0.45446657
26 84.15 0.44972072
27 84.40 0.43935438
28 84.82 0.43112474
29 85.23 0.42016958
30 84.84 0.43470977
31 84.75 0.43471291
32 84.36 0.43888726
33 84.53 0.43761506
34 85.62 0.41261121
35 86.05 0.40005383
36 83.74 0.44601022
37 86.22 0.39555678
38 85.16 0.42721692
39 86.35 0.39020304
40 85.87 0.39865574
41 86.32 0.39263012
42 84.79 0.41719255
43 86.29 0.38907232
44 86.84 0.37664765
45 87.08 0.37306548
46 86.54 0.38788350
47 85.60 0.40338122
48 86.82 0.37704740
49 86.55 0.37967912
50 87.15 0.36892767
51 86.14 0.39595252
52 86.77 0.37497152
53 86.39 0.38583002
54 86.62 0.37493818
55 87.09 0.36314944
56 87.45 0.35863361
57 87.77 0.34855558
58 87.78 0.34654346
59 86.47 0.37308420
60 86.71 0.37194470
61 86.96 0.38064556
62 87.49 0.35631181
63 87.42 0.35298997
64 87.73 0.34551200
65 86.38 0.38664218
66 88.15 0.33460646
67 88.34 0.33079862
68 88.57 0.32569526
69 88.42 0.32948366
70 88.43 0.33219023
71 87.88 0.34237630
72 88.57 0.32416791
73 87.63 0.35140813
74 85.02 0.40425563
75 87.55 0.34696585
76 88.26 0.33356947
77 88.66 0.31873591
78 88.87 0.31520243
79 88.37 0.32568741
80 88.13 0.33437865
81 89.21 0.30481914
82 84.17 0.42104698
83 89.18 0.30615559
84 88.04 0.32911987
85 88.37 0.32624230
86 87.83 0.34159070
87 88.49 0.31547360
88 89.48 0.29803301
89 88.94 0.30883042
90 87.91 0.33343020
91 88.84 0.31015413
92 89.24 0.30047830
93 89.13 0.30554538
94 89.26 0.29954043
95 88.68 0.31374007
96 88.77 0.30430465
97 89.79 0.28526101
98 88.39 0.32062037
99 90.09 0.28006416
100 89.33 0.29678574
101 89.34 0.29524372
102 89.64 0.28878049
103 89.45 0.29183037
104 87.22 0.34055788
105 89.01 0.30418652
106 89.82 0.28198283
107 89.12 0.29561151
108 90.05 0.27750701
109 87.96 0.34540455
110 90.64 0.26375017
111 90.13 0.27438606
112 89.42 0.29189457
113 90.38 0.26776291
114 90.82 0.25768531
115 88.81 0.30621953
116 90.12 0.27091347
117 89.27 0.29002969
118 90.25 0.27346818
119 90.50 0.26397930
120 90.95 0.25485322
121 91.30 0.24636768
122 91.09 0.25085075
123 89.26 0.28847447
124 89.66 0.28662967
125 91.49 0.24050711
126 91.10 0.24857835
127 90.01 0.27518105
128 91.51 0.24082851
129 90.72 0.25678754
130 91.16 0.24518943
131 91.17 0.24562951
132 91.07 0.24802915
133 91.08 0.24513549
134 90.29 0.26045941
135 91.07 0.24823771
136 91.55 0.23771636
137 91.82 0.23160091
138 91.72 0.23271572
139 91.71 0.23143984
140 91.30 0.24088821
141 92.00 0.22740351
142 91.16 0.24165960
143 92.41 0.21669818
144 91.63 0.23550179
145 90.95 0.24872597
146 92.30 0.21945411
147 92.23 0.21815044
148 92.10 0.22181356
149 91.83 0.22595681
150 91.70 0.22765562
151 91.59 0.23261778
152 92.87 0.20662328
153 92.68 0.20928446
154 92.39 0.21210893
155 91.92 0.22653378
156 89.46 0.28254819
157 92.32 0.21492941
158 91.21 0.24169115
159 92.53 0.21126672
160 90.95 0.25328452
161 93.02 0.19774433
162 93.17 0.19423940
163 92.58 0.20919341
164 93.26 0.19386336
165 90.23 0.26481222
166 89.30 0.28025244
167 93.29 0.19239849
168 93.14 0.19501529
169 93.02 0.19650461
170 92.34 0.21311006
171 90.95 0.23772207
172 91.76 0.22556261
173 90.97 0.24623096
174 93.51 0.18706906
175 90.70 0.25442978
176 90.03 0.25964465
177 92.33 0.20485054
178 93.43 0.18416813
179 93.70 0.18183804
180 93.38 0.18573714
181 94.09 0.17265801
182 93.88 0.17416207
183 93.96 0.17417018
184 91.55 0.23310731
185 93.67 0.18007585
186 93.02 0.19046885
187 91.77 0.22074636
188 93.06 0.19201508
189 93.12 0.18535564
190 93.82 0.17491999
191 93.57 0.18336113
192 93.93 0.17290410
193 92.98 0.18963211
194 92.44 0.20604322
195 94.06 0.16962402
196 93.73 0.17492924
197 93.89 0.17483330
198 90.53 0.25695783
199 94.09 0.16660376
200 94.69 0.15510500
