1 31.00 2.28485721
2 58.00 2.26979584
3 70.00 2.25311321
4 82.00 2.23320705
5 90.00 2.20787960
6 87.00 2.17518604
7 85.00 2.13104773
8 87.00 2.07147497
9 85.00 1.98789173
10 84.00 1.87853634
11 78.00 1.72228995
12 76.00 1.54800799
13 76.00 1.36830831
14 79.00 1.15314192
15 74.00 1.02593982
16 72.00 0.93009326
17 86.00 0.76470689
18 85.00 0.63796119
19 81.00 0.66064598
20 91.00 0.46560050
21 95.00 0.43202766
41 100.00 0.03105396
61 100.00 0.01125912
81 100.00 0.00646406
101 100.00 0.00441022
121 100.00 0.00328699
141 100.00 0.00259345
161 100.00 0.00212586
181 100.00 0.00179089
201 100.00 0.00154110
221 100.00 0.00134808
241 100.00 0.00119491
261 100.00 0.00107072
281 100.00 0.00096850
301 100.00 0.00088267
321 100.00 0.00081000
341 100.00 0.00074762
361 100.00 0.00069356
381 100.00 0.00064622
401 100.00 0.00060452
421 100.00 0.00056749
441 100.00 0.00053445
461 100.00 0.00050476
481 100.00 0.00047795
501 100.00 0.00045360
521 100.00 0.00043147
541 100.00 0.00041128
561 100.00 0.00039279
581 100.00 0.00037574
601 100.00 0.00036000
621 100.00 0.00034543
641 100.00 0.00033192
661 100.00 0.00031934
681 100.00 0.00030764
701 100.00 0.00029671
721 100.00 0.00028648
741 100.00 0.00027688
761 100.00 0.00026787
781 100.00 0.00025936
801 100.00 0.00025135
821 100.00 0.00024378
841 100.00 0.00023662
861 100.00 0.00022983
881 100.00 0.00022339
901 100.00 0.00021730
921 100.00 0.00021149
941 100.00 0.00020598
961 100.00 0.00020071
981 100.00 0.00019570
1001 100.00 0.00019090
1021 100.00 0.00018633
1041 100.00 0.00018194
1061 100.00 0.00017775
1081 100.00 0.00017373
1101 100.00 0.00016988
1121 100.00 0.00016617
1141 100.00 0.00016263
1161 100.00 0.00015921
1181 100.00 0.00015593
1201 100.00 0.00015277
1221 100.00 0.00014974
1241 100.00 0.00014681
1261 100.00 0.00014399
1281 100.00 0.00014126
1301 100.00 0.00013862
1321 100.00 0.00013607
1341 100.00 0.00013362
1361 100.00 0.00013125
1381 100.00 0.00012895
1401 100.00 0.00012674
1421 100.00 0.00012457
1441 100.00 0.00012248
1461 100.00 0.00012047
1481 100.00 0.00011851
1501 100.00 0.00011659
1521 100.00 0.00011475
1541 100.00 0.00011294
1561 100.00 0.00011122
1581 100.00 0.00010953
1601 100.00 0.00010788
1621 100.00 0.00010628
1641 100.00 0.00010473
1661 100.00 0.00010321
1681 100.00 0.00010174
1701 100.00 0.00010030
1721 100.00 0.00009891
1741 100.00 0.00009754
1761 100.00 0.00009621
1781 100.00 0.00009493
1801 100.00 0.00009366
1821 100.00 0.00009243
1841 100.00 0.00009123
1861 100.00 0.00009006
1881 100.00 0.00008891
1901 100.00 0.00008780
1921 100.00 0.00008670
1941 100.00 0.00008562
1961 100.00 0.00008459
1981 100.00 0.00008357
2001 100.00 0.00008258
2021 100.00 0.00008160
2041 100.00 0.00008065
2061 100.00 0.00007972
2081 100.00 0.00007881
2101 100.00 0.00007792
2121 100.00 0.00007704
2141 100.00 0.00007618
2161 100.00 0.00007534
2181 100.00 0.00007453
2201 100.00 0.00007372
2221 100.00 0.00007293
2241 100.00 0.00007215
2261 100.00 0.00007140
2281 100.00 0.00007065
2301 100.00 0.00006993
2321 100.00 0.00006920
2341 100.00 0.00006850
2361 100.00 0.00006782
2381 100.00 0.00006713
2401 100.00 0.00006647
2421 100.00 0.00006583
2441 100.00 0.00006519
2461 100.00 0.00006455
2481 100.00 0.00006394
2501 100.00 0.00006333
2521 100.00 0.00006274
2541 100.00 0.00006215
2561 100.00 0.00006158
2581 100.00 0.00006102
2601 100.00 0.00006046
2621 100.00 0.00005991
2641 100.00 0.00005937
2661 100.00 0.00005885
2681 100.00 0.00005833
2701 100.00 0.00005782
2721 100.00 0.00005731
2741 100.00 0.00005681
2761 100.00 0.00005634
2781 100.00 0.00005585
2801 100.00 0.00005539
2821 100.00 0.00005493
2841 100.00 0.00005447
2861 100.00 0.00005402
2881 100.00 0.00005358
2901 100.00 0.00005315
2921 100.00 0.00005271
2941 100.00 0.00005227
2961 100.00 0.00005187
2981 100.00 0.00005146
3001 100.00 0.00005105
3021 100.00 0.00005066
3041 100.00 0.00005026
3061 100.00 0.00004987
3081 100.00 0.00004949
3101 100.00 0.00004912
3121 100.00 0.00004874
3141 100.00 0.00004838
3161 100.00 0.00004801
3181 100.00 0.00004766
3201 100.00 0.00004732
3221 100.00 0.00004696
3241 100.00 0.00004662
3261 100.00 0.00004628
3281 100.00 0.00004594
3301 100.00 0.00004561
3321 100.00 0.00004529
3341 100.00 0.00004498
3361 100.00 0.00004466
3381 100.00 0.00004435
3401 100.00 0.00004404
3421 100.00 0.00004374
3441 100.00 0.00004344
3461 100.00 0.00004314
3481 100.00 0.00004285
3501 100.00 0.00004256
3521 100.00 0.00004229
3541 100.00 0.00004199
3561 100.00 0.00004173
3581 100.00 0.00004145
3601 100.00 0.00004118
3621 100.00 0.00004091
3641 100.00 0.00004065
3661 100.00 0.00004038
3681 100.00 0.00004013
3701 100.00 0.00003987
3721 100.00 0.00003962
3741 100.00 0.00003937
3761 100.00 0.00003912
3781 100.00 0.00003887
3801 100.00 0.00003865
3821 100.00 0.00003840
3841 100.00 0.00003817
3861 100.00 0.00003795
3881 100.00 0.00003771
3901 100.00 0.00003749
3921 100.00 0.00003726
3941 100.00 0.00003705
3961 100.00 0.00003683
3981 100.00 0.00003661
4001 100.00 0.00003639
4021 100.00 0.00003618
4041 100.00 0.00003596
4061 100.00 0.00003576
4081 100.00 0.00003555
4101 100.00 0.00003536
4121 100.00 0.00003516
4141 100.00 0.00003496
4161 100.00 0.00003476
4181 100.00 0.00003456
4201 100.00 0.00003437
4221 100.00 0.00003418
4241 100.00 0.00003399
4261 100.00 0.00003380
4281 100.00 0.00003362
4301 100.00 0.00003344
4321 100.00 0.00003326
4341 100.00 0.00003308
4361 100.00 0.00003290
4381 100.00 0.00003272
4401 100.00 0.00003256
4421 100.00 0.00003238
4441 100.00 0.00003222
4461 100.00 0.00003205
4481 100.00 0.00003187
4501 100.00 0.00003171
4521 100.00 0.00003155
4541 100.00 0.00003139
4561 100.00 0.00003123
4581 100.00 0.00003107
4601 100.00 0.00003091
4621 100.00 0.00003075
4641 100.00 0.00003059
4661 100.00 0.00003044
4681 100.00 0.00003028
4701 100.00 0.00003014
4721 100.00 0.00002999
4741 100.00 0.00002984
4761 100.00 0.00002968
4781 100.00 0.00002953
4801 100.00 0.00002940
4821 100.00 0.00002926
4841 100.00 0.00002911
4861 100.00 0.00002898
4881 100.00 0.00002884
4901 100.00 0.00002870
4921 100.00 0.00002856
4941 100.00 0.00002843
4961 100.00 0.00002830
4981 100.00 0.00002816
5001 100.00 0.00002803
5021 100.00 0.00002790
5041 100.00 0.00002777
5061 100.00 0.00002765
5081 100.00 0.00002752
5101 100.00 0.00002740
5121 100.00 0.00002727
5141 100.00 0.00002715
5161 100.00 0.00002702
5181 100.00 0.00002691
5201 100.00 0.00002678
5221 100.00 0.00002666
5241 100.00 0.00002655
5261 100.00 0.00002643
5281 100.00 0.00002631
5301 100.00 0.00002620
5321 100.00 0.00002607
5341 100.00 0.00002597
5361 100.00 0.00002585
5381 100.00 0.00002574
5401 100.00 0.00002562
5421 100.00 0.00002551
5441 100.00 0.00002540
5461 100.00 0.00002530
5481 100.00 0.00002519
5501 100.00 0.00002508
5521 100.00 0.00002499
5541 100.00 0.00002488
5561 100.00 0.00002477
5581 100.00 0.00002467
5601 100.00 0.00002456
5621 100.00 0.00002447
5641 100.00 0.00002437
5661 100.00 0.00002426
5681 100.00 0.00002417
5701 100.00 0.00002406
5721 100.00 0.00002397
5741 100.00 0.00002387
5761 100.00 0.00002377
5781 100.00 0.00002367
5801 100.00 0.00002358
5821 100.00 0.00002348
5841 100.00 0.00002340
5861 100.00 0.00002330
5881 100.00 0.00002320
5901 100.00 0.00002311
5921 100.00 0.00002302
5941 100.00 0.00002293
5961 100.00 0.00002284
5981 100.00 0.00002275
6000 100.00 0.00002267
