1 10.00 2.30271220
2 10.00 2.30265857
3 10.00 2.30257913
4 10.00 2.30251373
5 10.00 2.30246912
6 10.00 2.30237243
7 10.00 2.30230860
8 10.00 2.30225712
9 10.00 2.30219309
10 10.00 2.30212566
11 10.00 2.30206458
12 10.00 2.30198638
13 10.00 2.30195250
14 10.00 2.30187446
15 10.00 2.30180645
16 10.00 2.30175312
17 10.00 2.30166470
18 10.00 2.30160959
19 10.03 2.30154818
20 10.03 2.30149391
21 10.05 2.30141376
22 10.05 2.30137789
23 10.05 2.30131619
24 10.07 2.30123731
25 10.10 2.30118522
26 10.10 2.30111420
27 10.15 2.30103335
28 10.22 2.30098160
29 10.28 2.30091229
30 10.38 2.30085422
31 10.40 2.30079937
32 10.50 2.30073993
33 10.57 2.30065130
34 10.73 2.30058923
35 10.80 2.30051821
36 10.90 2.30046012
37 11.03 2.30037344
38 11.20 2.30032833
39 11.20 2.30025597
40 11.38 2.30019820
41 11.62 2.30011319
42 11.82 2.30005792
43 11.98 2.29999477
44 12.10 2.29995912
45 12.15 2.29985148
46 12.20 2.29979949
47 12.32 2.29974137
48 12.42 2.29965571
49 12.47 2.29959336
50 12.60 2.29955085
51 12.68 2.29944439
52 12.73 2.29939659
53 12.80 2.29932165
54 12.82 2.29924358
55 12.85 2.29916844
56 12.88 2.29911289
57 12.90 2.29902022
58 13.02 2.29896487
59 13.10 2.29889505
60 13.12 2.29881173
61 13.18 2.29876558
62 13.27 2.29867859
63 13.27 2.29859594
64 13.32 2.29852380
65 13.42 2.29844412
66 13.55 2.29838139
67 13.60 2.29830132
68 13.72 2.29822634
69 13.78 2.29815450
70 14.00 2.29805791
71 14.20 2.29799454
72 14.20 2.29792374
73 14.38 2.29784362
74 14.47 2.29775949
75 14.50 2.29769255
76 14.65 2.29760422
77 14.72 2.29754362
78 14.90 2.29745008
79 14.95 2.29737137
80 14.95 2.29729493
81 15.05 2.29721460
82 15.28 2.29711145
83 15.50 2.29704326
84 15.65 2.29694518
85 15.82 2.29687136
86 15.97 2.29677887
87 16.20 2.29669884
88 16.30 2.29660945
89 16.40 2.29651730
90 16.52 2.29644105
91 16.60 2.29634145
92 16.77 2.29624581
93 17.02 2.29615234
94 17.20 2.29606603
95 17.30 2.29598896
96 17.40 2.29589562
97 17.62 2.29579340
98 17.73 2.29568198
99 17.90 2.29558729
100 17.90 2.29550251
101 18.05 2.29541095
151 26.98 2.28859401
201 37.73 2.27324496
251 38.65 2.22220819
301 32.45 2.04986864
351 40.77 1.61661164
401 51.50 1.21556574
451 58.60 1.02879586
501 63.15 0.93487128
551 66.30 0.84251952
601 70.58 0.77013285
651 70.97 0.75167869
701 71.70 0.74996981
751 77.70 0.62414191
801 77.85 0.61367576
851 76.97 0.61696440
901 82.02 0.50073019
951 82.47 0.49005868
1001 82.82 0.47203118
1051 85.82 0.39952976
1101 85.83 0.39561030
1151 88.45 0.33912623
1201 89.20 0.31315493
1251 87.75 0.34419672
1301 92.55 0.24502183
1351 93.00 0.23136720
1401 94.05 0.19678563
1451 94.67 0.18537463
1501 95.28 0.16619313
1551 96.75 0.13066791
1601 96.80 0.11340201
1651 96.33 0.12403971
1701 95.60 0.14940029
1751 97.70 0.09396783
1801 98.75 0.06697815
1851 99.08 0.05195419
1901 99.45 0.04511736
1951 99.72 0.03389602
2001 99.80 0.02645562
2051 99.88 0.02499450
2101 99.93 0.01769578
2151 99.97 0.01422696
2201 99.95 0.01222782
2251 100.00 0.00977438
2301 100.00 0.00825470
2351 100.00 0.00731845
2400 100.00 0.00641596
