1 42.84 2.26899956
5 80.69 0.72893076
9 88.46 0.40977258
13 90.46 0.33699117
17 91.60 0.29510220
21 92.36 0.26596079
25 93.21 0.23722075
29 93.91 0.21407237
33 94.53 0.19369243
37 94.98 0.17645655
41 95.42 0.16122639
45 95.79 0.14825333
49 96.09 0.13681944
53 96.37 0.12659798
57 96.68 0.11659678
61 96.94 0.10842982
65 97.16 0.10119842
69 97.32 0.09473245
73 97.50 0.08858029
77 97.71 0.08211882
81 97.90 0.07647001
85 98.04 0.07185767
89 98.18 0.06723441
93 98.31 0.06254823
97 98.42 0.05889991
101 98.53 0.05554756
105 98.62 0.05258157
109 98.73 0.04914129
113 98.82 0.04635322
117 98.91 0.04330744
120 98.96 0.04166795
