1 10.00 2.30164862
2 14.00 2.29970908
3 18.00 2.29777598
4 21.00 2.29585075
5 21.00 2.29392815
6 24.00 2.29200578
7 31.00 2.29008412
8 33.00 2.28816247
9 37.00 2.28622770
10 47.00 2.28427601
11 52.00 2.28229761
12 54.00 2.28028274
13 56.00 2.27823448
14 57.00 2.27615428
15 58.00 2.27402329
16 59.00 2.27183437
17 59.00 2.26958919
18 64.00 2.26727366
19 66.00 2.26487994
20 66.00 2.26241016
21 68.00 2.25985432
22 68.00 2.25720763
23 68.00 2.25445509
24 69.00 2.25159526
25 70.00 2.24862075
26 71.00 2.24552274
27 71.00 2.24230480
28 71.00 2.23895669
29 70.00 2.23545527
30 69.00 2.23178196
31 69.00 2.22792315
32 70.00 2.22386789
33 70.00 2.21959448
34 70.00 2.21509433
35 70.00 2.21034980
36 70.00 2.20534730
37 70.00 2.20005488
38 68.00 2.19444108
39 67.00 2.18848562
40 68.00 2.18214321
41 68.00 2.17540073
42 68.00 2.16821766
43 67.00 2.16056895
44 65.00 2.15240645
45 63.00 2.14369607
46 63.00 2.13438177
47 62.00 2.12441730
48 61.00 2.11374569
49 60.00 2.10233092
50 59.00 2.09013343
51 59.00 2.07704687
52 59.00 2.06307840
53 61.00 2.04813814
54 61.00 2.03217578
55 61.00 2.01513267
56 60.00 1.99695814
57 60.00 1.97758794
58 60.00 1.95699906
59 59.00 1.93515933
60 59.00 1.91205478
61 60.00 1.88766968
62 62.00 1.86200428
63 62.00 1.83506989
64 63.00 1.80688691
65 66.00 1.77750444
66 67.00 1.74688351
67 69.00 1.71510518
68 68.00 1.68217754
69 69.00 1.64815724
70 69.00 1.61314166
71 69.00 1.57721472
72 69.00 1.54048753
73 70.00 1.50306308
74 70.00 1.46504259
75 70.00 1.42650545
76 71.00 1.38759434
77 73.00 1.34840274
78 74.00 1.30904269
79 75.00 1.26961493
80 76.00 1.23018944
81 81.00 1.19092607
82 82.00 1.15189433
83 84.00 1.11322355
84 84.00 1.07504237
85 88.00 1.03752804
86 90.00 1.00075364
87 90.00 0.96481156
88 90.00 0.92983645
89 91.00 0.89592069
90 92.00 0.86310065
91 91.00 0.83147347
92 91.00 0.80103350
93 91.00 0.77183509
94 91.00 0.74387771
95 91.00 0.71713173
96 91.00 0.69159883
97 91.00 0.66724747
98 91.00 0.64402640
99 91.00 0.62191296
100 92.00 0.60087007
101 92.00 0.58083045
102 92.00 0.56174088
103 93.00 0.54356802
104 92.00 0.52621657
105 93.00 0.50970536
106 93.00 0.49390271
107 93.00 0.47888002
108 94.00 0.46447688
109 93.00 0.45074236
110 94.00 0.43756589
111 94.00 0.42498571
112 94.00 0.41287765
113 94.00 0.40127620
114 94.00 0.39005652
115 94.00 0.37930688
116 95.00 0.36889222
117 96.00 0.35883075
118 96.00 0.34908187
119 97.00 0.33963546
120 96.00 0.33049449
121 97.00 0.32157788
122 96.00 0.31297058
123 97.00 0.30459592
124 97.00 0.29649732
125 97.00 0.28857693
126 97.00 0.28093180
127 97.00 0.27348393
128 97.00 0.26626810
129 97.00 0.25924593
130 98.00 0.25243428
131 98.00 0.24581455
132 98.00 0.23938942
133 98.00 0.23313801
134 98.00 0.22705543
135 98.00 0.22115396
136 98.00 0.21543352
137 98.00 0.20986345
138 98.00 0.20447643
139 98.00 0.19932218
140 98.00 0.19445013
141 98.00 0.18994221
142 98.00 0.18605193
143 98.00 0.18283226
144 99.00 0.18126340
145 96.00 0.18088792
146 95.00 0.18494318
147 93.00 0.18914314
148 93.00 0.20267656
149 92.00 0.20622772
150 90.00 0.22100182
151 92.00 0.20767231
152 90.00 0.20947361
153 92.00 0.18540062
154 94.00 0.17909327
155 95.00 0.15909472
156 96.00 0.15074813
157 98.00 0.13773184
158 99.00 0.13059455
159 99.00 0.12316148
160 99.00 0.11820269
161 99.00 0.11373428
162 99.00 0.11015501
163 99.00 0.10693213
164 99.00 0.10401064
165 99.00 0.10127889
166 99.00 0.09868608
167 100.00 0.09620526
168 100.00 0.09381594
169 100.00 0.09150797
170 100.00 0.08927628
171 100.00 0.08711213
172 100.00 0.08501557
173 100.00 0.08298735
174 100.00 0.08102031
175 100.00 0.07911523
176 100.00 0.07726720
177 100.00 0.07547663
178 100.00 0.07373886
179 100.00 0.07205159
180 100.00 0.07041709
181 100.00 0.06882712
182 100.00 0.06728667
183 100.00 0.06579153
184 100.00 0.06434175
185 100.00 0.06293364
186 100.00 0.06156890
187 100.00 0.06024386
188 100.00 0.05895817
189 100.00 0.05770955
190 100.00 0.05649764
191 100.00 0.05532166
192 100.00 0.05417921
193 100.00 0.05306914
194 100.00 0.05199201
195 100.00 0.05094332
196 100.00 0.04992577
197 100.00 0.04893625
198 100.00 0.04797396
199 100.00 0.04704058
200 100.00 0.04613166
201 100.00 0.04524969
401 100.00 0.00614804
601 100.00 0.00277631
801 100.00 0.00170211
1001 100.00 0.00119703
1201 100.00 0.00090981
1401 100.00 0.00072687
1601 100.00 0.00060123
1801 100.00 0.00051016
2001 100.00 0.00044141
2201 100.00 0.00038782
2401 100.00 0.00034503
2601 100.00 0.00031015
2801 100.00 0.00028124
3001 100.00 0.00025690
3201 100.00 0.00023617
3401 100.00 0.00021831
3601 100.00 0.00020279
3801 100.00 0.00018918
4001 100.00 0.00017717
4201 100.00 0.00016647
4401 100.00 0.00015692
4601 100.00 0.00014833
4801 100.00 0.00014056
5001 100.00 0.00013351
5201 100.00 0.00012710
5401 100.00 0.00012122
5601 100.00 0.00011583
5801 100.00 0.00011087
6001 100.00 0.00010630
6201 100.00 0.00010204
6401 100.00 0.00009809
6601 100.00 0.00009443
6801 100.00 0.00009100
7001 100.00 0.00008781
7201 100.00 0.00008482
7401 100.00 0.00008199
7601 100.00 0.00007936
7801 100.00 0.00007685
8001 100.00 0.00007451
8201 100.00 0.00007229
8401 100.00 0.00007019
8601 100.00 0.00006820
8801 100.00 0.00006632
9001 100.00 0.00006453
9201 100.00 0.00006282
9401 100.00 0.00006120
9601 100.00 0.00005965
9801 100.00 0.00005817
10001 100.00 0.00005676
10201 100.00 0.00005541
10401 100.00 0.00005412
10601 100.00 0.00005290
10801 100.00 0.00005170
11001 100.00 0.00005057
11201 100.00 0.00004949
11401 100.00 0.00004843
11601 100.00 0.00004743
11801 100.00 0.00004647
12000 100.00 0.00004553
