1 10.00 2.30185771
81 32.00 1.83184546
161 55.00 1.09557164
241 100.00 0.09015895
321 100.00 0.00342524
401 100.00 0.00142707
481 100.00 0.00086200
561 100.00 0.00060470
641 100.00 0.00045951
721 100.00 0.00036774
801 100.00 0.00030481
881 100.00 0.00025902
961 100.00 0.00022446
1041 100.00 0.00019753
1121 100.00 0.00017599
1201 100.00 0.00015835
1281 100.00 0.00014373
1361 100.00 0.00013144
1441 100.00 0.00012097
1521 100.00 0.00011189
1601 100.00 0.00010400
1681 100.00 0.00009705
1761 100.00 0.00009093
1841 100.00 0.00008547
1921 100.00 0.00008060
2001 100.00 0.00007622
2081 100.00 0.00007225
2161 100.00 0.00006865
2241 100.00 0.00006538
2321 100.00 0.00006238
2401 100.00 0.00005961
2481 100.00 0.00005707
2561 100.00 0.00005470
2641 100.00 0.00005252
2721 100.00 0.00005050
2801 100.00 0.00004861
2881 100.00 0.00004686
2961 100.00 0.00004522
3041 100.00 0.00004367
3121 100.00 0.00004223
3201 100.00 0.00004087
3281 100.00 0.00003958
3361 100.00 0.00003838
3441 100.00 0.00003724
3521 100.00 0.00003617
3601 100.00 0.00003513
3681 100.00 0.00003416
3761 100.00 0.00003324
3841 100.00 0.00003236
3921 100.00 0.00003153
4001 100.00 0.00003073
4081 100.00 0.00002997
4161 100.00 0.00002924
4241 100.00 0.00002854
4321 100.00 0.00002788
4401 100.00 0.00002724
4481 100.00 0.00002664
4561 100.00 0.00002606
4641 100.00 0.00002548
4721 100.00 0.00002496
4800 100.00 0.00002444
