1 12.00 2.30138540
2 12.00 2.30128336
3 12.00 2.30118108
4 12.00 2.30107951
5 12.00 2.30097723
6 12.00 2.30087566
7 13.00 2.30077362
8 13.00 2.30067182
9 13.00 2.30057049
10 13.00 2.30046844
11 13.00 2.30036712
12 14.00 2.30026555
13 15.00 2.30016446
14 15.00 2.30006337
15 15.00 2.29996204
16 15.00 2.29986095
17 15.00 2.29976010
18 15.00 2.29965949
19 15.00 2.29955864
20 15.00 2.29945779
21 15.00 2.29935741
22 15.00 2.29925632
23 15.00 2.29915595
24 15.00 2.29905486
25 15.00 2.29895377
26 15.00 2.29885316
27 15.00 2.29875255
28 15.00 2.29865122
29 15.00 2.29855037
30 15.00 2.29844952
31 15.00 2.29834867
32 15.00 2.29824805
33 15.00 2.29814768
34 16.00 2.29804683
35 17.00 2.29794574
36 17.00 2.29784584
37 17.00 2.29774523
38 17.00 2.29764509
39 17.00 2.29754496
40 17.00 2.29744458
41 17.00 2.29734445
42 17.00 2.29724407
43 17.00 2.29714394
44 17.00 2.29704428
45 18.00 2.29694414
46 18.00 2.29684424
47 18.00 2.29674435
48 18.00 2.29664469
49 18.00 2.29654455
50 18.00 2.29644489
51 18.00 2.29634500
52 19.00 2.29624534
53 20.00 2.29614544
54 20.00 2.29604530
55 21.00 2.29594541
56 21.00 2.29584575
57 21.00 2.29574609
58 21.00 2.29564595
59 21.00 2.29554605
60 21.00 2.29544616
61 21.00 2.29534650
62 21.00 2.29524660
63 21.00 2.29514718
64 21.00 2.29504776
65 21.00 2.29494762
66 21.00 2.29484844
67 21.00 2.29474759
68 21.00 2.29464746
69 21.00 2.29454756
70 21.00 2.29444790
71 21.00 2.29434681
72 21.00 2.29424667
73 21.00 2.29414606
74 21.00 2.29404593
75 21.00 2.29394484
76 21.00 2.29384422
77 21.00 2.29374385
78 22.00 2.29364324
79 22.00 2.29354286
80 22.00 2.29344201
81 22.00 2.29334140
82 22.00 2.29324031
83 23.00 2.29313898
84 23.00 2.29303861
85 24.00 2.29293776
86 25.00 2.29283738
87 25.00 2.29273629
88 25.00 2.29263544
89 25.00 2.29253483
90 26.00 2.29243374
91 27.00 2.29233289
92 27.00 2.29223204
93 27.00 2.29213119
94 27.00 2.29203033
95 27.00 2.29192948
96 27.00 2.29182887
97 27.00 2.29172802
98 27.00 2.29162717
99 27.00 2.29152632
100 27.00 2.29142570
101 27.00 2.29132485
102 27.00 2.29122376
103 27.00 2.29112220
104 27.00 2.29102135
105 27.00 2.29092002
106 27.00 2.29081869
107 27.00 2.29071736
108 27.00 2.29061627
109 27.00 2.29051518
110 27.00 2.29041362
111 27.00 2.29031277
112 27.00 2.29021168
113 28.00 2.29011059
114 28.00 2.29000902
115 28.00 2.28990793
116 28.00 2.28980613
117 28.00 2.28970480
118 28.00 2.28960299
119 28.00 2.28950119
120 28.00 2.28939915
121 28.00 2.28929734
122 28.00 2.28919530
123 28.00 2.28909326
124 28.00 2.28899121
125 28.00 2.28888893
126 28.00 2.28878689
127 29.00 2.28868484
128 29.00 2.28858256
129 29.00 2.28848028
130 29.00 2.28837752
131 29.00 2.28827548
132 29.00 2.28817296
133 29.00 2.28807044
134 29.00 2.28796792
135 29.00 2.28786540
136 29.00 2.28776217
137 29.00 2.28765941
138 29.00 2.28755689
139 29.00 2.28745413
140 29.00 2.28735113
141 30.00 2.28724766
142 31.00 2.28714466
143 32.00 2.28704143
144 32.00 2.28693843
145 32.00 2.28683519
146 32.00 2.28673244
147 33.00 2.28662896
148 33.00 2.28652596
149 33.00 2.28642249
150 33.00 2.28631926
151 33.00 2.28621602
152 33.00 2.28611231
153 33.00 2.28600883
154 33.00 2.28590512
155 34.00 2.28580189
156 34.00 2.28569818
157 34.00 2.28559446
158 34.00 2.28549075
159 34.00 2.28538656
160 34.00 2.28528285
161 34.00 2.28517866
162 34.00 2.28507423
163 34.00 2.28497005
164 34.00 2.28486586
165 34.00 2.28476143
166 34.00 2.28465676
167 34.00 2.28455234
168 34.00 2.28444791
169 34.00 2.28434324
170 35.00 2.28423834
171 35.00 2.28413343
172 35.00 2.28402853
173 36.00 2.28392339
174 36.00 2.28381872
175 36.00 2.28371334
176 36.00 2.28360820
177 36.00 2.28350306
178 37.00 2.28339791
179 37.00 2.28329253
180 37.00 2.28318715
181 37.00 2.28308177
182 38.00 2.28297639
183 38.00 2.28287077
184 38.00 2.28276563
185 38.00 2.28266025
186 38.00 2.28255486
187 38.00 2.28244901
188 38.00 2.28234339
189 38.00 2.28223777
190 38.00 2.28213215
191 38.00 2.28202629
192 38.00 2.28191996
193 38.00 2.28181410
194 38.00 2.28170776
195 39.00 2.28160167
196 39.00 2.28149557
197 39.00 2.28138924
198 40.00 2.28128290
199 40.00 2.28117657
200 41.00 2.28106976
201 41.00 2.28096294
301 65.00 2.26960778
401 69.00 2.25648594
501 73.00 2.24073815
601 73.00 2.22104645
701 75.00 2.19563890
801 74.00 2.16175914
901 74.00 2.11535501
1001 75.00 2.05001140
1101 77.00 1.95741367
1201 80.00 1.82910442
1301 85.00 1.66144741
1401 86.00 1.46227634
1501 88.00 1.24956667
1601 91.00 1.04156268
1701 92.00 0.85282874
1801 94.00 0.69075620
1901 96.00 0.55727792
2001 97.00 0.45018864
2101 98.00 0.36531997
2201 98.00 0.29812986
2301 99.00 0.24456674
2401 99.00 0.20156214
2501 99.00 0.16687122
2601 100.00 0.13892275
2701 100.00 0.11646927
2801 100.00 0.09846517
2901 100.00 0.08400581
3001 100.00 0.07236224
3101 100.00 0.06293021
3201 100.00 0.05522558
3301 100.00 0.04887136
3401 100.00 0.04358420
3501 100.00 0.03914263
3601 100.00 0.03538230
3701 100.00 0.03216960
3801 100.00 0.02940380
3901 100.00 0.02700534
4001 100.00 0.02491205
4101 100.00 0.02307362
4201 100.00 0.02144912
4301 100.00 0.02000665
4401 100.00 0.01871927
4501 100.00 0.01756554
4601 100.00 0.01652657
4701 100.00 0.01558713
4801 100.00 0.01473454
4901 100.00 0.01395815
5001 100.00 0.01324873
5101 100.00 0.01259874
5201 100.00 0.01200158
5301 100.00 0.01145142
5401 100.00 0.01094317
5501 100.00 0.01047242
5601 100.00 0.01003543
5701 100.00 0.00962889
5801 100.00 0.00924984
5901 100.00 0.00889582
6001 100.00 0.00856456
6101 100.00 0.00825416
6201 100.00 0.00796281
6301 100.00 0.00768888
6401 100.00 0.00743092
6501 100.00 0.00718770
6601 100.00 0.00695795
6701 100.00 0.00674070
6801 100.00 0.00653501
6901 100.00 0.00634003
7001 100.00 0.00615496
7101 100.00 0.00597915
7201 100.00 0.00581193
7301 100.00 0.00565276
7401 100.00 0.00550107
7501 100.00 0.00535639
7601 100.00 0.00521827
7701 100.00 0.00508631
7801 100.00 0.00496009
7901 100.00 0.00483927
8001 100.00 0.00472352
8101 100.00 0.00461256
8201 100.00 0.00450610
8301 100.00 0.00440393
8401 100.00 0.00430576
8501 100.00 0.00421139
8601 100.00 0.00412063
8701 100.00 0.00403324
8801 100.00 0.00394907
8901 100.00 0.00386797
9001 100.00 0.00378975
9101 100.00 0.00371426
9201 100.00 0.00364142
9301 100.00 0.00357107
9401 100.00 0.00350309
9501 100.00 0.00343737
9601 100.00 0.00337383
9701 100.00 0.00331232
9801 100.00 0.00325277
9901 100.00 0.00319510
10001 100.00 0.00313923
10101 100.00 0.00308504
10201 100.00 0.00303248
10301 100.00 0.00298152
10401 100.00 0.00293204
10501 100.00 0.00288402
10601 100.00 0.00283736
10701 100.00 0.00279205
10801 100.00 0.00274800
10901 100.00 0.00270515
11001 100.00 0.00266350
11101 100.00 0.00262296
11201 100.00 0.00258353
11301 100.00 0.00254510
11401 100.00 0.00250771
11501 100.00 0.00247127
11601 100.00 0.00243577
11701 100.00 0.00240117
11801 100.00 0.00236743
11901 100.00 0.00233453
12001 100.00 0.00230242
12101 100.00 0.00227111
12201 100.00 0.00224056
12301 100.00 0.00221072
12401 100.00 0.00218158
12501 100.00 0.00215311
12601 100.00 0.00212529
12701 100.00 0.00209811
12801 100.00 0.00207157
12901 100.00 0.00204560
13001 100.00 0.00202022
13101 100.00 0.00199537
13201 100.00 0.00197109
13301 100.00 0.00194733
13401 100.00 0.00192407
13501 100.00 0.00190131
13601 100.00 0.00187903
13701 100.00 0.00185722
13801 100.00 0.00183584
13901 100.00 0.00181489
14001 100.00 0.00179440
14101 100.00 0.00177430
14201 100.00 0.00175460
14301 100.00 0.00173528
14401 100.00 0.00171635
14501 100.00 0.00169778
14601 100.00 0.00167956
14701 100.00 0.00166171
14801 100.00 0.00164419
14901 100.00 0.00162698
15001 100.00 0.00161010
15101 100.00 0.00159353
15201 100.00 0.00157728
15301 100.00 0.00156130
15401 100.00 0.00154563
15501 100.00 0.00153023
15601 100.00 0.00151511
15701 100.00 0.00150025
15801 100.00 0.00148565
15901 100.00 0.00147131
16001 100.00 0.00145721
16101 100.00 0.00144335
16201 100.00 0.00142974
16301 100.00 0.00141635
16401 100.00 0.00140318
16501 100.00 0.00139022
16601 100.00 0.00137748
16701 100.00 0.00136494
16801 100.00 0.00135263
16901 100.00 0.00134050
17001 100.00 0.00132859
17101 100.00 0.00131683
17201 100.00 0.00130527
17301 100.00 0.00129390
17401 100.00 0.00128270
17501 100.00 0.00127168
17601 100.00 0.00126084
17701 100.00 0.00125014
17801 100.00 0.00123962
17901 100.00 0.00122925
18001 100.00 0.00121905
18101 100.00 0.00120898
18201 100.00 0.00119907
18301 100.00 0.00118930
18401 100.00 0.00117968
18501 100.00 0.00117020
18601 100.00 0.00116086
18701 100.00 0.00115163
18801 100.00 0.00114256
18901 100.00 0.00113360
19001 100.00 0.00112478
19101 100.00 0.00111606
19201 100.00 0.00110747
19301 100.00 0.00109902
19401 100.00 0.00109068
19501 100.00 0.00108244
19601 100.00 0.00107431
19701 100.00 0.00106630
19801 100.00 0.00105839
19901 100.00 0.00105059
20001 100.00 0.00104288
20101 100.00 0.00103528
20201 100.00 0.00102779
20301 100.00 0.00102037
20401 100.00 0.00101308
20501 100.00 0.00100586
20601 100.00 0.00099874
20701 100.00 0.00099174
20801 100.00 0.00098478
20901 100.00 0.00097792
21001 100.00 0.00097115
21101 100.00 0.00096447
21201 100.00 0.00095788
21301 100.00 0.00095136
21401 100.00 0.00094491
21501 100.00 0.00093855
21601 100.00 0.00093226
21701 100.00 0.00092606
21801 100.00 0.00091992
21901 100.00 0.00091386
22001 100.00 0.00090788
22101 100.00 0.00090196
22201 100.00 0.00089611
22301 100.00 0.00089033
22401 100.00 0.00088461
22501 100.00 0.00087897
22601 100.00 0.00087339
22701 100.00 0.00086786
22801 100.00 0.00086241
22901 100.00 0.00085702
23001 100.00 0.00085169
23101 100.00 0.00084642
23201 100.00 0.00084120
23301 100.00 0.00083605
23401 100.00 0.00083095
23501 100.00 0.00082589
23601 100.00 0.00082090
23701 100.00 0.00081597
23801 100.00 0.00081109
23901 100.00 0.00080627
24001 100.00 0.00080149
24101 100.00 0.00079676
24201 100.00 0.00079209
24301 100.00 0.00078746
24401 100.00 0.00078288
24501 100.00 0.00077835
24601 100.00 0.00077387
24701 100.00 0.00076944
24801 100.00 0.00076503
24901 100.00 0.00076070
25001 100.00 0.00075640
25101 100.00 0.00075215
25201 100.00 0.00074794
25301 100.00 0.00074377
25401 100.00 0.00073962
25501 100.00 0.00073554
25601 100.00 0.00073149
25701 100.00 0.00072750
25801 100.00 0.00072353
25901 100.00 0.00071961
26001 100.00 0.00071572
26101 100.00 0.00071187
26201 100.00 0.00070805
26301 100.00 0.00070427
26401 100.00 0.00070054
26501 100.00 0.00069684
26601 100.00 0.00069316
26701 100.00 0.00068953
26801 100.00 0.00068592
26901 100.00 0.00068237
27001 100.00 0.00067884
27101 100.00 0.00067534
27201 100.00 0.00067187
27301 100.00 0.00066844
27401 100.00 0.00066504
27501 100.00 0.00066167
27601 100.00 0.00065833
27701 100.00 0.00065501
27801 100.00 0.00065175
27901 100.00 0.00064849
28001 100.00 0.00064527
28101 100.00 0.00064208
28201 100.00 0.00063892
28301 100.00 0.00063578
28401 100.00 0.00063268
28501 100.00 0.00062959
28601 100.00 0.00062654
28701 100.00 0.00062353
28801 100.00 0.00062051
28901 100.00 0.00061756
29001 100.00 0.00061460
29101 100.00 0.00061168
29201 100.00 0.00060878
29301 100.00 0.00060591
29401 100.00 0.00060307
29501 100.00 0.00060026
29601 100.00 0.00059745
29701 100.00 0.00059468
29801 100.00 0.00059192
29901 100.00 0.00058920
30001 100.00 0.00058649
30101 100.00 0.00058380
30201 100.00 0.00058114
30301 100.00 0.00057850
30401 100.00 0.00057590
30501 100.00 0.00057329
30601 100.00 0.00057073
30701 100.00 0.00056816
30801 100.00 0.00056564
30901 100.00 0.00056312
31001 100.00 0.00056062
31101 100.00 0.00055815
31201 100.00 0.00055570
31301 100.00 0.00055328
31401 100.00 0.00055086
31501 100.00 0.00054846
31601 100.00 0.00054609
31701 100.00 0.00054374
31801 100.00 0.00054140
31901 100.00 0.00053906
32001 100.00 0.00053677
32101 100.00 0.00053448
32201 100.00 0.00053221
32301 100.00 0.00052997
32401 100.00 0.00052773
32501 100.00 0.00052552
32601 100.00 0.00052333
32701 100.00 0.00052114
32801 100.00 0.00051898
32901 100.00 0.00051683
33001 100.00 0.00051470
33101 100.00 0.00051258
33201 100.00 0.00051048
33301 100.00 0.00050839
33401 100.00 0.00050632
33501 100.00 0.00050427
33601 100.00 0.00050223
33701 100.00 0.00050021
33801 100.00 0.00049821
33901 100.00 0.00049621
34001 100.00 0.00049423
34101 100.00 0.00049226
34201 100.00 0.00049031
34301 100.00 0.00048837
34401 100.00 0.00048644
34501 100.00 0.00048455
34601 100.00 0.00048264
34701 100.00 0.00048075
34801 100.00 0.00047889
34901 100.00 0.00047703
35001 100.00 0.00047520
35101 100.00 0.00047336
35201 100.00 0.00047154
35301 100.00 0.00046974
35401 100.00 0.00046794
35501 100.00 0.00046616
35601 100.00 0.00046439
35701 100.00 0.00046264
35801 100.00 0.00046090
35901 100.00 0.00045918
36000 100.00 0.00045746
