1 68.23 0.86738902
2 90.40 0.32135737
3 94.83 0.18046065
4 96.44 0.12325198
5 96.26 0.11955904
6 97.67 0.07812931
7 97.55 0.08293060
8 98.69 0.04761094
9 99.05 0.03750375
10 99.19 0.03191013
11 99.30 0.02614003
12 99.45 0.02136716
13 98.26 0.05181597
14 99.77 0.01125999
15 95.74 0.22989826
16 98.62 0.04845958
17 98.22 0.05451938
18 99.27 0.02493446
19 99.75 0.01201427
20 99.83 0.00879199
21 97.91 0.06595242
31 99.98 0.00242271
41 100.00 0.00037248
51 100.00 0.00019823
61 100.00 0.00013187
71 100.00 0.00010241
81 100.00 0.00007752
91 100.00 0.00006362
101 100.00 0.00005370
111 100.00 0.00004626
121 100.00 0.00004052
131 100.00 0.00003613
141 100.00 0.00003224
151 100.00 0.00002928
161 100.00 0.00002669
171 100.00 0.00002456
181 100.00 0.00002266
191 100.00 0.00002100
200 100.00 0.00001984
