1 71.46 0.84987570
2 91.04 0.30422163
3 93.00 0.23097072
4 94.58 0.17530119
5 96.43 0.11920201
6 97.31 0.08965322
7 97.30 0.09060737
8 96.56 0.11331122
9 98.48 0.05697427
10 98.95 0.03775790
11 99.17 0.03020386
12 99.22 0.02776917
13 99.08 0.03023193
14 99.74 0.01210249
15 90.07 0.31166293
16 99.18 0.02999933
17 99.12 0.03133674
18 99.66 0.01387271
19 99.68 0.01196183
20 99.82 0.00798842
21 99.46 0.01873320
31 99.99 0.00096374
41 100.00 0.00026772
51 100.00 0.00016585
61 100.00 0.00011947
71 100.00 0.00009333
81 100.00 0.00007498
91 100.00 0.00006276
101 100.00 0.00005378
111 100.00 0.00004684
121 100.00 0.00004135
131 100.00 0.00003700
141 100.00 0.00003343
151 100.00 0.00003043
161 100.00 0.00002786
171 100.00 0.00002566
181 100.00 0.00002376
191 100.00 0.00002210
200 100.00 0.00002084
