1 17.48 2.30062088
2 19.89 2.29796440
3 18.83 2.29483212
5 23.32 2.28479557
7 29.37 2.26054120
9 25.07 2.16150868
11 43.41 1.57151498
13 56.27 1.11460834
15 61.32 0.96513132
17 59.92 0.94551249
19 69.23 0.81733074
21 69.45 0.80017171
23 69.74 0.81994671
25 72.16 0.79042361
27 68.71 0.84867882
29 74.84 0.70296050
31 74.39 0.74647077
33 77.26 0.64214995
35 77.35 0.61188953
37 74.82 0.64343920
39 76.49 0.64211824
41 72.13 0.66387536
43 80.51 0.53431119
45 79.26 0.56422406
47 80.60 0.53394028
49 78.44 0.57477742
51 81.50 0.50641901
53 82.46 0.49663654
55 78.39 0.61873256
57 82.40 0.48764942
59 84.31 0.45449462
61 83.58 0.46273071
63 83.15 0.47160319
65 82.98 0.47383771
67 82.54 0.48490503
69 85.00 0.41915817
71 84.24 0.44137390
73 83.69 0.46370615
75 83.83 0.45484811
77 84.05 0.43599715
79 81.33 0.50709052
81 81.90 0.51891634
83 87.13 0.36540941
85 85.86 0.40266923
87 87.10 0.36017608
89 86.45 0.37780713
91 84.16 0.43912635
93 86.09 0.39760476
95 82.52 0.49944823
97 87.25 0.35128960
99 88.72 0.31982643
101 84.28 0.42341360
103 81.94 0.49226093
105 89.15 0.30492176
107 80.89 0.52603270
109 88.18 0.32463922
111 87.99 0.33818628
113 89.66 0.28703276
115 87.94 0.32683398
117 89.54 0.29116296
119 85.91 0.37478124
121 90.42 0.26639157
123 90.40 0.27016377
125 91.07 0.25338381
127 90.28 0.27063360
129 90.93 0.25307453
131 90.66 0.25961652
133 85.88 0.38002950
135 87.05 0.33722201
137 87.93 0.33944897
139 91.58 0.23838937
141 88.91 0.29614286
143 68.27 1.22253215
145 91.43 0.23711994
147 89.99 0.27488246
149 88.63 0.31297685
151 89.09 0.31150282
153 92.11 0.22077539
155 88.21 0.32783549
157 87.76 0.33112193
159 91.94 0.22148778
161 91.77 0.22592486
163 85.58 0.44491353
165 90.56 0.26207656
167 91.84 0.22269601
169 89.34 0.28473206
171 92.39 0.21080281
173 88.14 0.32311071
175 81.81 0.53378726
177 91.75 0.21296431
179 91.02 0.24131600
181 93.97 0.17368863
183 91.11 0.23644461
185 93.61 0.18098863
187 90.52 0.23902184
189 88.75 0.29219899
191 87.82 0.33923415
193 86.41 0.47056505
195 85.43 0.42378000
197 92.31 0.20709675
199 93.97 0.17055917
200 83.78 0.43027068
