1 86.66 0.46984049
2 89.63 0.36605187
3 90.21 0.34085132
4 91.66 0.29934783
5 93.37 0.25459367
6 93.74 0.24382018
7 93.64 0.23867809
8 94.67 0.20949994
9 94.72 0.20413578
10 94.82 0.20280187
11 95.30 0.18838086
12 95.38 0.18646525
13 95.55 0.18041399
14 95.38 0.19039233
15 95.66 0.17782865
16 95.74 0.18044746
17 95.71 0.17611671
18 95.61 0.17591851
19 95.78 0.17132842
20 95.72 0.17625105
21 95.84 0.17092329
22 96.02 0.16802672
23 95.99 0.16412321
24 96.19 0.16169608
25 95.56 0.17507266
26 95.97 0.16604113
27 95.74 0.17254507
28 96.25 0.16080859
29 96.11 0.16215980
30 96.06 0.16578440
31 96.08 0.16501308
32 95.48 0.17581424
33 96.11 0.16214028
34 95.68 0.17544011
35 95.98 0.16989893
36 96.36 0.15830728
37 96.23 0.15937399
38 95.88 0.16910497
39 96.00 0.16257013
40 96.08 0.16183813
