1 10.00 2.30099507
2 10.00 2.29921901
3 11.14 2.29727332
4 20.23 2.29506131
7 39.66 2.28484830
10 37.20 2.25678648
13 23.28 2.10873843
16 43.92 1.46009050
19 56.28 1.16736111
22 59.58 1.02445745
25 62.96 1.05082118
28 62.87 0.99300473
31 58.98 1.15513644
34 68.16 1.01195574
37 69.53 0.85425813
40 73.20 0.74506189
43 69.84 0.83185001
46 70.07 0.79510292
49 73.63 0.70506709
52 74.67 0.71331784
55 74.31 0.70531637
58 75.31 0.66847690
61 75.13 0.68283849
64 72.25 0.73153215
67 76.19 0.62365919
70 78.59 0.57445805
73 80.08 0.54520689
76 82.05 0.51294541
79 81.48 0.51933867
82 79.58 0.55809706
85 80.51 0.53833354
88 81.22 0.51349638
91 80.62 0.53449576
94 77.20 0.65307505
97 80.40 0.52181787
100 81.64 0.50557525
103 78.12 0.62163846
106 85.78 0.40635903
109 77.70 0.60711904
112 82.48 0.46464639
115 82.91 0.48318330
118 87.25 0.36102577
121 85.76 0.39919547
124 85.45 0.40276143
127 85.16 0.40597732
130 86.61 0.36761656
133 87.41 0.35266901
136 83.70 0.49731359
139 83.12 0.44280101
142 85.52 0.40160717
145 68.34 1.08912434
148 86.16 0.36960437
151 83.53 0.46654161
154 88.81 0.30698043
157 80.18 0.61494985
160 88.72 0.30991662
163 87.81 0.34381334
166 86.45 0.36758360
169 84.40 0.41784559
172 88.73 0.31009660
175 87.67 0.34157450
178 79.73 0.66652882
181 86.59 0.36543415
184 89.98 0.27838769
187 86.75 0.38624053
190 91.38 0.24306766
193 91.78 0.23313324
196 92.37 0.21514644
199 72.23 1.12594478
202 87.27 0.34067307
205 85.31 0.36976805
208 91.47 0.23557574
211 90.90 0.25224541
214 88.51 0.29695471
217 69.27 0.98002784
220 91.90 0.22625855
223 87.90 0.31540569
226 90.97 0.23905088
229 85.95 0.40631312
232 85.45 0.37233418
235 88.25 0.38267856
238 91.19 0.23032402
241 92.56 0.20397659
244 88.69 0.34858197
247 92.41 0.21171381
250 90.44 0.25649601
253 88.83 0.31780274
256 93.55 0.18090480
259 94.03 0.17285281
262 89.11 0.27040900
265 91.27 0.25146776
268 93.83 0.16521034
271 93.71 0.17166066
274 93.44 0.17874559
277 95.23 0.13957337
280 91.86 0.26180044
283 90.98 0.26406130
286 97.10 0.09565948
289 95.30 0.12683213
292 95.33 0.14247168
295 77.38 0.91546812
298 96.88 0.09646099
300 94.38 0.14642793
