1 6.40 2.30272818
41 19.20 2.29840169
81 37.20 2.29294715
121 53.60 2.28362856
161 58.40 2.26328902
201 44.00 2.20182719
241 38.40 1.85240636
281 56.80 1.17223668
321 65.20 0.87819580
361 68.00 0.72451804
401 73.60 0.63396195
441 83.20 0.49872686
481 79.60 0.49229473
521 86.80 0.41976882
561 88.40 0.31336960
601 92.00 0.24407561
641 92.40 0.20237964
681 95.60 0.13274726
721 97.20 0.10428542
761 92.80 0.22073545
801 99.20 0.05189799
841 100.00 0.04279083
881 100.00 0.02628539
921 100.00 0.01729736
961 100.00 0.01187053
1001 100.00 0.00975152
1041 100.00 0.00712043
1081 100.00 0.00593121
1121 100.00 0.00494238
1161 100.00 0.00423259
1201 100.00 0.00369670
1241 100.00 0.00325739
1281 100.00 0.00290685
1321 100.00 0.00261586
1361 100.00 0.00237293
1401 100.00 0.00216876
1441 100.00 0.00199101
1481 100.00 0.00183813
1521 100.00 0.00170436
1561 100.00 0.00158752
1601 100.00 0.00148347
1641 100.00 0.00139116
1681 100.00 0.00130851
1721 100.00 0.00123499
1761 100.00 0.00116744
1801 100.00 0.00110617
1841 100.00 0.00105101
1881 100.00 0.00100006
1920 100.00 0.00095468
