1 41.20 1.75553878
2 74.31 0.74565196
3 79.79 0.64707171
4 89.30 0.36286754
5 85.52 0.43896343
6 76.75 0.73561078
7 86.11 0.42448214
8 80.86 0.60070160
9 94.10 0.19811533
10 91.63 0.25132403
11 95.95 0.14332365
12 97.00 0.11475409
13 96.71 0.11504893
14 95.18 0.15349153
15 96.72 0.10380276
16 86.06 0.42629339
31 99.96 0.00870154
46 99.73 0.01297146
61 100.00 0.00132275
76 100.00 0.00088761
91 100.00 0.00064321
106 100.00 0.00050535
121 100.00 0.00039609
136 100.00 0.00033275
151 100.00 0.00028462
166 100.00 0.00024967
181 100.00 0.00021870
196 100.00 0.00019414
211 100.00 0.00017724
226 100.00 0.00016482
241 100.00 0.00014569
256 100.00 0.00013385
271 100.00 0.00012380
286 100.00 0.00011469
301 100.00 0.00010779
316 100.00 0.00010075
331 100.00 0.00009551
346 100.00 0.00008965
360 100.00 0.00008486
