1 10.00 2.30166910
2 12.86 2.30098268
3 17.66 2.30023825
4 25.91 2.29953407
5 30.16 2.29875914
6 32.57 2.29806171
7 33.78 2.29714889
13 38.82 2.29017358
19 40.97 2.27422351
25 35.19 2.21414946
31 32.54 1.89345278
37 49.93 1.26136257
43 58.09 1.04455985
49 59.88 1.02525774
55 62.16 1.06864500
61 60.44 0.91484731
67 69.52 0.82889596
73 70.93 0.81242997
79 71.73 0.76985020
85 72.28 0.74841229
91 71.43 0.76412817
97 76.84 0.67179707
103 71.72 0.91632491
109 71.90 0.74691957
115 72.16 0.73413194
121 73.70 0.75957234
127 78.16 0.59842781
133 59.23 1.19387493
139 76.70 0.68900153
145 82.48 0.48297203
151 81.27 0.51621169
157 82.54 0.48102882
163 75.47 0.73205975
169 83.08 0.46781069
175 67.05 1.24614843
181 79.11 0.62717092
187 83.14 0.48704800
193 72.22 0.80654146
199 84.87 0.42883629
205 84.72 0.41049918
211 79.94 0.58593720
217 85.27 0.41101339
223 85.72 0.39443818
229 79.39 0.69655485
235 82.03 0.51483576
241 88.45 0.31946626
247 84.76 0.41462826
253 87.25 0.37193988
259 84.79 0.42481738
265 81.39 0.57911432
271 88.58 0.31604999
277 78.73 0.60836462
283 78.06 0.67410615
289 84.74 0.38907279
295 80.13 0.53939640
301 90.73 0.27264481
307 91.75 0.23943387
313 74.01 0.76445556
319 72.19 0.88703822
325 88.64 0.32198433
331 92.84 0.22004267
337 91.60 0.22886214
343 83.54 0.58328383
349 89.55 0.29709105
355 79.61 0.86037987
361 93.52 0.18367898
367 91.88 0.23032609
373 94.61 0.15839673
379 95.63 0.13387065
385 68.91 1.32096117
391 92.03 0.21843004
397 95.68 0.12950197
403 95.82 0.12755461
409 85.69 0.53794170
415 96.32 0.11555501
421 97.08 0.10050619
427 93.76 0.15686930
433 96.39 0.10855884
439 47.19 3.42324444
445 95.85 0.11501954
451 97.43 0.08315365
457 88.90 0.41413109
463 86.24 0.36056788
469 95.39 0.13118170
475 97.79 0.08067681
481 90.87 0.24732560
487 98.49 0.05845060
493 97.60 0.07044390
499 91.34 0.22758958
505 98.80 0.05465732
511 97.43 0.08536024
517 98.53 0.05506366
523 99.31 0.03627081
529 97.29 0.07935478
535 99.35 0.03414098
541 99.42 0.03190112
547 99.56 0.02446432
553 99.53 0.02695122
559 99.54 0.02764955
565 96.97 0.08464999
571 98.92 0.03837819
577 99.83 0.01817247
583 99.82 0.01670424
589 95.24 0.15665247
595 99.78 0.01599636
600 99.90 0.01171979
