1 10.00 2.30281636
81 13.50 2.29926640
161 17.50 2.29542696
241 29.25 2.29016444
321 47.75 2.28154621
401 53.25 2.26468813
481 43.75 2.22081298
561 31.75 2.07193050
641 35.50 1.70157436
721 55.25 1.27658033
801 60.75 1.01143589
881 71.25 0.79717865
961 76.25 0.67857696
1041 77.25 0.69783904
1121 94.50 0.29051511
1201 96.75 0.19975377
1281 98.00 0.12232191
1361 99.50 0.06989619
1441 99.75 0.05026575
1521 100.00 0.02689212
1601 100.00 0.01853061
1681 100.00 0.01390177
1761 100.00 0.01097811
1841 100.00 0.00899299
1921 100.00 0.00756021
2001 100.00 0.00648340
2081 100.00 0.00564864
2161 100.00 0.00498349
2241 100.00 0.00444485
2321 100.00 0.00399872
2401 100.00 0.00362371
2481 100.00 0.00330573
2561 100.00 0.00303227
2641 100.00 0.00279531
2721 100.00 0.00258832
2801 100.00 0.00240606
2881 100.00 0.00224464
2961 100.00 0.00210083
3041 100.00 0.00197194
3121 100.00 0.00185591
3201 100.00 0.00175113
3281 100.00 0.00165603
3361 100.00 0.00156933
3441 100.00 0.00149005
3521 100.00 0.00141739
3601 100.00 0.00135062
3681 100.00 0.00128894
3761 100.00 0.00123201
3841 100.00 0.00117919
3921 100.00 0.00113014
4001 100.00 0.00108447
4081 100.00 0.00104193
4161 100.00 0.00100211
4241 100.00 0.00096483
4321 100.00 0.00092987
4401 100.00 0.00089706
4481 100.00 0.00086619
4561 100.00 0.00083709
4641 100.00 0.00080964
4721 100.00 0.00078375
4800 100.00 0.00075952
