1 56.20 9.73789196
2 66.20 9.00954151
3 28.80 8.66796074
4 41.20 8.11653385
5 20.80 7.76237078
6 48.40 6.89574537
7 19.60 7.25000839
8 36.00 6.36297531
9 41.40 5.83641024
10 49.00 5.26498890
11 39.20 5.21146564
12 51.40 4.52838736
13 46.20 4.45761671
14 38.60 4.40858841
15 44.80 3.83260980
16 27.60 4.35230913
17 50.00 3.44380255
18 68.60 3.03738317
19 23.00 3.91435509
20 38.40 3.31853437
201 42.40 2.33867831
401 99.00 0.71834756
601 99.00 0.73131862
801 96.20 0.80374488
1001 98.80 0.72294173
1201 90.00 1.01583257
1401 98.80 0.76641821
1601 99.80 0.67953836
1801 99.20 0.75982921
2001 65.60 1.52819960
2201 99.80 0.67744701
2401 97.40 0.75087098
2601 99.20 0.67074721
2801 99.80 0.67216631
3001 95.80 0.74045281
3201 99.40 0.68509477
3401 99.80 0.66880890
3600 99.60 0.66875241
