1 49.00 2.22727714
2 65.00 1.90910072
3 45.20 1.75665953
4 37.60 1.98239148
5 29.00 2.45175858
6 52.20 1.40917032
7 62.60 1.16424890
8 63.80 0.88490582
9 75.20 0.70830389
10 78.00 0.68904734
11 71.60 1.04616748
12 78.20 0.53807673
13 86.60 0.40534493
14 83.80 0.42636610
15 91.40 0.25722522
16 93.00 0.23418491
17 98.00 0.09655385
18 79.60 0.71162927
19 80.00 0.59584000
20 91.80 0.25837214
201 100.00 0.00028874
401 100.00 0.00012237
601 100.00 0.00007541
801 100.00 0.00005373
1001 100.00 0.00004139
1201 100.00 0.00003347
1401 100.00 0.00002798
1601 100.00 0.00002397
1801 100.00 0.00002093
2001 100.00 0.00001853
2201 100.00 0.00001661
2401 100.00 0.00001503
2601 100.00 0.00001371
2801 100.00 0.00001259
3001 100.00 0.00001163
3201 100.00 0.00001080
3401 100.00 0.00001007
3600 100.00 0.00000944
