1 73.00 6.11848259
2 33.00 5.84030685
3 59.00 5.32756557
4 43.00 5.33687162
5 29.00 5.43423157
6 39.00 4.98833981
7 50.00 4.45466909
8 69.00 4.01727157
9 36.00 4.73321457
10 70.00 3.89219961
11 59.00 3.92842360
12 34.00 5.23660536
13 63.00 3.86386118
14 68.00 3.75206060
15 62.00 3.87642465
16 71.00 3.22124872
17 75.00 3.04120374
18 71.00 2.93610983
19 49.00 3.91139770
20 80.00 2.83275981
21 75.00 2.71865606
22 85.00 2.52331047
23 93.00 2.18101115
24 97.00 2.03516104
25 98.00 1.91598980
26 94.00 1.92105706
27 99.00 1.74117160
28 89.00 1.87300584
29 70.00 2.42202001
30 80.00 2.29792233
31 78.00 2.05731373
32 82.00 1.91714499
33 74.00 2.19128361
34 93.00 1.63976941
35 83.00 1.86647375
36 86.00 1.79887686
37 92.00 1.40468836
38 100.00 1.26424184
39 100.00 1.16713970
40 100.00 1.09849474
801 100.00 0.42993901
1601 100.00 0.31851953
2401 100.00 0.25841802
3201 100.00 0.25896074
4001 100.00 0.27580180
4801 100.00 0.29424278
5601 100.00 0.27662280
6401 100.00 0.25843335
7201 100.00 0.25418569
8001 100.00 0.25100210
8801 100.00 0.25025089
9601 100.00 0.27632009
10401 100.00 0.29856275
11201 100.00 0.25001907
12001 100.00 0.24941968
12801 100.00 0.25791492
13601 100.00 0.25333038
14401 100.00 0.24845202
15201 100.00 0.24873680
16001 100.00 0.25434792
16801 100.00 0.25188950
17601 100.00 0.24890309
18000 100.00 0.25059891
