1 10.80 2.30112247
2 14.15 2.29960844
3 16.60 2.29808407
4 17.95 2.29642878
5 20.18 2.29450320
6 20.55 2.29225820
7 22.75 2.28952073
8 27.20 2.28608362
9 29.78 2.28169227
10 31.85 2.27588496
11 33.00 2.26805505
12 35.32 2.25693227
13 33.05 2.24053790
14 29.43 2.21515082
15 26.85 2.17492746
16 24.98 2.11267564
17 24.77 2.02158971
18 26.70 1.91038074
19 28.18 1.82958454
20 26.00 1.74757259
21 28.23 1.70970497
22 32.33 1.71972783
23 35.62 1.51908576
24 26.93 2.00326660
25 44.53 1.45120363
26 42.20 1.39470469
27 37.83 1.44356862
28 45.55 1.32162194
29 40.23 1.37847044
30 43.98 1.30156673
31 40.17 1.40241990
32 44.12 1.41439055
33 45.72 1.24840507
34 43.30 1.28711247
35 42.23 1.26136094
36 50.12 1.11845244
37 37.10 1.41554689
38 50.43 1.14678400
39 53.70 1.11786874
40 52.58 1.08461887
41 44.83 1.23327659
42 38.05 1.48394526
43 54.68 1.06342634
44 54.42 1.04914814
45 54.50 1.04702416
46 58.95 1.01433850
47 45.97 1.24661064
48 45.42 1.36866481
49 58.17 1.02414298
50 56.65 1.09049771
51 59.17 1.00887360
52 58.70 0.96730706
53 56.55 1.05301317
54 52.52 1.11481399
55 60.72 0.92424908
56 58.03 0.99100785
57 58.62 1.02032566
58 61.25 0.94219013
59 60.82 0.96751847
60 57.90 1.02683626
61 61.48 0.93018643
62 60.43 1.07684893
63 58.62 1.21456731
64 53.35 1.31840242
65 62.75 0.91230172
66 66.53 0.83932326
67 63.92 0.88885586
68 63.85 0.85675508
69 67.40 0.80725751
70 67.62 0.78622628
71 65.05 0.83805443
72 63.17 0.89347427
73 68.12 0.77688431
74 68.77 0.79534385
75 67.45 0.76663265
76 71.05 0.76030656
77 64.67 0.88089358
78 70.15 0.74040910
79 71.88 0.72986126
80 70.52 0.70620881
81 70.73 0.73383557
82 60.23 0.94928506
83 60.30 1.26520097
84 70.25 0.75677406
85 74.28 0.69775239
86 73.22 0.68294688
87 71.10 0.72652781
88 73.45 0.65797417
89 71.90 0.76379662
90 67.25 0.86101341
91 75.38 0.64906733
92 74.28 0.64569078
93 72.12 0.71780217
94 77.83 0.60349119
95 77.07 0.61874988
96 76.70 0.60838649
97 75.28 0.61913725
98 73.38 0.66049214
99 66.72 0.96979097
100 77.25 0.63579262
101 72.55 0.71584245
151 85.00 0.40822183
201 88.72 0.31253009
251 84.97 0.50073101
301 92.83 0.22019327
351 96.28 0.11339210
401 83.55 0.53117740
451 86.65 0.35832636
501 98.88 0.04579756
551 99.60 0.02310498
601 98.20 0.05448649
651 100.00 0.00513879
701 100.00 0.00152936
751 100.00 0.00097607
801 100.00 0.00072071
851 100.00 0.00056415
901 100.00 0.00046214
951 100.00 0.00039146
1001 100.00 0.00034037
1051 100.00 0.00029673
1101 100.00 0.00026370
1151 100.00 0.00023740
1201 100.00 0.00021555
1251 100.00 0.00019731
1301 100.00 0.00018218
1351 100.00 0.00016860
1401 100.00 0.00015612
1451 100.00 0.00014600
1501 100.00 0.00013704
1551 100.00 0.00012920
1601 100.00 0.00012111
1651 100.00 0.00011467
1701 100.00 0.00010897
1751 100.00 0.00010375
1801 100.00 0.00009906
1851 100.00 0.00009418
1901 100.00 0.00008986
1951 100.00 0.00008611
2001 100.00 0.00008268
2051 100.00 0.00007943
2101 100.00 0.00007658
2151 100.00 0.00007369
2201 100.00 0.00007098
2251 100.00 0.00006845
2301 100.00 0.00006617
2351 100.00 0.00006391
2400 100.00 0.00006244
