1 28.00 29.68180161
2 30.00 19.94196587
3 17.00 12.83994007
4 10.00 8.00771818
5 10.00 4.92578907
6 10.00 3.21562686
7 10.00 2.50806336
8 10.00 2.37104473
9 10.00 2.37001314
10 10.00 2.36959114
11 10.00 2.36953831
12 10.00 2.36961880
13 10.00 2.36948481
14 10.00 2.36953888
15 10.00 2.36954226
16 10.00 2.36939535
17 10.00 2.36957412
18 10.00 2.36938848
19 10.00 2.36941500
20 10.00 2.36947818
21 10.00 2.36937156
22 10.00 2.36942396
23 10.00 2.36951480
24 10.00 2.36955519
25 10.00 2.36953082
26 10.00 2.36945548
27 10.00 2.36949968
28 10.00 2.36952500
29 10.00 2.36952958
30 10.00 2.36959271
31 10.00 2.36949582
32 10.00 2.36930451
33 10.00 2.36956391
34 10.00 2.36941671
35 10.00 2.36949177
36 10.00 2.36978011
37 10.00 2.36950121
38 10.00 2.36967840
39 10.00 2.36950312
40 10.00 2.36953635
801 10.00 2.36974559
1601 10.00 2.36948562
2401 10.00 2.36966114
3201 10.00 2.36946917
4001 10.00 2.36950755
4801 10.00 2.36954894
5601 10.00 2.36942735
6401 10.00 2.36959009
7201 10.00 2.36952066
8001 10.00 2.36936779
8801 10.00 2.36945438
9601 10.00 2.36955199
10401 10.00 2.36949592
11201 10.00 2.36951423
12001 10.00 2.36948204
12801 10.00 2.36936007
13601 10.00 2.36972890
14401 10.00 2.36945071
15201 10.00 2.36946187
16001 10.00 2.36951990
16801 10.00 2.36948457
17601 10.00 2.36932921
18000 10.00 2.36958075
