1 32.37 2.27136499
3 65.54 1.88644822
5 79.85 0.74469023
7 85.72 0.50407763
9 88.30 0.41369512
11 89.51 0.36791754
13 90.38 0.33764760
15 91.01 0.31448853
17 91.52 0.29620222
19 92.03 0.27923787
21 92.32 0.26664384
23 92.75 0.25247022
25 93.16 0.23701896
27 93.46 0.22811733
29 93.89 0.21456803
31 94.20 0.20590812
33 94.41 0.19664286
35 94.62 0.18697670
37 94.89 0.17998063
39 95.12 0.17243182
41 95.41 0.16206258
43 95.54 0.15818562
45 95.68 0.15068359
47 95.96 0.14347458
49 96.14 0.13675621
51 96.14 0.13483655
53 96.36 0.12683762
55 96.51 0.12334682
57 96.67 0.11760403
59 96.77 0.11365527
60 96.79 0.11242893
