(1, 27.939999999999998, 2.2210989892482758)
(1, 35.0, 2.1996298313140867)
(2, 20.75, 2.3181257009506226)
(2, 23.0, 2.2519692754745484)
(3, 18.98, 2.306654852628708)
(3, 21.0, 2.3931598091125488)
(4, 34.29, 1.9480102151632308)
(4, 36.0, 1.899940710067749)
(1, 35.0, 2.1996298313140867)
(2, 23.0, 2.2519692754745484)
(3, 21.0, 2.3931598091125488)
(4, 36.0, 1.899940710067749)
(5, 47.0, 1.6232652378082275)
(6, 34.0, 1.8389154148101807)
(7, 40.0, 1.431323571205139)
(8, 53.0, 1.1378589618206023)
(9, 56.99999999999999, 1.2606300830841064)
(10, 51.0, 3.779989601969719)
(11, 61.0, 1.2541408109664918)
(12, 72.0, 0.5686126368865371)
(13, 82.0, 0.405614385008812)
(14, 80.0, 0.39946983743458986)
(15, 82.0, 0.39901596440002324)
(16, 74.0, 0.6153422433324158)
(17, 88.0, 0.1978451210865751)
(18, 90.0, 0.1359315514471382)
(19, 98.0, 0.09938857079483569)
(20, 100.0, 0.03233396682422608)
(21, 100.0, 0.04301325161708519)
(22, 100.0, 0.011337620234116911)
(23, 100.0, 0.00429599873139523)
(24, 100.0, 0.0027118093136232345)
(25, 100.0, 0.0020801997755188497)
(1001, 100.0, 5.872206088497478e-06)
(2001, 100.0, 2.6786237668829926e-06)
(3001, 100.0, 1.6939603824539517e-06)
(4001, 100.0, 1.2218933363783434e-06)
(5001, 100.0, 9.465206493786127e-07)
(6001, 100.0, 7.700912703967333e-07)
(7001, 100.0, 6.461138451641091e-07)
(8001, 100.0, 5.567070087408865e-07)
(9001, 100.0, 4.839894308616977e-07)
(10001, 100.0, 4.303453071941021e-07)
(11001, 100.0, 3.933904775266228e-07)
(12001, 100.0, 3.3617005414043887e-07)
(13001, 100.0, 3.1590449438567704e-07)
(14001, 100.0, 2.8610219310110097e-07)
(15001, 100.0, 2.7060500087827674e-07)
(16001, 100.0, 2.491473392751686e-07)
(17001, 100.0, 2.384185091841573e-07)
(18001, 100.0, 2.1815294253713092e-07)
(19001, 100.0, 2.0265574086408832e-07)
(20001, 100.0, 1.9192691489422486e-07)
(21001, 100.0, 1.8358226341774753e-07)
(22001, 100.0, 1.776218022797593e-07)
(23001, 100.0, 1.7166134028911983e-07)
(24000, 100.0, 1.5854832462025569e-07)
(1, 23.0, 2.159710922241211)
(2, 20.0, 2.06657895565033)
(3, 39.0, 1.6954170227050782)
(4, 41.0, 1.425475527048111)
(5, 65.0, 1.4181344676017762)
(6, 49.0, 1.4063482201099395)
(7, 65.0, 1.0975894528627395)
(8, 61.0, 0.8306999352574348)
(9, 66.0, 0.7842524155974389)
(10, 69.0, 0.9177586781675927)
(11, 60.0, 0.9235155056603253)
(12, 50.0, 1.2374605488777162)
(13, 67.0, 0.9943992772698402)
(14, 68.0, 1.2273097747564317)
(15, 88.0, 0.3189538627676666)
(16, 74.0, 0.8448325415328145)
(17, 83.0, 0.43660372889833526)
(18, 87.0, 0.33963145211338996)
(19, 94.0, 0.15727449870668353)
(20, 88.0, 0.6310810308903456)
(21, 95.0, 0.24675693288445472)
(22, 100.0, 0.03671103609725833)
(23, 100.0, 0.004770601867930963)
(24, 100.0, 0.002848893877817318)
(25, 100.0, 0.0020838326192460952)
(1001, 100.0, 4.8637122552008804e-06)
(2001, 100.0, 2.229208085964274e-06)
(3001, 100.0, 1.4042832151517358e-06)
(4001, 100.0, 1.0156619847379034e-06)
(5001, 100.0, 7.987015140997756e-07)
(6001, 100.0, 6.496901511354736e-07)
(7001, 100.0, 5.42401924974456e-07)
(8001, 100.0, 4.7326061732633205e-07)
(9001, 100.0, 4.065034928402156e-07)
(10001, 100.0, 3.683565526557686e-07)
(11001, 100.0, 3.230570555246004e-07)
(12001, 100.0, 2.908705741333506e-07)
(13001, 100.0, 2.694129128855138e-07)
(14001, 100.0, 2.455710696125379e-07)
(15001, 100.0, 2.2768968847231007e-07)
(16001, 100.0, 2.1338457962372103e-07)
(17001, 100.0, 1.9788738207182632e-07)
(18001, 100.0, 1.8715854636752737e-07)
(19001, 100.0, 1.7404552934863205e-07)
(20001, 100.0, 1.66892972970345e-07)
(21001, 100.0, 1.5974041929212034e-07)
(22001, 100.0, 1.561641414582482e-07)
(23001, 100.0, 1.5020367996498862e-07)
(24000, 100.0, 1.4066693978520562e-07)
(1, 27.0, 2.1063119268417356)
(2, 37.0, 2.06957302570343)
(3, 23.0, 2.063088574409485)
(4, 41.0, 1.9094002676010131)
(5, 42.0, 1.734913113117218)
(6, 46.0, 1.6234840381145477)
(7, 56.99999999999999, 1.2666339828073978)
(8, 50.0, 1.1101016652584077)
(9, 59.0, 1.166704832315445)
(10, 49.0, 1.423388696834445)
(11, 76.0, 0.698442656993866)
(12, 75.0, 0.6494137370586395)
(13, 49.0, 1.8330879068374635)
(14, 72.0, 0.8689589755237103)
(15, 71.0, 0.759721420109272)
(16, 95.0, 0.16695747503079475)
(17, 81.0, 0.8536070919968188)
(18, 89.0, 0.4141640241257846)
(19, 97.0, 0.09338205519132316)
(20, 94.0, 0.21437594518065453)
(21, 99.0, 0.034971422881353645)
(22, 99.0, 0.04330968653317541)
(23, 88.0, 0.7293595485668629)
(24, 99.0, 0.11969935371773317)
(25, 100.0, 0.01887305443873629)
(1001, 100.0, 5.637362355628284e-06)
(2001, 100.0, 2.5463013139415124e-06)
(3001, 100.0, 1.5890562760034753e-06)
(4001, 100.0, 1.1527519586707059e-06)
(5001, 100.0, 8.916843631823213e-07)
(6001, 100.0, 7.164471043097365e-07)
(7001, 100.0, 5.972380319008153e-07)
(8001, 100.0, 5.185600254264955e-07)
(9001, 100.0, 4.529950000176086e-07)
(10001, 100.0, 4.041192646297986e-07)
(11001, 100.0, 3.600118722602019e-07)
(12001, 100.0, 3.302095808521699e-07)
(13001, 100.0, 3.027914695508116e-07)
(14001, 100.0, 2.765654434000453e-07)
(15001, 100.0, 2.515315094342441e-07)
(16001, 100.0, 2.3484222047898129e-07)
(17001, 100.0, 2.1815293379745526e-07)
(18001, 100.0, 2.0503991997600225e-07)
(19001, 100.0, 1.9550318157257606e-07)
(20001, 100.0, 1.8835062888911126e-07)
(21001, 100.0, 1.74045518690491e-07)
(22001, 100.0, 1.633166903758365e-07)
(23001, 100.0, 1.549720447968639e-07)
(24000, 100.0, 1.4901158273517013e-07)
(1, 42.0, 2.0791216897964477)
(2, 34.0, 1.7800749492645265)
(3, 38.0, 1.6835163712501526)
(4, 40.0, 2.07286594375968)
(5, 45.0, 1.859432545900345)
(6, 46.0, 1.4977537775039673)
(7, 42.0, 1.7100754809379577)
(8, 68.0, 0.7543259054422379)
(9, 69.0, 0.6159686996042728)
(10, 83.0, 0.5604000136256218)
(11, 68.0, 0.919623495452106)
(12, 76.0, 0.6442438474809751)
(13, 87.0, 0.38333756315521894)
(14, 77.0, 0.7778677046298981)
(15, 75.0, 0.8988355305790902)
(16, 78.0, 0.6086603386141359)
(17, 86.0, 0.3662556420546025)
(18, 75.0, 0.619331075490336)
(19, 94.0, 0.1853784047625959)
(20, 98.0, 0.0781099433125928)
(21, 77.0, 0.8334007197618485)
(22, 88.0, 0.5415626803506166)
(23, 82.0, 0.4250383549928665)
(24, 97.0, 0.11465230200439691)
(25, 94.0, 0.1615055772289634)
(1001, 100.0, 5.533649100470939e-06)
(2001, 100.0, 2.495041127303921e-06)
(3001, 100.0, 1.571174750552018e-06)
(4001, 100.0, 1.1336784381654753e-06)
(5001, 100.0, 8.761871328033522e-07)
(6001, 100.0, 7.104866079998828e-07)
(7001, 100.0, 5.936617421298251e-07)
(8001, 100.0, 5.114074576795247e-07)
(9001, 100.0, 4.518029082589692e-07)
(10001, 100.0, 3.9696670782518596e-07)
(11001, 100.0, 3.612039550660029e-07)
(12001, 100.0, 3.230570236212316e-07)
(13001, 100.0, 2.9087054272736166e-07)
(14001, 100.0, 2.706049787093434e-07)
(15001, 100.0, 2.491473250643139e-07)
(16001, 100.0, 2.2768966296382586e-07)
(17001, 100.0, 2.1457665077662114e-07)
(18001, 100.0, 2.0027154292279193e-07)
(19001, 100.0, 1.871585303803158e-07)
(20001, 100.0, 1.752376073227424e-07)
(21001, 100.0, 1.6689296280958388e-07)
(22001, 100.0, 1.5735622511670043e-07)
(23001, 100.0, 1.513957638366037e-07)
(24000, 100.0, 1.4662739140192115e-07)
(1, 27.939999999999998, 2.2210989892482758)
(2, 20.75, 2.3181257009506226)
(3, 18.98, 2.306654852628708)
(4, 34.29, 1.9480102151632308)
(5, 35.4, 1.832704982161522)
(6, 29.75, 2.040103426575661)
(7, 35.29, 1.8934194594621658)
(8, 41.58, 1.457873710989952)
(9, 46.17, 1.5819952666759491)
(10, 42.6, 3.994200122356415)
(11, 47.620000000000005, 1.6625334948301316)
(12, 57.620000000000005, 1.2066962778568269)
(13, 59.809999999999995, 1.1790513873100281)
(14, 65.75999999999999, 1.0838331505656242)
(15, 62.5, 1.221451960504055)
(16, 51.25999999999999, 1.835825762152672)
(17, 67.53, 1.0656427085399627)
(18, 68.14, 1.0579172506928445)
(19, 70.63000000000001, 1.0106901191174984)
(20, 70.82000000000001, 1.1268037915229798)
(21, 72.42, 1.012768106162548)
(22, 71.27, 1.108263197541237)
(23, 71.94, 1.1635556384921073)
(24, 72.1, 1.150333248078823)
(25, 72.02, 1.1885360196232795)
(1001, 73.46000000000001, 1.6707714930176736)
(2001, 73.61, 1.7693573206663131)
(3001, 73.64, 1.7584646791219711)
(4001, 73.68, 1.8394715398550034)
(5001, 73.69, 1.8472443044185638)
(6001, 73.74000000000001, 1.8406930640339851)
(7001, 73.76, 1.8604768574237824)
(8001, 73.8, 1.854663648456335)
(9001, 73.83, 1.9362848311662675)
(10001, 73.85000000000001, 1.9077730119228362)
(11001, 73.87, 1.9073868274688721)
(12001, 73.85000000000001, 1.9406244665384293)
(13001, 73.87, 1.916085147857666)
(14001, 73.87, 1.939622977375984)
(15001, 73.88, 1.9558612883090973)
(16001, 73.89, 1.9596967846155167)
(17001, 73.92999999999999, 1.9844178140163422)
(18001, 73.94, 1.9843542158603669)
(19001, 73.96000000000001, 1.9630137622356414)
(20001, 73.98, 1.956945186853409)
(21001, 73.99, 2.0308914840221406)
(22001, 74.0, 2.0074736386537553)
(23001, 73.99, 1.993033793568611)
(24000, 74.0, 2.040062791109085)
(1, 17.71, 2.2055684328079224)
(2, 18.86, 2.191218599677086)
(3, 34.89, 1.8504682689905168)
(4, 35.86, 1.727446621656418)
(5, 52.71, 1.6646264374256134)
(6, 39.519999999999996, 1.654567965865135)
(7, 54.49, 1.417773187160492)
(8, 51.85999999999999, 1.2205912366509437)
(9, 56.99999999999999, 1.2400042235851287)
(10, 56.989999999999995, 1.4289937347173691)
(11, 50.260000000000005, 1.4491829127073288)
(12, 39.739999999999995, 1.6149543434381486)
(13, 55.08, 1.4704823404550553)
(14, 48.89, 1.665912526845932)
(15, 64.75, 1.3270750403404237)
(16, 55.510000000000005, 1.5582187354564667)
(17, 64.35, 1.2027941465377807)
(18, 66.39, 0.9282313466072083)
(19, 71.77, 0.9055863410234452)
(20, 60.36, 1.734897145628929)
(21, 66.84, 1.1051159083843232)
(22, 68.8, 1.1610102221369742)
(23, 73.64, 1.0461238518357276)
(24, 74.21, 1.0473473906517028)
(25, 74.35000000000001, 1.0517786756157874)
(1001, 75.36, 1.5183601379394531)
(2001, 75.42, 1.5525703758001328)
(3001, 75.53, 1.6343246877193451)
(4001, 75.55, 1.6619168758392333)
(5001, 75.61, 1.6581518277525902)
(6001, 75.63, 1.6864592492580415)
(7001, 75.64999999999999, 1.6734665781259537)
(8001, 75.67, 1.7055260241031647)
(9001, 75.68, 1.6825763955712318)
(10001, 75.7, 1.749676188826561)
(11001, 75.69, 1.6961557855829597)
(12001, 75.7, 1.758450096845627)
(13001, 75.71, 1.7699662894010544)
(14001, 75.71, 1.7680825352668763)
(15001, 75.75, 1.7471707463264465)
(16001, 75.74, 1.7900016278028488)
(17001, 75.72, 1.7448237091302872)
(18001, 75.75, 1.79023839533329)
(19001, 75.76, 1.8250710606575011)
(20001, 75.76, 1.7891506254673004)
(21001, 75.76, 1.8213689178228378)
(22001, 75.75, 1.7987904369831085)
(23001, 75.76, 1.81423821747303)
(24000, 75.78, 1.7907175868749619)
(1, 23.98, 2.15743283033371)
(2, 26.85, 2.2657906651496886)
(3, 16.259999999999998, 2.171735590696335)
(4, 32.85, 2.0231250435113908)
(5, 32.87, 1.9817453801631928)
(6, 32.519999999999996, 2.1014124184846876)
(7, 47.199999999999996, 1.601745319366455)
(8, 35.43, 1.7470393478870392)
(9, 42.85, 1.6145072758197785)
(10, 44.269999999999996, 1.9127859979867936)
(11, 53.92, 1.331378772854805)
(12, 54.669999999999995, 1.3287020474672318)
(13, 36.8, 2.5675189077854155)
(14, 49.3, 1.7020706355571746)
(15, 49.65, 1.5445296883583068)
(16, 63.38, 1.4140537708997727)
(17, 53.949999999999996, 2.1127182587981226)
(18, 56.47, 1.4764630138874053)
(19, 63.0, 1.3062826991081238)
(20, 61.14000000000001, 1.1903458833694458)
(21, 62.260000000000005, 1.5250450789928436)
(22, 66.55, 1.3127437859773636)
(23, 58.46, 1.8075327932834626)
(24, 65.10000000000001, 1.2845585897564888)
(25, 66.19, 1.3437184244394302)
(1001, 68.67999999999999, 2.1710566371679305)
(2001, 68.64, 2.2074248522520064)
(3001, 68.76, 2.3077095806598664)
(4001, 68.8, 2.2948230266571046)
(5001, 68.91000000000001, 2.3103443682193756)
(6001, 68.94, 2.380078861117363)
(7001, 68.97, 2.390032485127449)
(8001, 68.99, 2.396123617887497)
(9001, 69.03, 2.4141209185123444)
(10001, 69.07, 2.4257854551076887)
(11001, 69.07, 2.4221443951129915)
(12001, 69.12, 2.449533614516258)
(13001, 69.1, 2.493755978345871)
(14001, 69.13, 2.4803335905075072)
(15001, 69.14, 2.4569021463394165)
(16001, 69.15, 2.4693566113710403)
(17001, 69.16, 2.484906756877899)
(18001, 69.17, 2.4742516547441484)
(19001, 69.17999999999999, 2.542185941338539)
(20001, 69.17, 2.474340336024761)
(21001, 69.17, 2.5070953339338304)
(22001, 69.19, 2.499776929616928)
(23001, 69.19, 2.482380786538124)
(24000, 69.22, 2.578264316916466)
(1, 33.239999999999995, 2.130102461576462)
(2, 31.1, 1.9153846621513366)
(3, 31.97, 1.873419213294983)
(4, 36.71, 2.1832134038209916)
(5, 37.18, 2.279409131407738)
(6, 34.68, 1.778078666329384)
(7, 29.959999999999997, 2.0611918747425078)
(8, 53.849999999999994, 1.3150943249464035)
(9, 54.53, 1.2066250175237656)
(10, 64.42, 1.097062648832798)
(11, 55.05, 1.420551609992981)
(12, 59.61, 1.1713809370994568)
(13, 64.44, 1.0651573210954666)
(14, 55.86, 1.4239492624998094)
(15, 50.74999999999999, 1.7434038311243056)
(16, 58.51, 1.2888087898492813)
(17, 62.370000000000005, 1.2366178974509239)
(18, 57.47, 1.675181369483471)
(19, 73.68, 0.8946681663393974)
(20, 75.16000000000001, 0.8804853662848473)
(21, 60.029999999999994, 1.4345852941274644)
(22, 63.980000000000004, 1.2318000853061677)
(23, 56.379999999999995, 1.2315217435359955)
(24, 74.49, 0.9044458493590355)
(25, 70.99, 0.9981459185481072)
(1001, 77.5, 1.2795657768845559)
(2001, 77.58, 1.339153455197811)
(3001, 77.66, 1.3613634020090104)
(4001, 77.75, 1.3923189043998718)
(5001, 77.81, 1.37263164781034)
(6001, 77.83, 1.396709169447422)
(7001, 77.88000000000001, 1.4330925971269608)
(8001, 77.92999999999999, 1.415764407813549)
(9001, 77.95, 1.4437060952186584)
(10001, 77.97, 1.4632455065846444)
(11001, 77.96, 1.4540606081485747)
(12001, 77.99000000000001, 1.4382192328572274)
(13001, 78.03, 1.466064876317978)
(14001, 78.02, 1.456920926272869)
(15001, 78.03999999999999, 1.508497941493988)
(16001, 78.03999999999999, 1.4865316331386567)
(17001, 78.05, 1.5146916300058364)
(18001, 78.05, 1.4948152020573615)
(19001, 78.07, 1.5332712352275848)
(20001, 78.09, 1.484308111667633)
(21001, 78.08, 1.5072719693183898)
(22001, 78.09, 1.535831628739834)
(23001, 78.09, 1.4941468358039856)
(24000, 78.09, 1.5368882685899734)
