1 44.00 2.26589854
81 100.00 0.00272508
161 100.00 0.00101148
241 100.00 0.00059014
321 100.00 0.00040733
401 100.00 0.00030704
481 100.00 0.00024443
561 100.00 0.00020191
641 100.00 0.00017129
721 100.00 0.00014828
801 100.00 0.00013040
881 100.00 0.00011614
961 100.00 0.00010453
1041 100.00 0.00009490
1121 100.00 0.00008680
1201 100.00 0.00007989
1281 100.00 0.00007394
1361 100.00 0.00006876
1441 100.00 0.00006422
1521 100.00 0.00006021
1601 100.00 0.00005663
1681 100.00 0.00005344
1761 100.00 0.00005056
1841 100.00 0.00004796
1921 100.00 0.00004560
2001 100.00 0.00004344
2081 100.00 0.00004147
2161 100.00 0.00003966
2241 100.00 0.00003799
2321 100.00 0.00003644
2400 100.00 0.00003503
