1 11.50 2.30104595
81 100.00 0.00092426
161 100.00 0.00027070
241 100.00 0.00015021
321 100.00 0.00010162
401 100.00 0.00007579
481 100.00 0.00005993
561 100.00 0.00004929
641 100.00 0.00004170
721 100.00 0.00003602
801 100.00 0.00003163
881 100.00 0.00002814
961 100.00 0.00002530
1041 100.00 0.00002295
1121 100.00 0.00002098
1201 100.00 0.00001930
1281 100.00 0.00001785
1361 100.00 0.00001659
1441 100.00 0.00001549
1521 100.00 0.00001451
1601 100.00 0.00001365
1681 100.00 0.00001288
1761 100.00 0.00001218
1841 100.00 0.00001155
1921 100.00 0.00001098
2001 100.00 0.00001046
2081 100.00 0.00000998
2161 100.00 0.00000954
2241 100.00 0.00000914
2321 100.00 0.00000877
2400 100.00 0.00000843
