1 10.40 2.30315742
21 20.00 2.29936314
41 20.20 2.29467010
61 26.60 2.28661556
81 28.80 2.26846473
101 28.00 2.20803235
121 23.40 1.94518936
141 44.80 1.42536592
161 54.40 1.13645654
181 57.00 1.02763233
201 60.80 0.97601700
221 65.80 0.87817668
241 69.40 0.81077105
261 69.60 0.76832244
281 77.00 0.67437017
301 79.40 0.59700518
321 80.20 0.53519936
341 79.20 0.48567783
361 80.80 0.46826644
381 81.60 0.45013361
401 85.00 0.36573616
421 87.60 0.30189262
441 83.60 0.39638344
461 92.40 0.22415737
481 93.80 0.18078195
501 95.80 0.15034668
521 96.40 0.12711628
541 98.20 0.09698462
561 98.80 0.07904097
581 96.60 0.10383983
601 98.20 0.06962623
621 98.20 0.09243375
641 85.60 0.47629203
661 99.60 0.03335631
681 100.00 0.02285676
701 100.00 0.01753100
721 99.80 0.02193523
741 100.00 0.01177272
761 100.00 0.00847851
781 100.00 0.00748104
801 100.00 0.00623928
821 100.00 0.00551291
841 100.00 0.00473397
861 100.00 0.00439015
881 100.00 0.00380096
901 100.00 0.00349683
921 100.00 0.00313960
941 100.00 0.00292906
960 100.00 0.00266728
