1 100.00 0.00000237
2 100.00 0.00000236
3 100.00 0.00000237
4 100.00 0.00000236
5 100.00 0.00000238
6 100.00 0.00000237
7 100.00 0.00000235
8 100.00 0.00000236
9 100.00 0.00000238
10 100.00 0.00000237
11 100.00 0.00000237
12 100.00 0.00000237
13 100.00 0.00000237
14 100.00 0.00000235
15 100.00 0.00000239
16 100.00 0.00000236
17 100.00 0.00000235
18 100.00 0.00000236
19 100.00 0.00000236
20 100.00 0.00000237
21 100.00 0.00000237
22 100.00 0.00000238
23 100.00 0.00000237
24 100.00 0.00000236
25 100.00 0.00000236
26 100.00 0.00000238
27 100.00 0.00000237
28 100.00 0.00000236
29 100.00 0.00000238
30 100.00 0.00000236
31 100.00 0.00000235
32 100.00 0.00000236
33 100.00 0.00000237
34 100.00 0.00000236
35 100.00 0.00000237
36 100.00 0.00000236
37 100.00 0.00000236
38 100.00 0.00000238
39 100.00 0.00000235
40 100.00 0.00000236
41 100.00 0.00000235
81 100.00 0.00000235
121 100.00 0.00000237
161 100.00 0.00000238
201 100.00 0.00000236
241 100.00 0.00000235
281 100.00 0.00000237
321 100.00 0.00000238
361 100.00 0.00000235
401 100.00 0.00000234
441 100.00 0.00000237
481 100.00 0.00000238
521 100.00 0.00000236
561 100.00 0.00000235
600 100.00 0.00000236
