1 44.00 2.24872869
2 69.00 2.14268529
3 51.00 2.04315078
4 53.00 1.59060657
5 43.00 1.80756167
6 34.00 1.93792844
7 66.00 0.91392598
8 20.00 3.08550531
9 68.00 1.21396291
10 60.00 1.06936689
11 78.00 0.61159284
12 56.00 1.15605006
13 92.00 0.54071578
14 91.00 0.35642187
15 98.00 0.20334460
16 89.00 0.27325014
17 85.00 0.71843325
18 90.00 0.53372116
19 90.00 0.26467386
20 100.00 0.06639022
21 100.00 0.02624760
22 100.00 0.01659070
23 100.00 0.01195608
24 100.00 0.00925465
25 100.00 0.00756109
26 100.00 0.00636089
27 100.00 0.00548765
28 100.00 0.00481465
29 100.00 0.00428099
30 100.00 0.00385574
31 100.00 0.00350454
32 100.00 0.00321136
33 100.00 0.00296221
34 100.00 0.00274962
35 100.00 0.00256202
36 100.00 0.00239890
37 100.00 0.00225476
38 100.00 0.00212480
39 100.00 0.00200939
40 100.00 0.00190538
41 100.00 0.00181169
42 100.00 0.00172575
43 100.00 0.00164812
44 100.00 0.00157680
45 100.00 0.00151110
46 100.00 0.00145050
47 100.00 0.00139431
48 100.00 0.00134213
49 100.00 0.00129374
50 100.00 0.00124871
51 100.00 0.00120630
52 100.00 0.00116638
53 100.00 0.00112913
54 100.00 0.00109413
55 100.00 0.00106106
56 100.00 0.00102974
57 100.00 0.00100027
58 100.00 0.00097203
59 100.00 0.00094557
60 100.00 0.00092028
61 100.00 0.00089628
62 100.00 0.00087358
63 100.00 0.00085188
64 100.00 0.00083130
65 100.00 0.00081164
66 100.00 0.00079285
67 100.00 0.00077479
68 100.00 0.00075765
69 100.00 0.00074112
70 100.00 0.00072525
71 100.00 0.00071000
72 100.00 0.00069543
73 100.00 0.00068143
74 100.00 0.00066795
75 100.00 0.00065501
76 100.00 0.00064250
77 100.00 0.00063042
78 100.00 0.00061877
79 100.00 0.00060745
80 100.00 0.00059659
81 100.00 0.00058606
82 100.00 0.00057587
83 100.00 0.00056602
84 100.00 0.00055647
85 100.00 0.00054712
86 100.00 0.00053812
87 100.00 0.00052942
88 100.00 0.00052100
89 100.00 0.00051283
90 100.00 0.00050491
91 100.00 0.00049723
92 100.00 0.00048977
93 100.00 0.00048252
94 100.00 0.00047546
95 100.00 0.00046859
96 100.00 0.00046196
97 100.00 0.00045549
98 100.00 0.00044915
99 100.00 0.00044299
100 100.00 0.00043701
101 100.00 0.00043116
201 100.00 0.00017955
301 100.00 0.00011069
401 100.00 0.00007911
501 100.00 0.00006114
601 100.00 0.00004959
701 100.00 0.00004155
801 100.00 0.00003567
901 100.00 0.00003119
1001 100.00 0.00002769
1101 100.00 0.00002487
1201 100.00 0.00002254
1301 100.00 0.00002059
1401 100.00 0.00001893
1501 100.00 0.00001753
1601 100.00 0.00001630
1701 100.00 0.00001523
1801 100.00 0.00001427
1901 100.00 0.00001344
2001 100.00 0.00001269
2101 100.00 0.00001201
2201 100.00 0.00001139
2301 100.00 0.00001084
2401 100.00 0.00001034
2501 100.00 0.00000988
2601 100.00 0.00000945
2701 100.00 0.00000906
2801 100.00 0.00000870
2901 100.00 0.00000836
3001 100.00 0.00000805
3101 100.00 0.00000777
3201 100.00 0.00000749
3301 100.00 0.00000724
3401 100.00 0.00000699
3501 100.00 0.00000677
3601 100.00 0.00000656
3701 100.00 0.00000635
3801 100.00 0.00000617
3901 100.00 0.00000599
4001 100.00 0.00000582
4101 100.00 0.00000566
4201 100.00 0.00000552
4301 100.00 0.00000538
4401 100.00 0.00000523
4501 100.00 0.00000510
4601 100.00 0.00000497
4701 100.00 0.00000486
4801 100.00 0.00000475
4901 100.00 0.00000465
5001 100.00 0.00000455
5101 100.00 0.00000444
5201 100.00 0.00000434
5301 100.00 0.00000426
5401 100.00 0.00000417
5501 100.00 0.00000409
5601 100.00 0.00000400
5701 100.00 0.00000393
5801 100.00 0.00000384
5901 100.00 0.00000378
6001 100.00 0.00000370
6101 100.00 0.00000364
6201 100.00 0.00000358
6301 100.00 0.00000351
6401 100.00 0.00000344
6501 100.00 0.00000339
6601 100.00 0.00000333
6701 100.00 0.00000328
6801 100.00 0.00000322
6901 100.00 0.00000317
7001 100.00 0.00000312
7101 100.00 0.00000307
7201 100.00 0.00000302
7301 100.00 0.00000298
7401 100.00 0.00000294
7501 100.00 0.00000289
7601 100.00 0.00000285
7701 100.00 0.00000281
7801 100.00 0.00000276
7901 100.00 0.00000273
8001 100.00 0.00000269
8101 100.00 0.00000265
8201 100.00 0.00000262
8301 100.00 0.00000258
8401 100.00 0.00000255
8501 100.00 0.00000252
8601 100.00 0.00000248
8701 100.00 0.00000246
8801 100.00 0.00000242
8901 100.00 0.00000240
9001 100.00 0.00000236
9101 100.00 0.00000233
9201 100.00 0.00000230
9301 100.00 0.00000227
9401 100.00 0.00000225
9501 100.00 0.00000222
9601 100.00 0.00000219
9701 100.00 0.00000217
9801 100.00 0.00000214
9901 100.00 0.00000212
10001 100.00 0.00000209
10101 100.00 0.00000207
10201 100.00 0.00000205
10301 100.00 0.00000203
10401 100.00 0.00000200
10501 100.00 0.00000198
10601 100.00 0.00000196
10701 100.00 0.00000194
10801 100.00 0.00000192
10901 100.00 0.00000190
11001 100.00 0.00000188
11101 100.00 0.00000187
11201 100.00 0.00000185
11301 100.00 0.00000183
11401 100.00 0.00000180
11501 100.00 0.00000179
11601 100.00 0.00000178
11701 100.00 0.00000176
11801 100.00 0.00000174
11901 100.00 0.00000172
12001 100.00 0.00000170
12101 100.00 0.00000170
12201 100.00 0.00000168
12301 100.00 0.00000167
12401 100.00 0.00000165
12501 100.00 0.00000164
12601 100.00 0.00000162
12701 100.00 0.00000161
12801 100.00 0.00000159
12901 100.00 0.00000158
13001 100.00 0.00000156
13101 100.00 0.00000155
13201 100.00 0.00000154
13301 100.00 0.00000153
13401 100.00 0.00000151
13501 100.00 0.00000150
13601 100.00 0.00000149
13701 100.00 0.00000147
13801 100.00 0.00000146
13901 100.00 0.00000145
14001 100.00 0.00000145
14101 100.00 0.00000143
14201 100.00 0.00000142
14301 100.00 0.00000141
14401 100.00 0.00000140
14501 100.00 0.00000138
14601 100.00 0.00000137
14701 100.00 0.00000136
14801 100.00 0.00000135
14901 100.00 0.00000134
15001 100.00 0.00000134
15101 100.00 0.00000132
15201 100.00 0.00000131
15301 100.00 0.00000130
15401 100.00 0.00000129
15501 100.00 0.00000129
15601 100.00 0.00000127
15701 100.00 0.00000127
15801 100.00 0.00000126
15901 100.00 0.00000125
16001 100.00 0.00000125
16101 100.00 0.00000124
16201 100.00 0.00000123
16301 100.00 0.00000122
16401 100.00 0.00000121
16501 100.00 0.00000120
16601 100.00 0.00000119
16701 100.00 0.00000118
16801 100.00 0.00000117
16901 100.00 0.00000117
17001 100.00 0.00000116
17101 100.00 0.00000115
17201 100.00 0.00000114
17301 100.00 0.00000113
17401 100.00 0.00000113
17501 100.00 0.00000112
17601 100.00 0.00000111
17701 100.00 0.00000110
17801 100.00 0.00000110
17901 100.00 0.00000109
18001 100.00 0.00000108
18101 100.00 0.00000108
18201 100.00 0.00000107
18301 100.00 0.00000107
18401 100.00 0.00000106
18501 100.00 0.00000105
18601 100.00 0.00000105
18701 100.00 0.00000104
18801 100.00 0.00000103
18901 100.00 0.00000103
19001 100.00 0.00000102
19101 100.00 0.00000102
19201 100.00 0.00000101
19301 100.00 0.00000100
19401 100.00 0.00000100
19501 100.00 0.00000099
19601 100.00 0.00000098
19701 100.00 0.00000098
19801 100.00 0.00000098
19901 100.00 0.00000097
20001 100.00 0.00000097
20101 100.00 0.00000096
20201 100.00 0.00000095
20301 100.00 0.00000095
20401 100.00 0.00000095
20501 100.00 0.00000094
20601 100.00 0.00000094
20701 100.00 0.00000093
20801 100.00 0.00000093
20901 100.00 0.00000092
21001 100.00 0.00000092
21101 100.00 0.00000091
21201 100.00 0.00000091
21301 100.00 0.00000090
21401 100.00 0.00000090
21501 100.00 0.00000090
21601 100.00 0.00000089
21701 100.00 0.00000089
21801 100.00 0.00000088
21901 100.00 0.00000088
22001 100.00 0.00000087
22101 100.00 0.00000087
22201 100.00 0.00000086
22301 100.00 0.00000085
22401 100.00 0.00000085
22501 100.00 0.00000085
22601 100.00 0.00000084
22701 100.00 0.00000084
22801 100.00 0.00000083
22901 100.00 0.00000083
23001 100.00 0.00000083
23101 100.00 0.00000082
23201 100.00 0.00000082
23301 100.00 0.00000081
23401 100.00 0.00000081
23501 100.00 0.00000080
23601 100.00 0.00000080
23701 100.00 0.00000079
23801 100.00 0.00000079
23901 100.00 0.00000079
24001 100.00 0.00000079
24101 100.00 0.00000078
24201 100.00 0.00000078
24301 100.00 0.00000078
24401 100.00 0.00000077
24501 100.00 0.00000077
24601 100.00 0.00000077
24701 100.00 0.00000077
24801 100.00 0.00000076
24901 100.00 0.00000076
25001 100.00 0.00000075
25101 100.00 0.00000075
25201 100.00 0.00000075
25301 100.00 0.00000074
25401 100.00 0.00000074
25501 100.00 0.00000074
25601 100.00 0.00000074
25701 100.00 0.00000074
25801 100.00 0.00000073
25901 100.00 0.00000073
26001 100.00 0.00000073
26101 100.00 0.00000072
26201 100.00 0.00000072
26301 100.00 0.00000072
26401 100.00 0.00000071
26501 100.00 0.00000071
26601 100.00 0.00000071
26701 100.00 0.00000070
26801 100.00 0.00000070
26901 100.00 0.00000069
27001 100.00 0.00000069
27101 100.00 0.00000069
27201 100.00 0.00000068
27301 100.00 0.00000068
27401 100.00 0.00000068
27501 100.00 0.00000068
27601 100.00 0.00000067
27701 100.00 0.00000067
27801 100.00 0.00000067
27901 100.00 0.00000067
28001 100.00 0.00000067
28101 100.00 0.00000066
28201 100.00 0.00000066
28301 100.00 0.00000066
28401 100.00 0.00000065
28501 100.00 0.00000065
28601 100.00 0.00000065
28701 100.00 0.00000065
28801 100.00 0.00000065
28901 100.00 0.00000064
29001 100.00 0.00000064
29101 100.00 0.00000064
29201 100.00 0.00000064
29301 100.00 0.00000063
29401 100.00 0.00000063
29501 100.00 0.00000063
29601 100.00 0.00000063
29701 100.00 0.00000063
29801 100.00 0.00000063
29901 100.00 0.00000062
30001 100.00 0.00000062
30101 100.00 0.00000062
30201 100.00 0.00000062
30301 100.00 0.00000061
30401 100.00 0.00000061
30501 100.00 0.00000061
30601 100.00 0.00000060
30701 100.00 0.00000060
30801 100.00 0.00000060
30901 100.00 0.00000060
31001 100.00 0.00000060
31101 100.00 0.00000059
31201 100.00 0.00000059
31301 100.00 0.00000059
31401 100.00 0.00000059
31501 100.00 0.00000059
31601 100.00 0.00000058
31701 100.00 0.00000058
31801 100.00 0.00000057
31901 100.00 0.00000057
32001 100.00 0.00000057
32101 100.00 0.00000057
32201 100.00 0.00000057
32301 100.00 0.00000057
32401 100.00 0.00000057
32501 100.00 0.00000056
32601 100.00 0.00000056
32701 100.00 0.00000056
32801 100.00 0.00000056
32901 100.00 0.00000056
33001 100.00 0.00000055
33101 100.00 0.00000055
33201 100.00 0.00000055
33301 100.00 0.00000055
33401 100.00 0.00000055
33501 100.00 0.00000055
33601 100.00 0.00000055
33701 100.00 0.00000054
33801 100.00 0.00000054
33901 100.00 0.00000054
34001 100.00 0.00000054
34101 100.00 0.00000054
34201 100.00 0.00000054
34301 100.00 0.00000054
34401 100.00 0.00000054
34501 100.00 0.00000054
34601 100.00 0.00000053
34701 100.00 0.00000053
34801 100.00 0.00000053
34901 100.00 0.00000053
35001 100.00 0.00000052
35101 100.00 0.00000052
35201 100.00 0.00000052
35301 100.00 0.00000052
35401 100.00 0.00000052
35501 100.00 0.00000052
35601 100.00 0.00000052
35701 100.00 0.00000051
35801 100.00 0.00000051
35901 100.00 0.00000051
36000 100.00 0.00000051
