1 24.90 29.69076290
2 25.40 19.96305990
3 19.90 12.87720475
4 12.90 8.02005897
5 17.90 4.90545573
6 12.30 3.21569293
7 11.30 2.68961223
8 10.00 2.40973817
9 10.00 2.37700366
10 10.00 2.37282205
11 10.00 2.37125409
12 10.00 2.37037542
13 10.00 2.36983906
14 10.00 2.36959554
15 10.00 2.36943344
16 10.00 2.36942296
17 10.00 2.36934414
18 10.00 2.36935149
19 10.00 2.36938337
20 10.00 2.36937643
21 10.00 2.36937360
22 10.00 2.36939826
23 10.00 2.36939981
24 10.00 2.36937152
25 10.00 2.36935194
26 10.00 2.36937381
27 10.00 2.36941104
28 10.00 2.36939124
29 10.00 2.36936846
30 10.00 2.36931878
401 10.00 2.36936949
801 10.00 2.36941979
1201 10.00 2.36934377
1601 10.00 2.36935763
2001 10.00 2.36936543
2401 10.00 2.36939771
2801 10.00 2.36938685
3201 10.00 2.36936823
3601 10.00 2.36937659
4001 10.00 2.36944652
4401 10.00 2.36938316
4801 10.00 2.36939685
5201 10.00 2.36939048
5601 10.00 2.36940916
6001 10.00 2.36937729
6401 10.00 2.36934545
6801 10.00 2.36933491
7200 10.00 2.36939365
