1 47.40 3.02374420
2 46.00 2.71425486
3 52.20 2.61654243
4 38.90 2.69514403
5 54.90 1.97603917
6 63.20 2.11995234
7 44.80 2.29387889
8 77.60 1.46878788
9 78.30 1.55121555
10 73.20 1.52728052
101 100.00 0.44557170
201 100.00 0.61393019
301 100.00 0.47343993
401 100.00 0.30044873
501 100.00 0.23038436
601 100.00 0.20511482
701 99.90 0.22115348
801 100.00 0.16882108
901 100.00 0.17173994
1001 33.80 4.41085491
1101 95.30 0.41158484
1201 100.00 0.17274676
1301 100.00 0.15282054
1401 100.00 0.17129913
1501 100.00 0.16276808
1601 100.00 0.16028665
1701 100.00 0.13950248
1800 100.00 0.12501656
