1 75.09 0.72474742
2 81.99 0.47631516
3 80.56 0.51084963
4 83.81 0.41081954
5 85.23 0.40348346
6 85.86 0.37390251
7 84.91 0.43083899
8 84.27 0.42090904
9 84.03 0.42090396
10 88.79 0.29705271
11 86.20 0.35369907
12 84.00 0.45932818
13 83.10 0.45226938
14 89.24 0.28861415
15 87.49 0.33052935
16 82.83 0.48248180
17 85.22 0.37519996
18 86.19 0.36600134
19 86.56 0.37600436
20 89.38 0.28343425
21 90.09 0.26283982
22 87.81 0.32385690
23 89.28 0.28541549
24 88.34 0.31946387
25 90.52 0.25598759
26 88.69 0.30093036
27 90.65 0.24949099
28 78.57 0.53430807
29 88.02 0.29795723
30 87.04 0.35987941
31 91.51 0.22177791
32 90.17 0.25541378
33 88.92 0.28602151
34 91.59 0.22461465
35 91.94 0.21294716
36 92.12 0.20923286
37 91.48 0.23011083
38 91.81 0.21196396
39 93.01 0.18874231
40 90.69 0.24298338
