41 100.00 0.00000319
42 100.00 0.00000319
43 100.00 0.00000319
44 100.00 0.00000319
45 100.00 0.00000319
46 100.00 0.00000319
47 100.00 0.00000319
48 100.00 0.00000319
49 100.00 0.00000319
50 100.00 0.00000319
51 100.00 0.00000319
52 100.00 0.00000319
53 100.00 0.00000319
54 100.00 0.00000319
55 100.00 0.00000319
56 100.00 0.00000319
57 100.00 0.00000319
58 100.00 0.00000319
59 100.00 0.00000319
60 100.00 0.00000319
61 100.00 0.00000319
62 100.00 0.00000319
63 100.00 0.00000319
64 100.00 0.00000319
65 100.00 0.00000319
66 100.00 0.00000319
91 100.00 0.00000317
116 100.00 0.00000316
141 100.00 0.00000316
166 100.00 0.00000315
191 100.00 0.00000314
216 100.00 0.00000314
241 100.00 0.00000312
266 100.00 0.00000312
291 100.00 0.00000311
316 100.00 0.00000311
341 100.00 0.00000310
366 100.00 0.00000309
391 100.00 0.00000309
416 100.00 0.00000308
441 100.00 0.00000308
466 100.00 0.00000307
491 100.00 0.00000307
516 100.00 0.00000306
541 100.00 0.00000305
566 100.00 0.00000304
591 100.00 0.00000304
616 100.00 0.00000304
641 100.00 0.00000303
666 100.00 0.00000302
691 100.00 0.00000301
716 100.00 0.00000301
741 100.00 0.00000300
766 100.00 0.00000300
791 100.00 0.00000299
816 100.00 0.00000299
841 100.00 0.00000299
866 100.00 0.00000298
891 100.00 0.00000298
916 100.00 0.00000297
941 100.00 0.00000296
966 100.00 0.00000296
991 100.00 0.00000295
1016 100.00 0.00000295
1040 100.00 0.00000294
