1 40.00 2.23881497
2 18.00 2.07454634
3 25.00 2.03233542
4 41.00 1.58673248
5 47.00 1.88185580
6 31.00 1.72867184
7 48.00 1.72305758
8 52.00 1.60108888
9 52.00 1.31101484
10 75.00 0.94901255
11 47.00 1.60175579
12 57.00 1.30944371
13 67.00 0.84397017
14 70.00 0.82294471
15 65.00 0.92747602
16 96.00 0.41068690
17 73.00 0.54552549
18 94.00 0.26351603
19 95.00 0.14123857
20 78.00 0.72706305
21 98.00 0.14991973
22 100.00 0.03576740
23 98.00 0.04555049
24 100.00 0.01450405
25 100.00 0.00924837
26 100.00 0.00728806
27 100.00 0.00594564
28 100.00 0.00503561
29 100.00 0.00436869
30 100.00 0.00385547
31 100.00 0.00344496
32 100.00 0.00310766
33 100.00 0.00283299
34 100.00 0.00260147
35 100.00 0.00240348
36 100.00 0.00223203
37 100.00 0.00208266
38 100.00 0.00195128
39 100.00 0.00183421
40 100.00 0.00172933
801 100.00 0.00002872
1601 100.00 0.00001318
2401 100.00 0.00000839
3201 100.00 0.00000610
4001 100.00 0.00000477
4801 100.00 0.00000389
5601 100.00 0.00000328
6401 100.00 0.00000283
7201 100.00 0.00000249
8001 100.00 0.00000222
8801 100.00 0.00000199
9601 100.00 0.00000181
10401 100.00 0.00000166
11201 100.00 0.00000152
12001 100.00 0.00000140
12801 100.00 0.00000131
13601 100.00 0.00000122
14401 100.00 0.00000115
15201 100.00 0.00000108
16001 100.00 0.00000103
16801 100.00 0.00000097
17601 100.00 0.00000091
18000 100.00 0.00000089
