1 42.40 2.26977401
3 62.62 1.85217795
5 80.83 0.71762989
7 86.39 0.48598748
9 88.74 0.40437332
11 89.80 0.36157565
13 90.47 0.33417425
15 91.04 0.31451803
17 91.60 0.29537934
19 92.11 0.27851070
21 92.35 0.26615646
23 92.91 0.25023818
25 93.29 0.23745985
27 93.40 0.22989336
29 93.95 0.21492277
31 94.09 0.20777933
33 94.49 0.19395023
35 94.82 0.18450845
37 95.00 0.17632365
39 95.13 0.17183850
41 95.41 0.16327202
43 95.48 0.15747571
45 95.76 0.14926718
47 95.89 0.14333792
49 96.06 0.13708315
51 96.20 0.13270721
53 96.33 0.12844485
55 96.47 0.12379013
57 96.64 0.11797773
59 96.76 0.11389352
60 96.83 0.11174880
