1 10.00 2.30281520
2 10.00 2.30277836
3 10.00 2.30274171
4 10.00 2.30270529
5 10.00 2.30266881
6 10.00 2.30263245
7 10.00 2.30259621
8 10.00 2.30256009
9 10.00 2.30252421
10 10.00 2.30248863
11 10.00 2.30245322
12 10.00 2.30241793
13 10.00 2.30238253
14 10.00 2.30234730
15 10.00 2.30231220
16 10.00 2.30227697
17 10.00 2.30224180
18 10.00 2.30220723
19 10.00 2.30217266
20 10.00 2.30213821
21 10.00 2.30210370
41 10.00 2.30143672
61 10.00 2.30078346
81 10.00 2.30012172
101 12.00 2.29945165
121 15.00 2.29874992
141 19.00 2.29802042
161 22.00 2.29723608
181 26.00 2.29636884
201 32.00 2.29541725
221 40.00 2.29438525
241 55.00 2.29324156
261 61.00 2.29195207
281 66.00 2.29049844
301 74.00 2.28883427
321 77.00 2.28689879
341 78.00 2.28463900
361 81.00 2.28196192
381 82.00 2.27875650
401 82.00 2.27485120
421 82.00 2.27000970
441 80.00 2.26384151
461 76.00 2.25579190
481 74.00 2.24513912
501 73.00 2.23044229
521 72.00 2.20926785
541 68.00 2.17666662
561 65.00 2.12218350
581 53.00 2.02558854
601 51.00 1.87609276
621 56.00 1.66901350
641 69.00 1.35823336
661 84.00 0.97757153
681 91.00 0.65118453
701 95.00 0.44220468
721 98.00 0.29061713
741 99.00 0.19452673
761 99.00 0.13172215
781 99.00 0.08904968
801 99.00 0.06146220
821 100.00 0.04320561
841 100.00 0.03212145
861 100.00 0.02452426
881 100.00 0.01956653
901 100.00 0.01602075
921 100.00 0.01346047
941 100.00 0.01148097
961 100.00 0.00994268
981 100.00 0.00872585
1001 100.00 0.00774027
1021 100.00 0.00692959
1041 100.00 0.00625212
1061 100.00 0.00568157
1081 100.00 0.00519421
1101 100.00 0.00477337
1121 100.00 0.00440815
1141 100.00 0.00408864
1161 100.00 0.00380697
1181 100.00 0.00355728
1201 100.00 0.00333447
1221 100.00 0.00313522
1241 100.00 0.00295517
1261 100.00 0.00279266
1281 100.00 0.00264510
1301 100.00 0.00251060
1321 100.00 0.00238751
1341 100.00 0.00227470
1361 100.00 0.00217101
1381 100.00 0.00207517
1401 100.00 0.00198650
1421 100.00 0.00190429
1441 100.00 0.00182795
1461 100.00 0.00175676
1481 100.00 0.00169034
1501 100.00 0.00162822
1521 100.00 0.00157002
1541 100.00 0.00151537
1561 100.00 0.00146401
1581 100.00 0.00141563
1601 100.00 0.00137004
1621 100.00 0.00132693
1641 100.00 0.00128620
1661 100.00 0.00124766
1681 100.00 0.00121108
1701 100.00 0.00117634
1721 100.00 0.00114337
1741 100.00 0.00111198
1761 100.00 0.00108212
1781 100.00 0.00105359
1801 100.00 0.00102643
1821 100.00 0.00100046
1841 100.00 0.00097565
1861 100.00 0.00095191
1881 100.00 0.00092915
1901 100.00 0.00090737
1921 100.00 0.00088645
1941 100.00 0.00086641
1961 100.00 0.00084714
1981 100.00 0.00082864
2001 100.00 0.00081083
2021 100.00 0.00079370
2041 100.00 0.00077720
2061 100.00 0.00076131
2081 100.00 0.00074599
2101 100.00 0.00073120
2121 100.00 0.00071693
2141 100.00 0.00070316
2161 100.00 0.00068985
2181 100.00 0.00067697
2201 100.00 0.00066454
2221 100.00 0.00065249
2241 100.00 0.00064083
2261 100.00 0.00062956
2281 100.00 0.00061862
2301 100.00 0.00060802
2321 100.00 0.00059774
2341 100.00 0.00058777
2361 100.00 0.00057810
2381 100.00 0.00056870
2401 100.00 0.00055956
2421 100.00 0.00055070
2441 100.00 0.00054208
2461 100.00 0.00053370
2481 100.00 0.00052556
2501 100.00 0.00051763
2521 100.00 0.00050990
2541 100.00 0.00050240
2561 100.00 0.00049508
2581 100.00 0.00048796
2601 100.00 0.00048101
2621 100.00 0.00047424
2641 100.00 0.00046765
2661 100.00 0.00046121
2681 100.00 0.00045493
2701 100.00 0.00044879
2721 100.00 0.00044282
2741 100.00 0.00043698
2761 100.00 0.00043128
2781 100.00 0.00042571
2801 100.00 0.00042027
2821 100.00 0.00041495
2841 100.00 0.00040975
2861 100.00 0.00040467
2881 100.00 0.00039970
2901 100.00 0.00039484
2921 100.00 0.00039008
2941 100.00 0.00038543
2961 100.00 0.00038087
2981 100.00 0.00037641
3001 100.00 0.00037205
3021 100.00 0.00036778
3041 100.00 0.00036359
3061 100.00 0.00035950
3081 100.00 0.00035547
3101 100.00 0.00035153
3121 100.00 0.00034767
3141 100.00 0.00034388
3161 100.00 0.00034018
3181 100.00 0.00033654
3201 100.00 0.00033297
3221 100.00 0.00032947
3241 100.00 0.00032603
3261 100.00 0.00032266
3281 100.00 0.00031935
3301 100.00 0.00031611
3321 100.00 0.00031291
3341 100.00 0.00030978
3361 100.00 0.00030671
3381 100.00 0.00030367
3401 100.00 0.00030072
3421 100.00 0.00029781
3441 100.00 0.00029493
3461 100.00 0.00029211
3481 100.00 0.00028935
3501 100.00 0.00028664
3521 100.00 0.00028396
3541 100.00 0.00028133
3561 100.00 0.00027875
3581 100.00 0.00027620
3601 100.00 0.00027369
3621 100.00 0.00027124
3641 100.00 0.00026881
3661 100.00 0.00026643
3681 100.00 0.00026410
3701 100.00 0.00026178
3721 100.00 0.00025951
3741 100.00 0.00025728
3761 100.00 0.00025508
3781 100.00 0.00025291
3801 100.00 0.00025077
3821 100.00 0.00024867
3841 100.00 0.00024660
3861 100.00 0.00024456
3881 100.00 0.00024256
3901 100.00 0.00024058
3921 100.00 0.00023862
3941 100.00 0.00023671
3961 100.00 0.00023481
3981 100.00 0.00023294
4001 100.00 0.00023111
4021 100.00 0.00022929
4041 100.00 0.00022751
4061 100.00 0.00022574
4081 100.00 0.00022401
4101 100.00 0.00022228
4121 100.00 0.00022060
4141 100.00 0.00021893
4161 100.00 0.00021730
4181 100.00 0.00021567
4201 100.00 0.00021406
4221 100.00 0.00021249
4241 100.00 0.00021094
4261 100.00 0.00020940
4281 100.00 0.00020788
4301 100.00 0.00020639
4321 100.00 0.00020491
4341 100.00 0.00020345
4361 100.00 0.00020201
4381 100.00 0.00020057
4401 100.00 0.00019918
4421 100.00 0.00019779
4441 100.00 0.00019642
4461 100.00 0.00019507
4481 100.00 0.00019375
4501 100.00 0.00019242
4521 100.00 0.00019112
4541 100.00 0.00018983
4561 100.00 0.00018856
4581 100.00 0.00018730
4601 100.00 0.00018607
4621 100.00 0.00018484
4641 100.00 0.00018363
4661 100.00 0.00018244
4681 100.00 0.00018125
4701 100.00 0.00018007
4721 100.00 0.00017893
4741 100.00 0.00017779
4761 100.00 0.00017666
4781 100.00 0.00017555
4801 100.00 0.00017444
4821 100.00 0.00017335
4841 100.00 0.00017227
4861 100.00 0.00017121
4881 100.00 0.00017016
4901 100.00 0.00016911
4921 100.00 0.00016807
4941 100.00 0.00016706
4961 100.00 0.00016605
4981 100.00 0.00016505
5001 100.00 0.00016407
5021 100.00 0.00016309
5041 100.00 0.00016212
5061 100.00 0.00016117
5081 100.00 0.00016023
5101 100.00 0.00015929
5121 100.00 0.00015837
5141 100.00 0.00015745
5161 100.00 0.00015655
5181 100.00 0.00015564
5201 100.00 0.00015477
5221 100.00 0.00015388
5241 100.00 0.00015302
5261 100.00 0.00015216
5281 100.00 0.00015130
5301 100.00 0.00015047
5321 100.00 0.00014963
5341 100.00 0.00014881
5361 100.00 0.00014799
5381 100.00 0.00014718
5401 100.00 0.00014638
5421 100.00 0.00014558
5441 100.00 0.00014480
5461 100.00 0.00014402
5481 100.00 0.00014326
5501 100.00 0.00014249
5521 100.00 0.00014173
5541 100.00 0.00014099
5561 100.00 0.00014026
5581 100.00 0.00013952
5601 100.00 0.00013880
5621 100.00 0.00013807
5641 100.00 0.00013735
5661 100.00 0.00013665
5681 100.00 0.00013595
5701 100.00 0.00013526
5721 100.00 0.00013457
5741 100.00 0.00013389
5761 100.00 0.00013322
5781 100.00 0.00013254
5801 100.00 0.00013189
5821 100.00 0.00013123
5841 100.00 0.00013058
5861 100.00 0.00012994
5881 100.00 0.00012929
5901 100.00 0.00012866
5921 100.00 0.00012804
5941 100.00 0.00012741
5961 100.00 0.00012680
5981 100.00 0.00012619
6000 100.00 0.00012562
