1 35.20 2.24622780
2 54.60 2.03150523
3 38.70 1.55454647
4 62.50 1.01874314
5 78.90 0.56725092
6 83.30 0.48499261
7 89.70 0.31933101
8 91.50 0.25395133
9 96.80 0.11222802
10 96.60 0.10981942
11 99.50 0.03915172
12 100.00 0.01739927
13 100.00 0.00974868
14 100.00 0.00717912
15 100.00 0.00582014
16 100.00 0.00495401
17 100.00 0.00418342
18 100.00 0.00368047
19 100.00 0.00337504
20 100.00 0.00298479
21 100.00 0.00270190
22 100.00 0.00246505
23 100.00 0.00225812
24 100.00 0.00211076
25 100.00 0.00195886
26 100.00 0.00184515
27 100.00 0.00172173
28 100.00 0.00162594
29 100.00 0.00153653
30 100.00 0.00145877
31 100.00 0.00138214
32 100.00 0.00131632
33 100.00 0.00125304
34 100.00 0.00120410
35 100.00 0.00114629
36 100.00 0.00110481
37 100.00 0.00106885
38 100.00 0.00102605
39 100.00 0.00098726
40 100.00 0.00094601
41 100.00 0.00091125
42 100.00 0.00088187
43 100.00 0.00085329
44 100.00 0.00082904
45 100.00 0.00080435
46 100.00 0.00077768
47 100.00 0.00075587
48 100.00 0.00073201
49 100.00 0.00070952
50 100.00 0.00069292
51 100.00 0.00067445
52 100.00 0.00065392
53 100.00 0.00063703
54 100.00 0.00062477
55 100.00 0.00060877
56 100.00 0.00059307
57 100.00 0.00058159
58 100.00 0.00056633
59 100.00 0.00055747
60 100.00 0.00054004
61 100.00 0.00052803
62 100.00 0.00052239
63 100.00 0.00051000
64 100.00 0.00049938
65 100.00 0.00048570
66 100.00 0.00047598
67 100.00 0.00046776
68 100.00 0.00045714
69 100.00 0.00045024
70 100.00 0.00044450
71 100.00 0.00043362
72 100.00 0.00042603
73 100.00 0.00041838
74 100.00 0.00041287
75 100.00 0.00040474
76 100.00 0.00039782
77 100.00 0.00039183
78 100.00 0.00038606
79 100.00 0.00037872
80 100.00 0.00037248
81 100.00 0.00036641
82 100.00 0.00036053
83 100.00 0.00035633
84 100.00 0.00035227
85 100.00 0.00034372
86 100.00 0.00034116
87 100.00 0.00034182
88 100.00 0.00032939
89 100.00 0.00032397
90 100.00 0.00032133
91 100.00 0.00031564
92 100.00 0.00031118
93 100.00 0.00030915
94 100.00 0.00030392
95 100.00 0.00030205
96 100.00 0.00029632
97 100.00 0.00029193
98 100.00 0.00028765
99 100.00 0.00028418
100 100.00 0.00028020
101 100.00 0.00027583
102 100.00 0.00027239
103 100.00 0.00027156
104 100.00 0.00026816
105 100.00 0.00026318
106 100.00 0.00025979
107 100.00 0.00025887
108 100.00 0.00025460
109 100.00 0.00025412
110 100.00 0.00024852
111 100.00 0.00024606
112 100.00 0.00024380
113 100.00 0.00024159
114 100.00 0.00023771
115 100.00 0.00023657
116 100.00 0.00023321
117 100.00 0.00023152
118 100.00 0.00022778
119 100.00 0.00022646
120 100.00 0.00022574
121 100.00 0.00022294
122 100.00 0.00021969
123 100.00 0.00021599
124 100.00 0.00021548
125 100.00 0.00021247
126 100.00 0.00021077
127 100.00 0.00021002
128 100.00 0.00020748
129 100.00 0.00020510
130 100.00 0.00020230
131 100.00 0.00020094
132 100.00 0.00019893
133 100.00 0.00019687
134 100.00 0.00019447
135 100.00 0.00019550
136 100.00 0.00019049
137 100.00 0.00019000
138 100.00 0.00018745
139 100.00 0.00018670
140 100.00 0.00018417
141 100.00 0.00018337
142 100.00 0.00018154
143 100.00 0.00018028
144 100.00 0.00017792
145 100.00 0.00017682
146 100.00 0.00017533
147 100.00 0.00017447
148 100.00 0.00017221
149 100.00 0.00017104
150 100.00 0.00017008
321 100.00 0.00006763
641 100.00 0.00002984
961 100.00 0.00001872
1281 100.00 0.00001339
1601 100.00 0.00001028
1921 100.00 0.00000839
2241 100.00 0.00000697
2561 100.00 0.00000599
2881 100.00 0.00000527
3201 100.00 0.00000463
3521 100.00 0.00000416
3841 100.00 0.00000379
4161 100.00 0.00000345
4481 100.00 0.00000317
4801 100.00 0.00000292
5121 100.00 0.00000272
5441 100.00 0.00000253
5761 100.00 0.00000238
6081 100.00 0.00000224
6401 100.00 0.00000210
6721 100.00 0.00000199
7041 100.00 0.00000189
7361 100.00 0.00000179
7681 100.00 0.00000172
8001 100.00 0.00000165
8321 100.00 0.00000157
8641 100.00 0.00000149
8961 100.00 0.00000145
9281 100.00 0.00000139
9600 100.00 0.00000132
