1 61.40 2.22654982
2 42.80 1.92000444
3 45.50 1.87867081
4 23.70 2.09913874
5 31.40 1.90778971
6 57.00 1.31220818
7 41.90 1.82257581
8 59.60 1.25409396
9 40.20 1.64426754
10 70.70 0.81709127
101 100.00 0.00139981
201 100.00 0.00049628
301 100.00 0.00028698
401 100.00 0.00019761
501 100.00 0.00014894
601 100.00 0.00011855
701 100.00 0.00009793
801 100.00 0.00008309
901 100.00 0.00007196
1001 100.00 0.00006331
1101 100.00 0.00005641
1201 100.00 0.00005079
1301 100.00 0.00004613
1401 100.00 0.00004221
1501 100.00 0.00003887
1601 100.00 0.00003600
1701 100.00 0.00003349
1800 100.00 0.00003132
