1 13.00 2.29835701
2 17.00 2.28561354
3 18.00 2.27315545
4 20.00 2.26120520
5 24.00 2.24932075
6 27.00 2.23746228
7 34.00 2.22565866
8 40.00 2.21362448
9 48.00 2.20194340
10 53.00 2.18975759
11 54.00 2.17756319
12 59.00 2.16504216
13 64.00 2.15238667
14 68.00 2.13958859
15 71.00 2.12601161
16 75.00 2.11270499
17 74.00 2.09911823
18 75.00 2.08462453
19 77.00 2.07005119
20 76.00 2.05524135
21 75.00 2.03928399
22 79.00 2.02314019
23 80.00 2.00607967
24 78.00 1.98834991
25 81.00 1.97022247
26 80.00 1.95142353
27 81.00 1.93176925
28 80.00 1.91095150
29 81.00 1.88881922
30 81.00 1.86733258
31 81.00 1.84439349
32 81.00 1.82031846
33 81.00 1.79576838
34 80.00 1.77089620
35 79.00 1.74529874
36 79.00 1.71857250
37 80.00 1.69111204
38 81.00 1.66279984
39 80.00 1.63335896
40 82.00 1.60456073
41 82.00 1.57477415
42 82.00 1.54399502
43 82.00 1.51313961
44 82.00 1.48181462
45 82.00 1.44970155
46 82.00 1.41685104
47 83.00 1.38378525
48 85.00 1.35042834
49 86.00 1.31840074
50 86.00 1.28491807
51 86.00 1.25212157
52 87.00 1.21931338
53 87.00 1.18797445
54 88.00 1.15613461
55 86.00 1.12460673
56 89.00 1.09503734
57 88.00 1.06584907
58 89.00 1.03586364
59 88.00 1.00779772
60 88.00 0.98021948
61 89.00 0.95322883
62 88.00 0.92531836
63 89.00 0.89964277
64 89.00 0.87392771
65 90.00 0.85066444
66 89.00 0.82679152
67 89.00 0.80487418
68 90.00 0.78399485
69 90.00 0.76278651
70 93.00 0.74395269
71 92.00 0.72241282
72 93.00 0.70518601
73 92.00 0.68736911
74 91.00 0.67042929
75 93.00 0.65373397
76 92.00 0.63730627
77 92.00 0.62297320
78 91.00 0.60736471
79 92.00 0.59028000
80 94.00 0.57712358
81 94.00 0.56406826
82 94.00 0.54898834
83 92.00 0.53672147
84 92.00 0.52650160
85 92.00 0.51205212
86 93.00 0.50196576
87 93.00 0.49183434
88 93.00 0.48482543
89 93.00 0.47213253
90 92.00 0.46109858
91 92.00 0.45481953
92 93.00 0.44779831
93 96.00 0.43337131
94 93.00 0.42391217
95 93.00 0.41384351
96 97.00 0.40502521
97 95.00 0.40017104
98 96.00 0.38742030
99 97.00 0.38167977
100 96.00 0.37266088
101 97.00 0.36807349
151 100.00 0.16097240
201 100.00 0.08595459
251 100.00 0.05067209
301 100.00 0.03305990
351 100.00 0.02189355
401 100.00 0.01573172
451 100.00 0.01321835
501 100.00 0.00922198
551 100.00 0.00783140
601 100.00 0.00621372
651 100.00 0.00522900
701 100.00 0.00460093
751 100.00 0.00407072
801 100.00 0.00370719
851 100.00 0.00304101
901 100.00 0.00260680
951 100.00 0.00235233
1001 100.00 0.00210134
1051 100.00 0.00200355
1101 100.00 0.00172707
1151 100.00 0.00161216
1201 100.00 0.00168844
1251 100.00 0.00131016
1301 100.00 0.00125822
1351 100.00 0.00114119
1401 100.00 0.00104542
1451 100.00 0.00105554
1501 100.00 0.00095348
1551 100.00 0.00089832
1601 100.00 0.00082007
1651 100.00 0.00081473
1701 100.00 0.00071937
1751 100.00 0.00066361
1801 100.00 0.00067114
1851 100.00 0.00065227
1901 100.00 0.00058114
1951 100.00 0.00058452
2001 100.00 0.00055821
2051 100.00 0.00052787
2101 100.00 0.00051572
2151 100.00 0.00047661
2201 100.00 0.00048339
2251 100.00 0.00043295
2301 100.00 0.00043201
2351 100.00 0.00043325
2401 100.00 0.00038865
2451 100.00 0.00038523
2501 100.00 0.00037841
2551 100.00 0.00036225
2601 100.00 0.00033376
2651 100.00 0.00031218
2701 100.00 0.00030905
2751 100.00 0.00029772
2801 100.00 0.00029962
2851 100.00 0.00029330
2901 100.00 0.00029085
2951 100.00 0.00026109
3000 100.00 0.00025151
