1 47.20 6.11644011
2 26.00 5.85606251
3 45.20 5.51609249
4 32.80 5.23801508
5 54.80 4.84455318
6 50.40 4.53004665
7 40.80 4.71110706
8 18.00 5.35440531
9 22.00 5.16730709
10 20.00 4.89055119
11 43.60 4.74008846
12 46.00 4.61949167
13 51.20 3.98446679
14 47.20 4.10799398
15 57.60 3.79495430
16 51.20 3.81752677
17 72.40 3.21497512
18 58.40 3.56858015
19 39.20 3.78877606
20 68.40 3.06732183
21 59.20 3.04601088
22 63.60 2.79230213
23 79.20 2.44377565
24 74.80 2.61828728
25 86.80 2.37639999
26 85.60 2.15116248
27 87.20 2.08565586
28 94.80 1.84465477
29 84.80 2.06414316
30 78.00 2.34282155
401 100.00 0.40071496
801 100.00 0.33789347
1201 100.00 0.34396595
1601 100.00 0.31213412
2001 100.00 0.30853708
2401 99.20 0.41080756
2801 100.00 0.30775703
3201 81.60 0.84581846
3601 100.00 0.30622864
4001 100.00 0.31002769
4401 100.00 0.30363794
4801 100.00 0.30923501
5201 100.00 0.30579266
5601 100.00 0.31759504
6001 100.00 0.30196815
6401 100.00 0.30017841
6801 100.00 0.30215193
7200 100.00 0.30283777
