1 23.20 29.68471184
2 12.00 19.95880508
3 19.60 12.87556934
4 21.20 7.97402115
5 20.80 4.88999538
6 17.20 3.20377874
7 10.00 3.21600370
8 10.00 2.51933870
9 10.00 2.39755487
10 10.00 2.38240666
11 10.00 2.37666969
12 10.00 2.37342844
13 10.00 2.37137461
14 10.00 2.37018833
15 10.00 2.36963410
16 10.00 2.36947212
17 10.00 2.36929135
18 10.00 2.36930037
19 10.00 2.36938086
20 10.00 2.36925201
21 10.00 2.36933060
22 10.00 2.36927218
23 10.00 2.36942472
24 10.00 2.36936035
25 10.00 2.36934242
26 10.00 2.36931534
27 10.00 2.36937857
28 10.00 2.36932526
29 10.00 2.36935396
30 10.00 2.36931114
401 10.00 2.36937599
801 10.00 2.36946545
1201 10.00 2.36936898
1601 10.00 2.36938462
2001 10.00 2.36931381
2401 10.00 2.36934247
2801 10.00 2.36936483
3201 10.00 2.36939287
3601 10.00 2.36935949
4001 10.00 2.36944861
4401 10.00 2.36937275
4801 10.00 2.36939845
5201 10.00 2.36952248
5601 10.00 2.36946411
6001 10.00 2.36944985
6401 10.00 2.36936388
6801 10.00 2.36936860
7200 10.00 2.36935802
