1 52.92 1.36729816
2 64.78 1.21723126
3 78.70 0.67643044
4 81.00 0.60058070
5 86.43 0.49012937
6 86.95 0.45087804
7 94.37 0.18345325
8 94.47 0.18332637
9 92.60 0.31559071
10 95.40 0.26528459
11 96.70 0.10485975
12 98.40 0.05165284
13 99.47 0.01970678
14 99.78 0.00924996
15 100.00 0.00203884
16 100.00 0.00106249
17 100.00 0.00076244
18 100.00 0.00058332
19 100.00 0.00048287
20 100.00 0.00042036
21 100.00 0.00036637
22 100.00 0.00032724
23 100.00 0.00029448
24 100.00 0.00026669
25 100.00 0.00024668
26 100.00 0.00022780
27 100.00 0.00021277
28 100.00 0.00019746
29 100.00 0.00018628
30 100.00 0.00017367
31 100.00 0.00016412
32 100.00 0.00015486
33 100.00 0.00015048
34 100.00 0.00014118
35 100.00 0.00013409
36 100.00 0.00012824
37 100.00 0.00012469
38 100.00 0.00011772
39 100.00 0.00011365
40 100.00 0.00010916
41 100.00 0.00010539
42 100.00 0.00010074
43 100.00 0.00009762
44 100.00 0.00009413
45 100.00 0.00009145
46 100.00 0.00008932
47 100.00 0.00008630
48 100.00 0.00008324
49 100.00 0.00008173
50 100.00 0.00007841
81 100.00 0.00004181
161 100.00 0.00001829
241 100.00 0.00001162
321 100.00 0.00000838
401 100.00 0.00000656
481 100.00 0.00000540
561 100.00 0.00000456
641 100.00 0.00000389
721 100.00 0.00000344
801 100.00 0.00000306
881 100.00 0.00000276
961 100.00 0.00000251
1041 100.00 0.00000230
1121 100.00 0.00000211
1201 100.00 0.00000196
1281 100.00 0.00000181
1361 100.00 0.00000170
1441 100.00 0.00000160
1521 100.00 0.00000151
1601 100.00 0.00000143
1681 100.00 0.00000135
1761 100.00 0.00000128
1841 100.00 0.00000122
1921 100.00 0.00000116
2001 100.00 0.00000112
2081 100.00 0.00000106
2161 100.00 0.00000103
2241 100.00 0.00000098
2321 100.00 0.00000095
2400 100.00 0.00000091
