1 43.20 29.70022964
2 13.20 19.97083702
3 23.20 12.89131527
4 12.80 7.97765932
5 17.60 4.95834436
6 10.00 3.41332350
7 10.00 2.53366265
8 10.00 2.37618046
9 10.00 2.37084022
10 10.00 2.36968718
11 10.00 2.36941652
12 10.00 2.36938853
13 10.00 2.36933947
14 10.00 2.36938419
15 10.00 2.36935549
16 10.00 2.36927147
17 10.00 2.36925087
18 10.00 2.36931586
19 10.00 2.36930709
20 10.00 2.36929126
201 10.00 2.36932492
401 10.00 2.36928630
601 10.00 2.36932063
801 10.00 2.36933241
1001 10.00 2.36932731
1201 10.00 2.36927366
1401 10.00 2.36942267
1601 10.00 2.36936159
1801 10.00 2.36934977
2001 10.00 2.36934185
2201 10.00 2.36928558
2401 10.00 2.36930213
2601 10.00 2.36931744
2801 10.00 2.36929131
3001 10.00 2.36936507
3201 10.00 2.36935096
3401 10.00 2.36933827
3600 10.00 2.36929445
