1 86.42 0.47487604
2 93.95 0.19507670
3 96.19 0.12017016
4 98.10 0.06363782
5 98.35 0.05338046
6 97.16 0.10737184
7 96.77 0.10410203
8 97.28 0.08679346
9 99.61 0.01530097
10 99.81 0.00749524
11 99.88 0.00511925
12 99.99 0.00150857
13 99.98 0.00133712
14 100.00 0.00082344
15 100.00 0.00053560
19 100.00 0.00030860
25 100.00 0.00019820
31 100.00 0.00014640
37 100.00 0.00011626
43 100.00 0.00009571
49 100.00 0.00008127
55 100.00 0.00007070
61 100.00 0.00006224
67 100.00 0.00005562
73 100.00 0.00005017
79 100.00 0.00004573
85 100.00 0.00004197
91 100.00 0.00003884
97 100.00 0.00003592
103 100.00 0.00003350
109 100.00 0.00003136
115 100.00 0.00002949
120 100.00 0.00002817
