1 13.63 2.30083645
2 11.25 2.29916431
3 11.24 2.29743386
4 11.24 2.29534226
5 11.24 2.29245275
6 11.49 2.28803671
7 16.04 2.28042657
8 23.68 2.26526545
9 28.20 2.22672284
10 30.15 2.08544393
11 42.61 1.70335237
12 59.55 1.24271080
13 70.32 0.90776981
14 77.19 0.72453265
15 80.39 0.63417997
16 82.56 0.57448821
17 84.45 0.52795598
18 85.53 0.49542352
19 86.71 0.45989993
20 87.80 0.42834075
21 88.82 0.39231386
31 94.61 0.19132698
41 96.40 0.12571428
51 97.42 0.09178987
61 98.02 0.06925222
71 98.98 0.04149407
81 97.73 0.07042682
91 99.31 0.02691618
101 99.81 0.01232589
111 99.94 0.00713419
121 99.97 0.00525329
131 99.98 0.00383638
141 99.99 0.00261458
151 100.00 0.00196185
161 100.00 0.00163976
171 100.00 0.00128414
181 100.00 0.00108254
191 100.00 0.00092841
200 100.00 0.00081996
