1 48.81 1.44562652
2 76.23 0.80032019
3 80.42 0.71390179
4 76.45 0.77211249
5 81.80 0.69187024
6 82.29 0.68472444
7 81.04 0.69638700
8 81.28 0.69134449
9 79.18 0.72358125
10 82.03 0.67680134
11 81.42 0.68267192
12 81.65 0.68629795
13 82.20 0.67752108
14 83.09 0.66884012
15 83.24 0.65735777
16 82.77 0.65888169
17 83.20 0.66372783
18 83.35 0.65650215
19 83.01 0.65714242
20 83.32 0.65620377
21 82.71 0.66099295
22 82.96 0.66008741
23 83.87 0.65277549
24 83.03 0.65543935
25 83.07 0.65909242
26 83.32 0.65686681
27 83.27 0.65656898
28 81.94 0.67760308
29 83.77 0.64585239
30 83.42 0.65444944
31 81.73 0.67502192
32 83.01 0.66516305
33 83.91 0.64648724
34 83.90 0.64623373
35 82.93 0.65878643
36 83.87 0.64283665
37 83.65 0.64428874
38 83.95 0.63784060
39 82.98 0.65101482
40 84.12 0.65169823
