1 10.01 2.30043485
2 10.27 2.29812217
3 18.69 2.29525055
5 32.67 2.28602829
7 40.97 2.26350477
9 37.53 2.16614867
11 44.52 1.57348760
13 54.16 1.14776692
15 60.36 1.02713399
17 60.65 0.92577013
19 66.72 0.91451142
21 70.51 0.79059775
23 70.56 0.80899629
25 68.65 0.88606586
27 71.89 0.76855507
29 76.21 0.67787429
31 76.14 0.66230466
33 75.37 0.68629962
35 73.89 0.72486798
37 73.13 0.70940606
39 75.42 0.70789129
41 79.82 0.56668070
43 79.98 0.56712831
45 76.59 0.66688493
47 81.75 0.51807397
49 81.95 0.50415125
51 80.27 0.54118299
53 81.74 0.50872392
55 83.05 0.48774146
57 81.35 0.52871271
59 83.38 0.47199889
61 83.70 0.46018760
63 82.29 0.49632499
65 82.92 0.46461255
67 85.22 0.42119645
69 77.94 0.58534614
71 85.36 0.41648548
73 86.14 0.39277915
75 83.30 0.44939511
77 73.46 0.73584327
79 78.86 0.55608156
81 85.53 0.40312778
83 86.41 0.37530144
85 86.10 0.38940706
87 77.53 0.62330035
89 85.90 0.38818889
91 85.95 0.39278119
93 86.93 0.36412557
95 84.15 0.44633797
97 80.44 0.54915864
99 85.88 0.39220623
101 87.63 0.34131869
103 89.12 0.30352596
105 88.25 0.32166806
107 84.15 0.43939524
109 84.85 0.41508225
111 87.05 0.35795173
113 83.46 0.44632338
115 89.74 0.28526430
117 86.30 0.36735039
119 87.66 0.33872352
121 86.11 0.37362533
123 89.15 0.29484524
125 85.72 0.39532170
127 88.74 0.29919812
129 88.33 0.31664233
131 85.64 0.38364092
133 90.89 0.25499329
135 87.35 0.34352065
137 90.57 0.26012534
139 81.41 0.62533091
141 88.14 0.31392424
143 88.65 0.31393017
145 90.71 0.25545299
147 86.99 0.35601011
149 90.49 0.25823821
151 83.42 0.53109636
153 88.41 0.31469898
155 91.25 0.23716993
157 91.86 0.22738377
159 90.66 0.25171208
161 92.36 0.20982770
163 90.89 0.24411659
165 85.82 0.46470975
167 91.45 0.23423666
169 75.18 0.94042650
171 83.54 0.46524443
173 90.33 0.26440736
175 93.39 0.18542611
177 93.66 0.17904305
179 90.95 0.23627545
181 91.80 0.23079383
183 90.40 0.26587373
185 93.71 0.17376581
187 87.22 0.35189060
189 94.29 0.16505399
191 87.50 0.38402807
193 89.97 0.27277563
195 93.90 0.17139898
197 93.38 0.17985117
199 93.67 0.17673451
200 93.12 0.18351923
