1 37.72 2.28158154
2 32.48 1.82230260
3 37.75 1.45148660
4 46.41 1.37157541
5 59.95 0.98708191
6 58.91 1.13166256
7 57.05 1.06458731
13 70.83 0.80813899
19 78.50 0.62490017
25 75.58 0.68757638
31 78.38 0.61552288
37 71.34 1.05066302
43 81.16 0.60455001
49 70.95 1.14595921
55 87.70 0.31950596
61 85.95 0.39035442
67 85.78 0.42642357
73 87.43 0.33101896
79 87.27 0.40766829
85 89.93 0.29050922
91 85.31 0.44548226
97 92.05 0.21585840
103 92.66 0.19105039
109 78.76 0.64448757
115 84.99 0.43571476
121 85.80 0.53319518
127 72.02 1.38040420
133 91.18 0.25033600
139 94.32 0.15485420
145 82.71 0.56676675
151 95.12 0.14314730
157 96.66 0.10356398
163 82.52 0.65024278
169 95.28 0.13054437
175 90.68 0.33566242
181 64.24 2.72574286
187 93.35 0.19949238
193 91.50 0.24672799
199 63.14 4.65444027
205 72.16 1.03998111
211 92.72 0.21964340
217 87.20 0.48086974
223 89.28 0.35650918
229 97.10 0.08407623
235 74.66 1.16236205
241 88.66 0.44557777
247 95.58 0.12396281
253 81.63 0.90165230
259 97.85 0.06965757
265 98.55 0.04730788
271 80.70 0.84192039
277 91.88 0.22255981
283 98.68 0.04130459
289 97.62 0.07451690
295 97.53 0.08108615
301 94.16 0.18012053
307 98.23 0.04776330
313 99.34 0.02607404
319 87.22 0.52789448
325 96.09 0.12466663
331 97.23 0.08226242
337 97.18 0.08957738
343 94.17 0.19242097
349 97.74 0.06732368
355 98.75 0.04763525
361 92.39 0.27754088
367 99.41 0.01930845
373 99.79 0.00922266
379 98.74 0.05140764
385 99.83 0.01079412
391 99.88 0.00753259
397 78.86 1.28421988
403 70.73 1.83856383
409 99.35 0.02277243
415 99.27 0.02684920
421 99.56 0.01622942
427 99.36 0.02110682
433 99.87 0.00911043
439 99.81 0.00792777
445 99.97 0.00353123
451 99.90 0.00462260
457 96.70 0.09576824
463 84.78 0.99720686
469 98.11 0.05814068
475 98.80 0.03383119
481 99.81 0.01078664
487 69.58 2.95665284
493 99.93 0.00669281
499 83.43 0.84071145
505 93.32 0.26038498
511 99.40 0.02280092
517 99.69 0.01222523
523 99.35 0.02056421
529 96.55 0.10418085
535 96.74 0.11395293
541 99.63 0.01369610
547 99.81 0.00769459
553 61.80 2.98282325
559 99.65 0.01720909
565 99.87 0.00949629
571 90.84 0.43134666
577 98.67 0.04667766
583 99.68 0.01062279
589 89.61 0.41425387
595 89.81 0.30286041
600 51.08 4.76417377
