1 100.00 0.00000303
2 100.00 0.00000303
3 100.00 0.00000302
4 100.00 0.00000302
5 100.00 0.00000302
6 100.00 0.00000301
7 100.00 0.00000301
8 100.00 0.00000300
9 100.00 0.00000300
10 100.00 0.00000300
11 100.00 0.00000300
12 100.00 0.00000299
13 100.00 0.00000299
14 100.00 0.00000299
15 100.00 0.00000299
16 100.00 0.00000298
17 100.00 0.00000298
18 100.00 0.00000297
19 100.00 0.00000297
20 100.00 0.00000297
21 100.00 0.00000297
22 100.00 0.00000297
23 100.00 0.00000297
24 100.00 0.00000296
25 100.00 0.00000296
26 100.00 0.00000296
51 100.00 0.00000289
76 100.00 0.00000283
101 100.00 0.00000277
126 100.00 0.00000273
151 100.00 0.00000268
176 100.00 0.00000263
201 100.00 0.00000258
226 100.00 0.00000254
251 100.00 0.00000249
276 100.00 0.00000245
301 100.00 0.00000241
326 100.00 0.00000238
351 100.00 0.00000234
376 100.00 0.00000231
401 100.00 0.00000228
426 100.00 0.00000224
451 100.00 0.00000221
476 100.00 0.00000218
501 100.00 0.00000215
526 100.00 0.00000212
551 100.00 0.00000209
576 100.00 0.00000207
601 100.00 0.00000205
626 100.00 0.00000202
651 100.00 0.00000199
676 100.00 0.00000197
701 100.00 0.00000195
726 100.00 0.00000192
751 100.00 0.00000190
776 100.00 0.00000188
801 100.00 0.00000186
826 100.00 0.00000184
851 100.00 0.00000182
876 100.00 0.00000180
901 100.00 0.00000178
926 100.00 0.00000176
951 100.00 0.00000174
976 100.00 0.00000172
1000 100.00 0.00000170
