1 66.40 3.01306267
2 30.80 2.85205679
3 27.60 3.00980444
4 47.60 2.41340756
5 32.80 2.68702245
6 48.00 2.27522235
7 64.00 2.06106381
8 55.60 1.96290510
9 62.80 1.86293845
10 74.00 1.65930347
11 58.40 1.82125928
12 79.20 1.43651860
13 81.60 1.25813065
14 84.80 1.26913366
15 95.20 0.94179215
16 98.00 0.87461218
17 73.60 1.50656118
18 100.00 0.84718618
19 100.00 0.80662795
20 99.60 0.79292392
21 100.00 0.77650939
22 100.00 0.76893489
23 100.00 0.76158005
24 100.00 0.75490990
25 100.00 0.74895897
26 100.00 0.74318116
27 100.00 0.73766928
28 100.00 0.73240047
29 100.00 0.72705847
30 100.00 0.72162378
401 100.00 0.27020319
801 100.00 0.22842841
1201 100.00 0.12783881
1601 100.00 0.10037807
2001 100.00 0.08648399
2401 100.00 0.07942484
2801 100.00 0.09633777
3201 99.60 0.20392740
3601 100.00 0.08693401
4001 100.00 0.10209581
4401 100.00 0.11700705
4801 100.00 0.07432815
5201 100.00 0.13887401
5601 100.00 0.11121029
6001 100.00 0.13172223
6401 100.00 0.11792223
6801 100.00 0.15267491
7200 100.00 0.09534907
