1 5.00 2.30585110
201 84.00 1.10403898
401 100.00 0.07379478
601 100.00 0.01659852
801 100.00 0.00776493
1001 100.00 0.00476295
1201 100.00 0.00333420
1401 100.00 0.00252120
1601 100.00 0.00200466
1801 100.00 0.00165107
2001 100.00 0.00139555
2201 100.00 0.00120340
2401 100.00 0.00105422
2601 100.00 0.00093541
2801 100.00 0.00083880
3001 100.00 0.00075887
3201 100.00 0.00069177
3401 100.00 0.00063473
3601 100.00 0.00058569
3801 100.00 0.00054312
4001 100.00 0.00050588
4201 100.00 0.00047303
4401 100.00 0.00044388
4601 100.00 0.00041786
4801 100.00 0.00039448
5001 100.00 0.00037341
5201 100.00 0.00035431
5401 100.00 0.00033691
5601 100.00 0.00032103
5801 100.00 0.00030646
6000 100.00 0.00029313
