1 10.00 2.30170619
2 10.00 2.30083233
3 10.00 2.30001473
4 10.00 2.29920489
5 10.00 2.29838270
6 11.00 2.29753298
7 23.00 2.29663020
8 20.00 2.29564863
9 28.00 2.29464555
10 37.00 2.29355562
11 40.00 2.29236609
12 48.00 2.29104000
13 50.00 2.28953975
14 63.00 2.28781724
15 64.00 2.28589362
16 61.00 2.28367907
17 71.00 2.28107387
18 73.00 2.27793902
19 73.00 2.27417850
20 73.00 2.26964664
21 70.00 2.26410401
41 53.00 1.25163648
61 96.00 0.15642966
81 100.00 0.00980429
101 100.00 0.00316734
121 100.00 0.00181492
141 100.00 0.00124260
161 100.00 0.00093294
181 100.00 0.00073967
201 100.00 0.00060870
221 100.00 0.00051459
241 100.00 0.00044419
261 100.00 0.00038972
281 100.00 0.00034636
301 100.00 0.00031111
321 100.00 0.00028191
341 100.00 0.00025737
361 100.00 0.00023648
381 100.00 0.00021850
401 100.00 0.00020288
421 100.00 0.00018920
441 100.00 0.00017708
461 100.00 0.00016630
481 100.00 0.00015670
501 100.00 0.00014808
521 100.00 0.00014031
541 100.00 0.00013326
561 100.00 0.00012682
581 100.00 0.00012094
601 100.00 0.00011554
621 100.00 0.00011056
641 100.00 0.00010596
661 100.00 0.00010171
681 100.00 0.00009777
701 100.00 0.00009409
721 100.00 0.00009067
741 100.00 0.00008748
761 100.00 0.00008448
781 100.00 0.00008167
801 100.00 0.00007902
821 100.00 0.00007654
841 100.00 0.00007419
861 100.00 0.00007199
881 100.00 0.00006988
901 100.00 0.00006789
921 100.00 0.00006601
941 100.00 0.00006422
961 100.00 0.00006251
981 100.00 0.00006090
1001 100.00 0.00005935
1021 100.00 0.00005787
1041 100.00 0.00005647
1061 100.00 0.00005513
1081 100.00 0.00005384
1101 100.00 0.00005260
1121 100.00 0.00005142
1141 100.00 0.00005028
1161 100.00 0.00004919
1181 100.00 0.00004815
1201 100.00 0.00004714
1221 100.00 0.00004617
1241 100.00 0.00004523
1261 100.00 0.00004433
1281 100.00 0.00004348
1301 100.00 0.00004263
1321 100.00 0.00004183
1341 100.00 0.00004105
1361 100.00 0.00004030
1381 100.00 0.00003957
1401 100.00 0.00003888
1421 100.00 0.00003819
1441 100.00 0.00003755
1461 100.00 0.00003691
1481 100.00 0.00003629
1501 100.00 0.00003570
1521 100.00 0.00003511
1541 100.00 0.00003455
1561 100.00 0.00003400
1581 100.00 0.00003348
1601 100.00 0.00003297
1621 100.00 0.00003246
1641 100.00 0.00003198
1661 100.00 0.00003151
1681 100.00 0.00003104
1701 100.00 0.00003059
1721 100.00 0.00003016
1741 100.00 0.00002974
1761 100.00 0.00002932
1781 100.00 0.00002892
1801 100.00 0.00002853
1821 100.00 0.00002814
1841 100.00 0.00002776
1861 100.00 0.00002741
1881 100.00 0.00002705
1901 100.00 0.00002669
1921 100.00 0.00002635
1941 100.00 0.00002602
1961 100.00 0.00002569
1981 100.00 0.00002538
2001 100.00 0.00002507
2021 100.00 0.00002477
2041 100.00 0.00002447
2061 100.00 0.00002417
2081 100.00 0.00002390
2101 100.00 0.00002362
2121 100.00 0.00002335
2141 100.00 0.00002309
2161 100.00 0.00002282
2181 100.00 0.00002257
2201 100.00 0.00002232
2221 100.00 0.00002208
2241 100.00 0.00002184
2261 100.00 0.00002160
2281 100.00 0.00002137
2301 100.00 0.00002115
2321 100.00 0.00002092
2341 100.00 0.00002070
2361 100.00 0.00002050
2381 100.00 0.00002028
2401 100.00 0.00002008
2421 100.00 0.00001988
2441 100.00 0.00001968
2461 100.00 0.00001950
2481 100.00 0.00001930
2501 100.00 0.00001912
2521 100.00 0.00001893
2541 100.00 0.00001876
2561 100.00 0.00001858
2581 100.00 0.00001841
2601 100.00 0.00001823
2621 100.00 0.00001806
2641 100.00 0.00001790
2661 100.00 0.00001774
2681 100.00 0.00001757
2701 100.00 0.00001742
2721 100.00 0.00001726
2741 100.00 0.00001712
2761 100.00 0.00001697
2781 100.00 0.00001682
2801 100.00 0.00001667
2821 100.00 0.00001654
2841 100.00 0.00001640
2861 100.00 0.00001626
2881 100.00 0.00001613
2901 100.00 0.00001599
2921 100.00 0.00001586
2941 100.00 0.00001573
2961 100.00 0.00001560
2981 100.00 0.00001548
3001 100.00 0.00001535
3021 100.00 0.00001523
3041 100.00 0.00001510
3061 100.00 0.00001498
3081 100.00 0.00001487
3101 100.00 0.00001475
3121 100.00 0.00001464
3141 100.00 0.00001452
3161 100.00 0.00001442
3181 100.00 0.00001432
3201 100.00 0.00001420
3221 100.00 0.00001409
3241 100.00 0.00001399
3261 100.00 0.00001389
3281 100.00 0.00001380
3301 100.00 0.00001369
3321 100.00 0.00001359
3341 100.00 0.00001349
3361 100.00 0.00001339
3381 100.00 0.00001331
3401 100.00 0.00001321
3421 100.00 0.00001312
3441 100.00 0.00001303
3461 100.00 0.00001293
3481 100.00 0.00001285
3501 100.00 0.00001276
3521 100.00 0.00001268
3541 100.00 0.00001258
3561 100.00 0.00001250
3581 100.00 0.00001242
3601 100.00 0.00001234
3621 100.00 0.00001226
3641 100.00 0.00001218
3661 100.00 0.00001209
3681 100.00 0.00001202
3701 100.00 0.00001193
3721 100.00 0.00001186
3741 100.00 0.00001178
3761 100.00 0.00001172
3781 100.00 0.00001164
3801 100.00 0.00001157
3821 100.00 0.00001150
3841 100.00 0.00001142
3861 100.00 0.00001136
3881 100.00 0.00001129
3901 100.00 0.00001122
3921 100.00 0.00001116
3941 100.00 0.00001108
3961 100.00 0.00001102
3981 100.00 0.00001095
4001 100.00 0.00001089
4021 100.00 0.00001082
4041 100.00 0.00001076
4061 100.00 0.00001069
4081 100.00 0.00001063
4101 100.00 0.00001057
4121 100.00 0.00001051
4141 100.00 0.00001045
4161 100.00 0.00001039
4181 100.00 0.00001032
4201 100.00 0.00001027
4221 100.00 0.00001021
4241 100.00 0.00001015
4261 100.00 0.00001009
4281 100.00 0.00001003
4301 100.00 0.00000998
4321 100.00 0.00000994
4341 100.00 0.00000987
4361 100.00 0.00000983
4381 100.00 0.00000977
4401 100.00 0.00000972
4421 100.00 0.00000966
4441 100.00 0.00000962
4461 100.00 0.00000957
4481 100.00 0.00000952
4501 100.00 0.00000947
4521 100.00 0.00000941
4541 100.00 0.00000936
4561 100.00 0.00000931
4581 100.00 0.00000926
4601 100.00 0.00000922
4621 100.00 0.00000917
4641 100.00 0.00000913
4661 100.00 0.00000908
4681 100.00 0.00000904
4701 100.00 0.00000899
4721 100.00 0.00000895
4741 100.00 0.00000890
4761 100.00 0.00000885
4781 100.00 0.00000881
4801 100.00 0.00000876
4821 100.00 0.00000874
4841 100.00 0.00000868
4861 100.00 0.00000865
4881 100.00 0.00000860
4901 100.00 0.00000857
4921 100.00 0.00000851
4941 100.00 0.00000848
4961 100.00 0.00000844
4981 100.00 0.00000839
5001 100.00 0.00000836
5021 100.00 0.00000831
5041 100.00 0.00000827
5061 100.00 0.00000823
5081 100.00 0.00000820
5101 100.00 0.00000816
5121 100.00 0.00000812
5141 100.00 0.00000809
5161 100.00 0.00000805
5181 100.00 0.00000801
5201 100.00 0.00000798
5221 100.00 0.00000795
5241 100.00 0.00000792
5261 100.00 0.00000787
5281 100.00 0.00000783
5301 100.00 0.00000779
5321 100.00 0.00000777
5341 100.00 0.00000773
5361 100.00 0.00000770
5381 100.00 0.00000766
5401 100.00 0.00000763
5421 100.00 0.00000759
5441 100.00 0.00000756
5461 100.00 0.00000753
5481 100.00 0.00000750
5501 100.00 0.00000746
5521 100.00 0.00000743
5541 100.00 0.00000740
5561 100.00 0.00000737
5581 100.00 0.00000734
5601 100.00 0.00000731
5621 100.00 0.00000728
5641 100.00 0.00000725
5661 100.00 0.00000721
5681 100.00 0.00000719
5701 100.00 0.00000715
5721 100.00 0.00000712
5741 100.00 0.00000709
5761 100.00 0.00000706
5781 100.00 0.00000704
5801 100.00 0.00000701
5821 100.00 0.00000698
5841 100.00 0.00000696
5861 100.00 0.00000693
5881 100.00 0.00000689
5901 100.00 0.00000687
5921 100.00 0.00000685
5941 100.00 0.00000682
5961 100.00 0.00000679
5981 100.00 0.00000676
6000 100.00 0.00000674
