1 10.60 2.29972848
41 100.00 0.00148196
81 100.00 0.00032682
121 100.00 0.00017277
161 100.00 0.00011463
201 100.00 0.00008466
241 100.00 0.00006658
281 100.00 0.00005457
321 100.00 0.00004607
361 100.00 0.00003973
401 100.00 0.00003484
441 100.00 0.00003096
481 100.00 0.00002782
521 100.00 0.00002521
561 100.00 0.00002303
601 100.00 0.00002117
641 100.00 0.00001957
681 100.00 0.00001819
721 100.00 0.00001698
761 100.00 0.00001592
801 100.00 0.00001497
841 100.00 0.00001412
881 100.00 0.00001335
921 100.00 0.00001266
961 100.00 0.00001203
1001 100.00 0.00001146
1041 100.00 0.00001094
1081 100.00 0.00001046
1121 100.00 0.00001002
1161 100.00 0.00000961
1200 100.00 0.00000924
