1 10.00 2.29281735
2 12.00 2.28355191
3 21.00 2.27379529
4 35.00 2.26285834
5 37.00 2.24994254
6 46.00 2.23427479
7 64.00 2.21474323
8 72.00 2.18954945
9 73.00 2.15564163
10 74.00 2.10935547
11 74.00 2.04499555
12 80.00 1.95038433
13 79.00 1.81916049
14 77.00 1.64101340
15 81.00 1.44302061
16 66.00 1.26944228
17 82.00 1.04867927
18 87.00 0.89192592
19 87.00 0.74609553
20 80.00 0.65723718
21 87.00 0.50766079
22 87.00 0.49874535
23 91.00 0.36714993
24 90.00 0.33202013
25 92.00 0.30296919
26 94.00 0.28951117
27 95.00 0.19708624
28 100.00 0.15672489
29 100.00 0.11448848
30 100.00 0.10013989
31 100.00 0.09070808
32 100.00 0.07633319
33 100.00 0.06638233
34 100.00 0.05504997
35 100.00 0.04661830
36 100.00 0.04381067
37 100.00 0.03741304
38 100.00 0.03507992
39 100.00 0.03174432
40 100.00 0.02891005
41 100.00 0.02590740
42 100.00 0.02410028
43 100.00 0.02156113
44 100.00 0.01992997
45 100.00 0.01871613
46 100.00 0.01866675
47 100.00 0.01657191
48 100.00 0.01585228
49 100.00 0.01455970
50 100.00 0.01406683
1001 100.00 0.00012909
2001 100.00 0.00005540
3001 100.00 0.00003410
4001 100.00 0.00002424
5001 100.00 0.00001864
6001 100.00 0.00001506
7001 100.00 0.00001258
8001 100.00 0.00001077
9001 100.00 0.00000939
10001 100.00 0.00000830
11001 100.00 0.00000744
12001 100.00 0.00000674
13001 100.00 0.00000615
14001 100.00 0.00000564
15001 100.00 0.00000520
16001 100.00 0.00000484
17001 100.00 0.00000451
18001 100.00 0.00000423
19001 100.00 0.00000397
20001 100.00 0.00000374
21001 100.00 0.00000354
22001 100.00 0.00000336
23001 100.00 0.00000319
24000 100.00 0.00000304
