1 10.00 2.30262799
41 10.00 2.29868550
81 23.60 2.29414344
121 39.60 2.28699756
161 45.20 2.27254195
201 51.60 2.23514314
241 39.60 2.07921758
281 46.00 1.39554510
321 63.60 0.96991955
361 71.20 0.77431614
401 76.00 0.61611568
441 84.00 0.49384399
481 86.80 0.38046030
521 86.40 0.37682721
561 94.00 0.21498041
601 96.40 0.15230175
641 97.20 0.16000237
681 98.80 0.08606111
721 98.00 0.11666605
761 99.60 0.04410443
801 100.00 0.02319487
841 100.00 0.01679207
881 100.00 0.01274723
921 100.00 0.01010964
961 100.00 0.00831645
1001 100.00 0.00698156
1041 100.00 0.00595652
1081 100.00 0.00518099
1121 100.00 0.00455531
1161 100.00 0.00405259
1201 100.00 0.00363802
1241 100.00 0.00329172
1281 100.00 0.00299870
1321 100.00 0.00274827
1361 100.00 0.00253118
1401 100.00 0.00234237
1441 100.00 0.00217753
1481 100.00 0.00203148
1521 100.00 0.00190204
1561 100.00 0.00178642
1601 100.00 0.00168237
1641 100.00 0.00158859
1681 100.00 0.00150373
1721 100.00 0.00142638
1761 100.00 0.00135572
1801 100.00 0.00129107
1841 100.00 0.00123172
1881 100.00 0.00117704
1920 100.00 0.00112757
