1 36.90 29.71639786
2 28.80 19.97763100
3 18.80 12.86376362
4 10.10 8.04605503
5 20.40 4.89330950
6 21.40 3.22711730
7 10.00 2.95851936
8 10.00 2.42057948
9 10.00 2.37934208
10 10.00 2.37237663
101 10.00 2.36930308
201 10.00 2.36926904
301 10.00 2.36935239
401 10.00 2.36928353
501 10.00 2.36926336
601 10.00 2.36933722
701 10.00 2.36921101
801 10.00 2.36927810
901 10.00 2.36931372
1001 10.00 2.36932454
1101 10.00 2.36922369
1201 10.00 2.36935096
1301 10.00 2.36924644
1401 10.00 2.36936164
1501 10.00 2.36934376
1601 10.00 2.36932926
1701 10.00 2.36931067
1800 10.00 2.36925726
