41 100.00 0.00001039
42 100.00 0.00003208
43 100.00 0.00008964
44 100.00 0.00022881
45 100.00 0.00053732
46 100.00 0.00116793
47 100.00 0.00236114
48 100.00 0.00445593
49 100.00 0.00787220
50 100.00 0.01304470
51 100.00 0.02030203
52 100.00 0.02970796
53 100.00 0.04100216
54 100.00 0.05356614
55 100.00 0.06667514
56 100.00 0.07961689
57 100.00 0.09183364
58 100.00 0.10297868
59 100.00 0.11275327
60 100.00 0.12128320
61 100.00 0.12854139
62 100.00 0.13478936
63 100.00 0.13992604
64 100.00 0.14424640
65 100.00 0.14788977
66 100.00 0.15092178
91 100.00 0.16428693
116 100.00 0.16101205
141 100.00 0.15864761
166 100.00 0.15712869
191 100.00 0.15614976
216 100.00 0.15513731
241 100.00 0.15466274
266 100.00 0.15401042
291 100.00 0.15313870
316 100.00 0.15261328
341 100.00 0.15144522
366 100.00 0.15013215
391 100.00 0.14942269
416 100.00 0.14886376
441 100.00 0.14854130
466 100.00 0.14835592
491 100.00 0.14805025
516 100.00 0.14787406
541 100.00 0.14783939
566 100.00 0.14817601
591 100.00 0.14810794
616 100.00 0.14739213
641 100.00 0.14777600
666 100.00 0.14758036
691 100.00 0.14704182
716 100.00 0.14754942
741 100.00 0.14741678
766 100.00 0.14731305
791 100.00 0.14680965
816 100.00 0.14721238
841 100.00 0.14677021
866 100.00 0.14643095
891 100.00 0.14684073
916 100.00 0.14599097
941 100.00 0.14620594
966 100.00 0.14597229
991 100.00 0.14578760
1016 100.00 0.14576712
1040 100.00 0.14674444
