1 48.60 6.10699682
2 40.70 5.67658157
3 37.40 5.72001009
4 37.80 5.16656485
5 38.10 5.37183743
6 34.00 4.93609476
7 36.40 4.96767263
8 44.40 4.49760265
9 41.70 4.77184315
10 62.00 3.99697123
101 92.80 0.65790387
201 99.10 0.54590594
301 100.00 0.46548946
401 99.80 0.45147766
501 99.50 0.48653965
601 99.80 0.46992888
701 99.60 0.47259006
801 99.90 0.46787406
901 100.00 0.42218576
1001 99.90 0.43522357
1101 99.90 0.44080655
1201 99.50 0.48065963
1301 76.90 1.10016851
1401 100.00 0.41944234
1501 99.90 0.42153116
1601 99.50 0.46584704
1701 100.00 0.43638973
1800 100.00 0.44358689
